3 0.10186298076923077 0.36156421703296704 0.06653502747252746 0.060096153846153855
3 0.14264251373626374 0.44312328296703296 0.07082760989010989 0.07726648351648352
3 0.17912946428571427 0.5407795329670331 0.07512019230769229 0.06653502747252749
3 0.22849416208791207 0.6105339972527473 0.07082760989010992 0.072973901098901
3 0.3669299450549451 0.6759958791208791 0.07726648351648346 0.06653502747252749
3 0.1565934065934066 0.7876030219780219 0.07297390109890106 0.07941277472527475
3 0.19951923076923075 0.8605769230769231 0.07297390109890112 0.07082760989010983
3 0.22956730769230765 0.9442822802197802 0.07297390109890109 0.08799793956043955
3 0.43883070054945056 0.8208705357142857 0.06653502747252749 0.06868131868131866
3 0.4720982142857143 0.8884787087912088 0.06438873626373631 0.06224244505494503
3 0.5512641655219781 0.9641891311813187 0.08106541895604391 0.06771548763736268
