0 0.97861328125 0.15595703125 0.019335937499999956 0.018164062499999994
0 0.91826171875 0.2068359375 0.0185546875 0.017187499999999994
0 0.83837890625 0.30478515625 0.0146484375 0.013867187499999989
0 0.6349609375 0.3763671875 0.014062499999999978 0.008984374999999989
0 0.35224609375 0.44248046875 0.0185546875 0.010351562499999967
0 0.20615234375 0.5580078125000001 0.009570312500000011 0.019921874999999978
0 0.20986328125 0.581640625 0.009570312500000011 0.018359374999999956
0 0.217578125 0.6294921875 0.009765625 0.01953125
0 0.22607421875 0.6830078125 0.009179687499999978 0.017578125
0 0.3208984375 0.8119140625 0.015234374999999967 0.012499999999999956
0 0.34150390625000004 0.81787109375 0.01582031249999999 0.011523437499999956
0 0.36337890625 0.825390625 0.01582031249999999 0.012109374999999978
0 0.52685546875 0.84296875 0.01699218750000009 0.015234375000000022
0 0.50771484375 0.874609375 0.01582031249999999 0.012499999999999956
0 0.67529296875 0.9904296875 0.0166015625 0.015234375000000022
0 0.8322894756610577 0.9690317007211539 0.01338078425480771 0.015493539663461453
0 0.68955078125 0.9796875 0.013867187500000044 0.015234375000000022
