0 0.9072265625 0.0564453125 0.014843750000000044 0.017578125
0 0.84228515625 0.036328125 0.013476562499999956 0.014843749999999996
0 0.59423828125 0.015917968749999997 0.015820312500000044 0.0158203125
0 0.5666015625 0.0865234375 0.017187500000000022 0.016406249999999997
0 0.5321289062500001 0.0708984375 0.016992187499999978 0.016406249999999997
0 0.48056640625 0.1146484375 0.015429687500000011 0.015625
0 0.4966796875 0.10009765625 0.015234374999999967 0.0146484375
0 0.57744140625 0.030859375 0.013867187499999933 0.014843750000000003
0 0.56201171875 0.043554687499999994 0.0185546875 0.0171875
0 0.36298463054906543 0.2617917640186916 0.016884491822429903 0.016199985397196248
0 0.29133962470794394 0.2783340026285047 0.01597181658878505 0.015515478971962648
0 0.27057626314252337 0.34016774970794394 0.014146466121495338 0.01597181658878505
0 0.25849609375000004 0.3080078125 0.011523437500000011 0.01171875
0 0.12002226198402131 0.42573443741677763 0.01638440412782957 0.015084054593874852
0 0.06501747669773636 0.5180592543275633 0.01560419440745673 0.01612433422103865
0 0.5345703125 0.22685546875 0.016796875000000044 0.0185546875
0 0.54794921875 0.24169921875 0.013867187500000044 0.016210937500000022
0 0.932421875 0.3513671875 0.014453125000000067 0.015234375000000022
0 0.8423828125 0.58759765625 0.012890625000000044 0.015820312499999933
0 0.90234375 0.6571289062500001 0.013281249999999911 0.015039062499999978
0 0.86982421875 0.66259765625 0.016210937500000022 0.017382812499999956
0 0.8719726562500001 0.6221679687499999 0.016992187499999978 0.020898437499999978
0 0.8539062500000001 0.64345703125 0.014062499999999978 0.017382812499999956
0 0.901171875 0.6986328125 0.016796874999999933 0.01953125
1 0.9229492187499999 0.7240234375000001 0.024023437500000022 0.027734374999999978
0 0.9931640625 0.80009765625 0.009765625 0.016992187499999978
