0 0.5131356808158765 0.17548408213891953 0.014643054024255808 0.01335101984564499
0 0.5117359771223815 0.22630409316427783 0.01787313947078284 0.017657800441014337
0 0.5315471678610805 0.24805333517089306 0.015289071113561148 0.013781697905181939
0 0.09133822559366755 0.983127885883905 0.0152024241424802 0.015717760554089688
0 0.2461968172823219 0.9218028529023746 0.014687087730870685 0.01674843337730869
0 0.27490234375 0.84541015625 0.016210937500000022 0.016992187499999978
0 0.33359375 0.82861328125 0.01679687499999999 0.015820312500000044
0 0.36787109375 0.79912109375 0.016992187499999978 0.0166015625
0 0.38486328125 0.7852539062499999 0.015429687500000011 0.014257812500000022
0 0.44375 0.7359375 0.014062500000000033 0.013671875
0 0.5373046875 0.606640625 0.014843749999999933 0.017187500000000022
0 0.48779296875 0.6603515625 0.012304687500000022 0.015234375000000022
0 0.7088867187500001 0.507421875 0.016210937500000022 0.015234374999999967
0 0.7569335937499999 0.46455078125000004 0.015039062499999978 0.01582031249999999
0 0.71728515625 0.46025390625 0.011132812500000089 0.0107421875
0 0.89921875 0.34169921875 0.017187500000000022 0.016210937499999967
0 0.98408203125 0.266015625 0.016992187499999978 0.016015625000000033
0 0.9057005789022299 0.7624825793310464 0.017085656089193768 0.01809069468267588
0 0.8159171312178388 0.8750469018010292 0.01507557890222977 0.01474056603773588
0 0.8030191359348199 0.8492509112349914 0.01608061749571177 0.015410591766723769
0 0.7577923992281304 0.8881124035162951 0.01608061749571177 0.01541059176672388
0 0.778515625 0.9490234375 0.015625 0.018359375000000067
0 0.738671875 0.99052734375 0.014843750000000044 0.015039062499999978
0 0.8436596820809248 0.8016618497109826 0.015128251445086782 0.01783778901734101
0 0.9860233020231213 0.6929416546242775 0.01716040462427737 0.017611994219653204
0 0.00595703125 0.5716796875 0.0115234375 0.012890625000000044
