0 0.57138671875 0.05 0.015820312500000044 0.013671875
0 0.6169921875 0.009765625 0.012890624999999933 0.01171875
0 0.43437499999999996 0.33603515625 0.012890624999999989 0.0185546875
0 0.40849609375 0.40947265624999996 0.0107421875 0.013476562500000011
0 0.41718750000000004 0.1828125 0.014453125000000011 0.014062500000000006
0 0.9197265625 0.22080078125 0.014453125000000067 0.0146484375
0 0.91455078125 0.25283203125 0.015820312500000044 0.015039062500000033
0 0.80712890625 0.25830078125 0.0126953125 0.015429687499999956
0 0.79833984375 0.269921875 0.015429687499999956 0.017187499999999967
0 0.5912109375000001 0.5326171875 0.017187500000000022 0.016406249999999956
0 0.62646484375 0.46669921875 0.01816406249999991 0.0146484375
0 0.64287109375 0.4517578125 0.0166015625 0.015625
0 0.4904296875 0.46611328125 0.009765625 0.014257812500000022
0 0.56533203125 0.7470703125 0.015820312500000044 0.01914062499999991
0 0.625390625 0.81884765625 0.01171875 0.019335937499999956
0 0.62529296875 0.9149414062500001 0.0126953125 0.018164062500000022
0 0.65146484375 0.97236328125 0.011523437499999956 0.017382812500000067
0 0.6587890625 0.990234375 0.010546874999999956 0.015625
0 0.9208984375 0.94072265625 0.01601562500000009 0.015820312499999933
0 0.9046875000000001 0.9193359375 0.017968749999999978 0.014843750000000044
0 0.8703125 0.9483398437499999 0.017968749999999978 0.016992187499999978
0 0.74423828125 0.94560546875 0.0205078125 0.0126953125
0 0.7518554687500001 0.9195312499999999 0.014257812500000022 0.019921874999999978
0 0.7603515625 0.9159179687500001 0.010937500000000044 0.016210937500000022
0 0.7681640625 0.9115234375 0.012499999999999956 0.017578125
0 0.77646484375 0.90791015625 0.009570312499999956 0.015820312499999933
0 0.78427734375 0.90400390625 0.009570312499999956 0.0166015625
0 0.79228515625 0.9024414062499999 0.010351562500000022 0.018164062500000022
0 0.79677734375 0.95439453125 0.0126953125 0.018164062500000022
0 0.787109375 0.9583984375 0.012499999999999956 0.017578125
0 0.77685546875 0.9625 0.012304687499999911 0.017578125
