0 0.74716796875 0.19921875 0.0146484375 0.02031250000000001
0 0.80224609375 0.19326171875 0.010351562499999911 0.0166015625
0 0.76806640625 0.24765625 0.011523437499999956 0.01679687499999999
0 0.78564453125 0.2876953125 0.011914062500000044 0.017968750000000033
0 0.80927734375 0.3427734375 0.010351562500000022 0.014453124999999956
0 0.8212890625 0.3703125 0.011328124999999911 0.017968749999999978
0 0.82880859375 0.3890625 0.009960937499999933 0.017968750000000033
0 0.9689251498957248 0.5828825599582899 0.01364539885297189 0.019551616266944793
0 0.9857273201251304 0.6264663712200209 0.014663712200208567 0.01995894160583933
0 0.11904296874999999 0.22314453125 0.014257812499999994 0.022070312500000022
0 0.28632812500000004 0.24296875 0.01640625000000001 0.014062500000000006
0 0.49365234375 0.443359375 0.018164062499999967 0.016015624999999978
0 0.47509765625 0.43154296875 0.014257812500000022 0.014257812499999967
0 0.67255859375 0.56513671875 0.019726562499999933 0.0166015625
0 0.69287109375 0.5779296875 0.01894531250000009 0.014843749999999933
0 0.75009765625 0.6156250000000001 0.013867187500000044 0.013281250000000022
0 0.8537109375 0.68603515625 0.019140625000000022 0.01699218750000009
0 0.92138671875 0.8829101562499999 0.013476562499999956 0.016210937500000022
0 0.8465820312500001 0.835546875 0.014257812500000022 0.018359374999999956
0 0.8990234375 0.9189453125 0.013671875 0.01796875000000009
0 0.84794921875 0.949609375 0.0166015625 0.01953125
0 0.88544921875 0.93818359375 0.011132812499999978 0.013867187499999933
0 0.82431640625 0.9841796875 0.013476562499999956 0.019140625000000022
0 0.33046875 0.39736328125 0.012890624999999989 0.01738281250000001
0 0.34365234375 0.39775390624999996 0.013085937500000033 0.01972656249999999
0 0.31484375 0.36005859375 0.01874999999999999 0.014257812500000022
0 0.3681640625 0.4638671875 0.01953125 0.016406249999999956
0 0.30029296875 0.5916015625 0.015429687499999956 0.01953125
0 0.30810546875 0.6009765625000001 0.013085937499999978 0.013281250000000022
0 0.31591796875 0.6089843749999999 0.013085937499999978 0.015234375000000022
0 0.3228515625 0.61611328125 0.014453125000000011 0.0166015625
0 0.35234375 0.65068359375 0.010156249999999978 0.0185546875
0 0.4675400017680339 0.6696207567185289 0.01906161598302686 0.015470297029702929
