0 0.02434165205410824 0.7928708980460921 0.017026239979959924 0.011546530561122315
0 0.04479271042084171 0.7687014654308617 0.015264904809619236 0.009393787575150303
0 0.08324852830661325 0.823205003757515 0.018983279058116226 0.00958949148296595
0 0.25801211798597196 0.7587205661322645 0.02172313376753507 0.012133642284569146
0 0.3268020415831664 0.7507945578657313 0.020744614228456915 0.010763714929859725
0 0.3761194263527054 0.7707563564629258 0.017221943887775537 0.009980899298597246
0 0.4678067071643287 0.749424630511022 0.020940318136272562 0.011155122745490909
0 0.4344391908817635 0.8287825651302605 0.020744614228456915 0.010959418837675372
0 0.45283535821643284 0.8150832915831663 0.016439128256513003 0.009785195390781598
1 0.5544056863727456 0.7713434681863727 0.03640092685370744 0.018983279058116254
1 0.5956013589679359 0.7747682865731462 0.03307396042084165 0.01565631262525058
0 0.6339593248997997 0.7939472695390781 0.018200463426853664 0.010568011022044077
0 0.543544119488978 0.9003123434368737 0.017417647795591185 0.011155122745490909
0 0.6867015280561122 0.9140116169839679 0.016830536072144242 0.011155122745490909
0 0.634742140531062 0.9045199774549098 0.015852016533066116 0.011742234468937851
0 0.7871954847194389 0.8474722883266532 0.020548910320641323 0.013503569639278568
0 0.857159631763527 0.8101906938877755 0.014873496993987989 0.009785195390781487
0 0.8070594313627255 0.9374960859218437 0.016830536072144242 0.01037230711422843
0 0.8939519664328657 0.9517824711923848 0.017613351703406832 0.010763714929859725
0 0.027578524616368304 0.4883861492966752 0.024226742327365727 0.010739689897698246
0 0.06441815856777496 0.491258391943734 0.01898177749360614 0.01048992966751916
0 0.2944473305626598 0.5042459239130435 0.018981777493606133 0.010989450127877276
0 0.37187300191815853 0.5096157688618926 0.019980818414322254 0.010240169437340185
0 0.42194992806905374 0.5119884910485935 0.016733935421994917 0.011488970588235392
1 0.8079543638107417 0.593285445971867 0.05195012787723785 0.014735853580562619
0 0.9247172714194374 0.5559462915601023 0.024226742327365658 0.01048992966751916
0 0.21552830116421567 0.6279344745710784 0.009813495710784298 0.018430223651960786
0 0.4482996323529412 0.6419366574754901 0.010531556372548989 0.01866957720588236
