0 0.4386697860962566 0.20610516934046344 0.01740753119429589 0.015318627450980393
0 0.9854057545300112 0.8389766775198187 0.015483437146092904 0.01725297281993199
0 0.9570931837485843 0.7766005450169875 0.014598669309173307 0.012829133635334111
0 0.847160780011325 0.6989621673272932 0.022561579841449575 0.02079204416761049
0 0.7904296875000001 0.55673828125 0.009375000000000022 0.0205078125
0 0.7703125 0.478125 0.010546875000000067 0.01874999999999999
0 0.7810546875 0.4337890625 0.012890624999999933 0.01953125
0 0.73935546875 0.39345703125 0.0185546875 0.011132812500000033
0 0.961328125 0.5728515625 0.010546874999999956 0.018750000000000044
0 0.980078125 0.55888671875 0.015625 0.015039062499999978
0 0.6004882812500001 0.70263671875 0.010351562500000022 0.015429687499999956
1 0.5857421875 0.70771484375 0.020312500000000067 0.0283203125
0 0.68369140625 0.79228515625 0.0166015625 0.015820312499999933
0 0.66533203125 0.77666015625 0.0146484375 0.014257812500000022
0 0.614453125 0.78876953125 0.018359375000000067 0.015820312499999933
0 0.62177734375 0.77939453125 0.016210937500000022 0.013867187500000044
0 0.5396484374999999 0.7173828124999999 0.015234375000000022 0.012109374999999978
0 0.53583984375 0.7263671875 0.016992187499999978 0.014062499999999978
0 0.52958984375 0.73466796875 0.015039062499999978 0.013085937499999978
0 0.5267578125000001 0.745703125 0.017187500000000022 0.012499999999999956
0 0.57763671875 0.7548828125 0.015039062500000089 0.012499999999999956
0 0.5720703125 0.7623046874999999 0.014062499999999978 0.011328125000000022
0 0.56181640625 0.77109375 0.017773437499999933 0.01171875
0 0.5582031249999999 0.78056640625 0.017187500000000022 0.011914062499999933
0 0.55205078125 0.79189453125 0.018945312499999978 0.0126953125
0 0.47509765625 0.83828125 0.018945312499999978 0.015625
1 0.4765625 0.85087890625 0.033984374999999956 0.023632812499999933
1 0.4677734375 0.863671875 0.03359374999999998 0.02734375
0 0.45869140625000004 0.87021484375 0.01738281250000001 0.011523437499999956
0 0.45263671875 0.87724609375 0.016992187499999978 0.011132812499999978
0 0.5265625 0.91474609375 0.016015624999999978 0.012304687500000022
0 0.4810546875 0.906640625 0.015234374999999967 0.010546874999999956
0 0.5197265625 0.94775390625 0.018749999999999933 0.009960937500000044
0 0.42470703125 0.92412109375 0.013085937500000033 0.015039062499999978
0 0.46923828125 0.99443359375 0.0146484375 0.007226562499999978
1 0.483203125 0.94296875 0.017968749999999978 0.041015625
0 0.451953125 0.940234375 0.009375000000000022 0.014843749999999933
0 0.41005859375 0.97861328125 0.0146484375 0.013476562499999956
1 0.5510384516460907 0.8357687114197532 0.04279996141975306 0.026724858539094565
0 0.7490636252572017 0.9376446759259259 0.018486368312757184 0.012257265946502116
0 0.7297735018004116 0.9753206983024691 0.01728073559670773 0.01366383744855959
0 0.7085744598765433 0.9741150655864198 0.013061021090534974 0.015673225308642014
0 0.7618232381687243 0.911522633744856 0.015472286522633771 0.010649755658436177
0 0.7578044624485597 0.9230766139403292 0.017079796810699488 0.013261959876543217
0 0.74267578125 0.8739257812500001 0.015429687499999956 0.013085937499999978
0 0.74462890625 0.8630859375 0.013476562499999956 0.012109374999999978
0 0.7494140625000001 0.8556640625 0.011328125000000022 0.008984374999999933
0 0.38642578125 0.61396484375 0.008398437500000022 0.017773437499999933
0 0.38056640625000004 0.6591796875 0.011914062499999989 0.01796875000000009
0 0.3439453125 0.7048828125 0.014062499999999978 0.016796874999999933
0 0.37158203125 0.75576171875 0.017382812499999956 0.0126953125
0 0.15205078125 0.95234375 0.019335937499999983 0.012890624999999933
0 0.24423828125 0.97548828125 0.012304687499999967 0.019726562500000044
0 0.2630859375 0.930859375 0.01171875 0.017187500000000022
0 0.140625 0.65029296875 0.015625 0.009960937500000044
0 0.19326171874999998 0.41904296875 0.016992187500000006 0.0126953125
0 0.13408203125 0.66669921875 0.017382812499999983 0.013867187499999933
0 0.12880859375 0.6744140625 0.0146484375 0.01171875
0 0.12255859375 0.682421875 0.01738281250000001 0.016015624999999978
0 0.11835937499999999 0.69072265625 0.013671874999999986 0.011914062499999933
0 0.11015625 0.6978515625 0.015625 0.014843750000000044
0 0.0744140625 0.71142578125 0.014062500000000006 0.017773437500000044
0 0.04853515625 0.6953125 0.0107421875 0.012890625000000044
0 0.013574218749999999 0.68154296875 0.0123046875 0.015820312500000044
0 0.00546875 0.67685546875 0.009765625 0.017773437500000044
0 0.07148437499999999 0.6609375 0.012499999999999997 0.013671875
0 0.07998046875 0.6673828125 0.01621093750000001 0.01953125
0 0.08505859375 0.64990234375 0.015820312500000003 0.013867187500000044
0 0.0638671875 0.63642578125 0.01601562499999999 0.015039062499999978
0 0.0458984375 0.65009765625 0.014453124999999997 0.016992187499999978
0 0.015820312500000003 0.6260742187499999 0.014453125 0.015039062499999978
0 0.022753906249999997 0.61748046875 0.0177734375 0.015820312499999933
0 0.028124999999999997 0.6076171875 0.016796875 0.014062499999999978
0 0.091796875 0.61435546875 0.017187499999999994 0.017773437500000044
0 0.10263671875 0.619140625 0.015429687499999997 0.016796875000000044
0 0.1103515625 0.62529296875 0.015234374999999994 0.017773437499999933
0 0.11826171875 0.63115234375 0.01777343749999999 0.018164062500000022
0 0.12490234375 0.63740234375 0.015429687500000011 0.0166015625
0 0.08994140625 0.595703125 0.0166015625 0.013671875
0 0.11308593750000001 0.57666015625 0.014453124999999997 0.0126953125
0 0.11757812499999999 0.5677734375 0.015234374999999994 0.012890625000000044
0 0.04521484375 0.583984375 0.015429687500000004 0.013281249999999911
0 0.05439453125 0.5787109375 0.019726562499999996 0.016406249999999956
0 0.05615234375 0.5681640625 0.0166015625 0.012890624999999933
0 0.0625 0.5596679687499999 0.017578125 0.014257812500000022
