0 0.3174649532710281 0.3818737483311082 0.01329898197596796 0.016428154205607448
0 0.33584884012016025 0.3599695427236316 0.016688918558077415 0.01694968291054738
0 0.3563188417890521 0.3381957192923899 0.015385096795727637 0.016688918558077415
0 0.37209508511348466 0.32020297897196265 0.016167389853137537 0.01616738985313748
0 0.3890447680240321 0.29738609813084116 0.017210447263017403 0.01955732643524699
0 0.311206608811749 0.28317444092122834 0.01486356809078776 0.017210447263017348
0 0.4395026702269693 0.23962679405874499 0.013298981975967905 0.015645861148197604
0 0.4916555407209613 0.18030290387182912 0.014863568090787704 0.016428154205607476
0 0.1875 0.51103515625 0.014843749999999989 0.016992187499999978
0 0.17050781250000002 0.533984375 0.015234374999999994 0.018359375000000067
0 0.12158203125 0.6201171875 0.013867187499999989 0.013281249999999911
0 0.1283203125 0.99072265625 0.016796875000000003 0.0146484375
0 0.116015625 0.96396484375 0.015625 0.0146484375
0 0.14970703125 0.9039062499999999 0.013867187500000017 0.016015624999999978
0 0.889484155957944 0.11234119450934582 0.014374634929906538 0.015287310163551407
0 0.936829183703271 0.021301839953271055 0.016884491822429903 0.017112660630841124
0 0.9095630110981309 0.055983498831775724 0.017568998247663448 0.02076336156542055
0 0.8923362660630841 0.07629052278037385 0.015971816588784993 0.01665632301401869
0 0.5290867426387316 0.5896933394677236 0.013713901472253709 0.019464892412230927
0 0.5395933607021517 0.5867072480181199 0.01039602208380519 0.017916548697621715
0 0.5485516350509625 0.580182085220838 0.010617214043035061 0.020349660249150636
0 0.32041015625 0.55751953125 0.018945312500000033 0.011523437499999956
