0 0.5467485841423949 0.3120891484627832 0.010113268608414328 0.020542576860841377
0 0.5372673948220065 0.31003489077669905 0.009481189320388328 0.019594457928802544
0 0.560496308656958 0.3002376618122977 0.016750101132686046 0.016434061488673157
0 0.4103825266768293 0.27208579458841464 0.01697075076219512 0.014886623475609762
0 0.4208031631097561 0.27833817644817077 0.013397961128048752 0.014886623475609762
0 0.4411978372713415 0.2914384051067073 0.010122903963414642 0.020245807926829285
0 0.449534346417683 0.2895031440548781 0.008336509146341486 0.015184355945121963
0 0.46010384908536583 0.2923316025152439 0.00982517149390244 0.01726848323170732
0 0.47646484375 0.29794921875 0.0087890625 0.015039062500000033
0 0.48603515625 0.29970703125 0.008398437500000022 0.018164062499999967
0 0.49550781250000003 0.300390625 0.009375000000000022 0.014062500000000033
0 0.5886656746031746 0.4476066468253968 0.011780753968253954 0.019221230158730118
0 0.5764198908730159 0.4837239583333333 0.011470734126984183 0.01767113095238093
0 0.5711495535714286 0.5035652281746033 0.009610615079365115 0.015811011904761973
0 0.5660342261904763 0.523406498015873 0.010540674603174538 0.01519097222222221
0 0.574404761904762 0.5451078869047619 0.013640873015873023 0.020771329365079416
0 0.6009114583333334 0.5959511408730159 0.01953125 0.014570932539682557
0 0.6184275793650794 0.5826202876984128 0.018601190476190466 0.013330853174603141
0 0.6531498015873016 0.5936259920634921 0.01922123015873023 0.01302083333333326
0 0.5244915674603174 0.5908358134920635 0.011780753968253954 0.020461309523809534
0 0.5204613095238095 0.6116071428571429 0.010540674603174649 0.01922123015873023
0 0.5505859375 0.616796875 0.012109374999999978 0.016406249999999956
0 0.5458007812500001 0.63505859375 0.013085937499999978 0.015429687500000067
0 0.5416015624999999 0.65673828125 0.013281250000000022 0.019726562500000044
0 0.51552734375 0.65947265625 0.011914062500000044 0.0185546875
0 0.49169921875 0.7423828125 0.011523437499999956 0.019921874999999978
0 0.47539062499999996 0.80263671875 0.014453125000000011 0.021679687500000044
0 0.45732421875 0.8673828125 0.011132812499999978 0.01953125
0 0.4603515625 0.940625 0.01171875 0.016796874999999933
0 0.442578125 0.9156249999999999 0.011328125000000022 0.019140625000000022
0 0.7544028072033899 0.642677436440678 0.017876059322033844 0.013572563559322015
0 0.65517578125 0.21103515625 0.0126953125 0.01738281250000001
0 0.6513671875 0.23564453125 0.014453124999999956 0.017382812499999983
0 0.6829455513100436 0.2759023608078603 0.008528930131004309 0.015352074235807867
0 0.6848645605895196 0.2583114424126638 0.00938182314410474 0.017697530021834107
0 0.725390625 0.12031249999999999 0.012109374999999978 0.018359374999999997
