0 0.015164174476295495 0.4602699490077178 0.01701178335170893 0.009690256339581038
0 0.04003583241455349 0.4565015159867696 0.019380512679162076 0.009044239250275643
0 0.06706088065049615 0.45413278665931645 0.019595851708930537 0.009044239250275643
0 0.1703159454244763 0.4420738009922822 0.019811190738698997 0.010766951488423382
0 0.0691066014332966 0.48180385198456455 0.018088478500551265 0.008828900220507141
0 0.09214787761852261 0.4792197836273429 0.017227122381477403 0.008828900220507196
0 0.09408592888643882 0.4514410487872106 0.01808847850055126 0.010982290518191828
0 0.20660057194046305 0.4646843991179713 0.02088788588754134 0.009905595369349485
0 0.23114922133406834 0.46210033076074974 0.02088788588754134 0.009474917309812536
0 0.2542981670341786 0.4584395672546858 0.015935088202866626 0.009474917309812592
0 0.30651788175303196 0.4530560915104741 0.017011783351708887 0.009474917309812536
0 0.3436638643880926 0.42032455898566706 0.01808847850055123 0.009474917309812536
0 0.3994366730981257 0.4313068495038589 0.013781697905181911 0.01981119073869897
0 0.4089115904079383 0.5242256408489525 0.010336273428886433 0.020887885887541313
0 0.41138798925027564 0.5509276805402425 0.01055161245865488 0.01916517364939363
0 0.44745727673649394 0.5960412072767365 0.010766951488423382 0.020241868798235974
0 0.37779510060639476 0.8786736838478499 0.013997036934950413 0.018734495589856626
0 0.3236373346196252 0.9306780595369349 0.01550441014332965 0.020672546857772867
0 0.23717871416758546 0.9659936604189636 0.020457207828004392 0.013781697905182022
0 0.3784411176957001 0.8159023566703417 0.014427714994487306 0.01851915656008818
0 0.43529062155457554 0.7609909040793825 0.013135680815876516 0.01851915656008818
0 0.4256003652149945 0.6595662210584343 0.01055161245865488 0.021533902976846764
0 0.5059218233186329 0.4010517158213892 0.01701178335170883 0.010982290518191884
0 0.5543731050165379 0.422154940738699 0.018734495589856626 0.010120934399117987
1 0.6144526943219404 0.39189980705622934 0.030793481256890853 0.012058985667034228
0 0.8895483048511577 0.38328624586549065 0.018088478500551175 0.00990559536934954
0 0.9466131477398014 0.34850899255788315 0.01981119073869897 0.009690256339581038
0 0.9479051819184123 0.3762877273980154 0.016365766262403603 0.009690256339581038
0 0.7614215821389194 0.3046875 0.010336273428886433 0.020672546857772867
0 0.7340735253583242 0.06296943908489527 0.01248966372657112 0.02002652976846747
0 0.7476398842337375 0.16407111356119075 0.007752205071664853 0.014212375964718832
0 0.07998046875 0.858984375 0.017773437500000003 0.014843750000000044
0 0.22666015625 0.93125 0.0205078125 0.014843750000000044
