0 0.7370882717750826 0.20961531835722158 0.017657800441014393 0.013997036934950385
0 0.7993212513781698 0.3589529355016538 0.016796444321940496 0.013781697905181911
0 0.8143949834619624 0.3470016193495039 0.014643054024255808 0.013566358875413409
0 0.7646516675854464 0.38823904355016536 0.01636576626240349 0.014643054024255753
0 0.6234375 0.49345703124999996 0.018359374999999956 0.013867187499999989
0 0.56103515625 0.48154296875 0.0146484375 0.011523437500000011
0 0.51630859375 0.50556640625 0.0205078125 0.013476562500000011
0 0.536328125 0.4970703125 0.01953125 0.013281249999999967
0 0.96357421875 0.2271484375 0.0185546875 0.01640625000000001
0 0.98154296875 0.21298828125000002 0.015820312500000044 0.016210937499999994
0 0.6015625 0.1140625 0.017578125 0.015234374999999994
0 0.580859375 0.13232421875 0.016015624999999978 0.011914062499999989
0 0.44501953125 0.06904296875 0.016992187499999978 0.0126953125
0 0.4708984375 0.0484375 0.017578125 0.014843750000000003
0 0.493359375 0.0576171875 0.017187500000000022 0.012890624999999996
0 0.9388671875 0.199609375 0.016406249999999956 0.015625
0 0.73359375 0.41376953125000004 0.025000000000000022 0.01972656249999999
0 0.15971816588785048 0.16884491822429906 0.017036604361370694 0.018861954828660432
0 0.21505916819852938 0.8997300091911764 0.01795151654411767 0.015079273897058876
0 0.2730425666360294 0.9259392233455881 0.018310546875 0.015079273897058765
0 0.29027602251838236 0.911578010110294 0.019028607536764663 0.017233455882353033
0 0.3145105698529411 0.983743106617647 0.019387637867647023 0.01220703125
