0 0.82099609375 0.25654296875 0.016210937500000022 0.015039062499999978
0 0.86474609375 0.291015625 0.0166015625 0.015625
0 0.9435546875 0.248828125 0.016796874999999933 0.016015625000000006
0 0.97705078125 0.21025390625 0.02011718749999991 0.018945312500000006
0 0.9861328125 0.36738281250000004 0.018359375000000067 0.01679687499999999
1 0.74326171875 0.49013671875 0.0205078125 0.025195312499999956
1 0.75029296875 0.50263671875 0.025976562500000022 0.02519531250000001
0 0.7662109375 0.559375 0.016406249999999956 0.015625
0 0.8927734375 0.9173828125000001 0.015625 0.016015624999999978
0 0.8708984375 0.976953125 0.016406250000000067 0.016796875000000044
0 0.88896484375 0.95732421875 0.0146484375 0.0146484375
0 0.94619140625 0.8564453125 0.015820312500000044 0.018359374999999956
0 0.9591796875 0.87275390625 0.015625 0.016210937500000022
0 0.93369140625 0.9072265625 0.015429687499999956 0.016406249999999956
0 0.70244140625 0.79169921875 0.009570312500000067 0.0166015625
0 0.678515625 0.7782226562500001 0.016015624999999978 0.009179687499999978
0 0.678125 0.74677734375 0.016406249999999956 0.0107421875
0 0.71923828125 0.55087890625 0.0146484375 0.015820312500000044
0 0.14599609375 0.33759765625000004 0.0146484375 0.01777343749999999
0 0.10634765625 0.334765625 0.01816406250000001 0.019921874999999978
0 0.020497081043956047 0.8072201236263736 0.0143801510989011 0.018028846153846145
0 0.0955099587912088 0.8304000686813187 0.015453296703296704 0.015024038461538436
0 0.08950034340659341 0.9158224587912088 0.015882554945054944 0.015882554945054972
0 0.12105082417582418 0.9336366758241759 0.015024038461538464 0.01717032967032961
0 0.08456387362637363 0.869891826923077 0.013736263736263743 0.01545329670329676
0 0.11686555631868133 0.9059495192307693 0.011804601648351648 0.01244848901098905
