0 0.21276806575433913 0.016151743991989334 0.014602803738317738 0.017731975967957274
0 0.23258615654205608 0.02488734979973299 0.01773197596795728 0.015385096795727637
0 0.14431742323097463 0.09203417056074767 0.018514269025367153 0.01616738985313751
0 0.25488150867823767 0.10872308911882511 0.015385096795727665 0.020861148197596796
0 0.2641386431909213 0.06087283044058746 0.019818090787716958 0.017471211615487307
0 0.0259765625 0.2302734375 0.017578125 0.017187499999999994
0 0.444921875 0.21845703125 0.017968750000000033 0.018164062499999994
0 0.46865234375 0.24599609375 0.013867187499999989 0.016992187500000033
0 0.32373046875 0.3994140625 0.017382812499999956 0.017187500000000022
0 0.30107421874999996 0.4572265625 0.013867187499999989 0.013671875
0 0.20458984375 0.50244140625 0.016992187499999978 0.0166015625
0 0.23593750000000002 0.47470703125 0.016015625000000006 0.01738281250000001
0 0.18955078125 0.55283203125 0.01738281250000001 0.015820312500000044
1 0.025683593749999997 0.694921875 0.022460937499999997 0.020312499999999956
1 0.6662109375 0.5716796875 0.03242187499999993 0.016406249999999956
0 0.74775390625 0.5438476562500001 0.019335937500000067 0.013085937499999978
0 0.6629882812500001 0.48037109375 0.018164062500000022 0.0205078125
0 0.42822265625 0.7326171875 0.015039062499999978 0.016015624999999978
0 0.48291015625 0.7248046875 0.019335937499999956 0.017187500000000022
0 0.53779296875 0.71484375 0.013085937499999978 0.012499999999999956
0 0.25087890625 0.9609375 0.016992187500000033 0.017578125
0 0.9765625 0.6192382812499999 0.01796875000000009 0.018945312499999978
0 0.36201171875000004 0.8328125 0.01972656249999999 0.01953125
0 0.33579523899848257 0.15974724962063735 0.016597116843702575 0.018375379362670724
