0 0.9922513872663551 0.020377430323765027 0.011590975467289821 0.017838889352469946
0 0.63916015625 0.32451171875 0.0185546875 0.016210937500000022
0 0.584375 0.3375 0.016796875000000044 0.014453125000000011
0 0.48743038366336633 0.4201622171145686 0.018509105374823198 0.015470297029702929
0 0.5219622966760962 0.4267923444130127 0.016851573550212162 0.015470297029702984
0 0.45648978960396036 0.4819052775813295 0.017404084158415822 0.017404084158415822
0 0.3244397542432814 0.5562179543847242 0.019614126591230574 0.016851573550212162
0 0.3419819660537482 0.5776277404526167 0.019337871287128716 0.017127828854313965
0 0.38231524045261667 0.5668537835926449 0.015470297029702929 0.013812765205091893
0 0.30634503182461104 0.573760166195191 0.019337871287128716 0.019337871287128716
0 0.28825030940594054 0.5897829738330975 0.017956594766619538 0.017127828854314076
0 0.3140801803394625 0.602766973125884 0.01657531824611036 0.01768033946251768
0 0.2850733734087694 0.6309450141442716 0.01768033946251768 0.01768033946251768
0 0.23838622701555873 0.633569439533239 0.018785360678925028 0.019061615983026914
0 0.22581661067892506 0.6788753094059405 0.019061615983026886 0.019061615983026803
0 0.05922059755067568 0.7865287162162162 0.018145586993243243 0.01715582770270263
0 0.04222972972972973 0.8000554265202703 0.0171558277027027 0.01715582770270263
0 0.06499419341216217 0.8163864548141893 0.01649598817567567 0.016825907939189144
0 0.10953336148648649 0.7800952808277027 0.018475506756756757 0.014846389358108114
0 0.11811127533783784 0.7344013935810811 0.016495988175675685 0.015836148648648574
0 0.010062552787162162 0.8295832453547298 0.017485747466216218 0.018805426520270285
0 0.8072265624999999 0.1107421875 0.015234375000000022 0.015234375000000008
0 0.08728934447983014 0.11548732749469215 0.015757696390658174 0.01824575371549894
0 0.62646484375 0.010644531249999999 0.0185546875 0.014648437499999998
0 0.6244140625 0.025390625 0.01953125 0.018750000000000003
0 0.6794921875 0.00771484375 0.015234375000000022 0.0154296875
