0 0.11485105140186916 0.8615497746995995 0.017471211615487314 0.01408127503337775
0 0.21185539052069424 0.8638966538718291 0.014342039385847799 0.011995160213618239
0 0.18916889185580776 0.8671562082777036 0.014342039385847799 0.011734395861148217
0 0.1823890186915888 0.9074443007343124 0.016428154205607476 0.012516688918558172
0 0.3698882603857567 0.9868323442136498 0.01651752596439171 0.013619714391691407
0 0.1388671875 0.87685546875 0.013281249999999994 0.0126953125
0 0.9517578124999999 0.8115234375 0.016015624999999978 0.01171875
0 0.91904296875 0.88388671875 0.015820312500000044 0.0205078125
0 0.42392578125 0.4361328125 0.016992187500000033 0.017578125
0 0.7219562861271676 0.017702312138728346 0.018740968208092457 0.009257586705202315
1 0.7937590317919074 0.10226246387283239 0.021450505780346796 0.021676300578034685
0 0.49284870198079234 0.8534616971788715 0.014537064825930424 0.015006002400960394
0 0.18671875 0.5560546875 0.014062500000000006 0.015625
0 0.16826171875 0.5390625 0.015039062500000006 0.015625
0 0.1330078125 0.08515625 0.01171875 0.014062500000000006
0 0.105078125 0.07119140625 0.01601562499999999 0.01894531249999999
