0 0.40642698220064727 0.11567050970873788 0.027179409385113318 0.02528317152103561
0 0.4713731290453075 0.16844913025889968 0.019278418284789656 0.018330299352750823
0 0.15869140625 0.1447265625 0.0185546875 0.017578125
0 0.16787109375 0.14882812499999998 0.01777343749999999 0.017968750000000006
0 0.205859375 0.18056640624999998 0.015625 0.016992187500000006
0 0.19609375 0.23076171875 0.016015625000000006 0.019335937499999983
0 0.29384765625 0.30556640625 0.012304687499999967 0.015039062500000033
0 0.28583984375 0.29892578125 0.013085937499999978 0.016992187500000033
0 0.27744140625 0.2927734375 0.0126953125 0.017578125
0 0.2201171875 0.24980468749999998 0.015625 0.01874999999999999
0 0.22841796874999998 0.25478515625 0.015039062500000006 0.018164062499999994
0 0.2390625 0.26103515624999996 0.013671875 0.01738281250000001
0 0.204296875 0.236328125 0.014062500000000006 0.01679687499999999
0 0.8913465366242038 0.9405893378450105 0.009537553078556193 0.014721005838641221
0 0.888547472133758 0.9619451632165605 0.008915538747346075 0.020526472929936368
0 0.9004694134819533 0.9421443736730362 0.009122876857749485 0.019489782377919318
0 0.8980850252123143 0.9629818537685775 0.007671510084925726 0.01637971072186839
0 0.91125099522293 0.9410040140658174 0.009122876857749485 0.01845309182590238
0 0.9084519307324841 0.9620488322717622 0.008500862526539255 0.019075106157112498
0 0.9200628649150743 0.9451507762738853 0.008915538747346075 0.01679438694267521
0 0.9171601313694268 0.964536889596603 0.009330214968152895 0.01824575371549897
0 0.9288747346072186 0.9488828622611465 0.009122876857749485 0.01803841560509556
0 0.927734375 0.9668176088110404 0.009330214968152895 0.01783107749469215
0 0.9378939424097665 0.9496085456475584 0.007671510084925726 0.01741640127388533
0 0.9373755971337581 0.9680616374734607 0.008708200636942665 0.01658704883227169
0 0.9453581143842887 0.9702386876326965 0.008086186305732435 0.01803841560509556
0 0.9467058121019108 0.9512672505307855 0.006634819532908676 0.019904458598726138
0 0.80517578125 0.9376953125 0.01816406249999991 0.010937499999999933
0 0.9572265625 0.952734375 0.010156249999999978 0.017578125
0 0.955859375 0.97333984375 0.008593750000000067 0.0224609375
0 0.9572265625 0.90380859375 0.01953125 0.011523437499999956
0 0.95576171875 0.8873046875 0.0146484375 0.008984375000000044
0 0.948046875 0.87880859375 0.018359375000000067 0.013867187500000044
0 0.90615234375 0.8775390624999999 0.017382812499999956 0.012109374999999978
0 0.52822265625 0.26904296875 0.021289062499999956 0.015820312500000044
0 0.7892282932194618 0.9058901074016563 0.014355266563147007 0.01152465062111796
0 0.8050999611801242 0.861914466873706 0.011322463768115854 0.018601190476190466
