1 0.6989732635060639 0.06619952453142228 0.011628307607497224 0.04069907662624035
0 0.65068359375 0.26162109375 0.018164062500000022 0.009960937499999989
0 0.689026642906815 0.5546983657858136 0.01711361265646738 0.010865785813629958
0 0.6030511126564673 0.5671940194714882 0.01955841446453399 0.010865785813630069
0 0.20244813413361168 0.5891995041753654 0.01916427453027139 0.008970511482254695
0 0.23447265625 0.5916015625 0.015429687500000011 0.009375000000000022
0 0.31513671875 0.60751953125 0.016210937500000022 0.0166015625
0 0.31259765625 0.6419921875 0.01582031249999999 0.018750000000000044
0 0.29208984375 0.68388671875 0.0107421875 0.020898437499999978
0 0.31044921875 0.7322265625 0.0107421875 0.020703124999999933
0 0.27519531249999996 0.723828125 0.010546875000000011 0.021484375
0 0.2833984375 0.7595703125 0.010156249999999978 0.01953125
0 0.3046875 0.77119140625 0.010156249999999978 0.0205078125
0 0.26943359375 0.77333984375 0.009179687500000033 0.021679687500000044
0 0.27783203125 0.8146484375 0.011132812499999978 0.017187500000000022
0 0.26201171874999996 0.85234375 0.009960937499999989 0.019140625000000022
0 0.29609375000000004 0.8552734375 0.008984374999999989 0.019921874999999978
0 0.2716796875 0.87314453125 0.009375000000000022 0.021289062499999956
0 0.28251953125 0.8771484375 0.010351562500000022 0.017968749999999978
0 0.25693359375 0.8958984375000001 0.009960937499999989 0.019921874999999978
0 0.24873046875000002 0.9509765625 0.009570312500000011 0.018359375000000067
0 0.260546875 0.96513671875 0.009375000000000022 0.023242187500000067
0 0.271875 0.9740234375000001 0.010156250000000033 0.016015624999999978
0 0.2461480034722222 0.9925110114454733 0.0077039930555555525 0.011071727109053464
0 0.5383641759776535 0.9088032472067038 0.018331005586592175 0.010693086592178824
0 0.6625349162011173 0.9049842877094971 0.018331005586592175 0.010474860335195513
0 0.6533694134078212 0.9202601256983239 0.018767458100558687 0.010911312849162025
0 0.8847983589385473 0.8579565293296089 0.019858589385474912 0.010693086592178824
0 0.859047660614525 0.9071665502793295 0.01942213687150829 0.010911312849162025
0 0.8672311452513966 0.9201510125698322 0.017894553072625774 0.010256634078212312
0 0.9573585893854748 0.9177505237430166 0.016585195530726238 0.009383729050279288
0 0.8968008030726256 0.8476998952513966 0.020295041899441313 0.010256634078212201
0 0.696254932356257 0.6037732525366403 0.020698280721533346 0.011450112739571638
0 0.8823192643742953 0.5257143108793687 0.021579058624577208 0.012991474069898534
0 0.9169998943066515 0.5303383948703495 0.022239642051860242 0.012110696166854562
0 0.8732912908680945 0.558192996054115 0.018496335963923305 0.011450112739571527
0 0.54404296875 0.48291015625 0.017382812499999956 0.0107421875
0 0.9659179687499999 0.02138671875 0.012304687500000022 0.0166015625
0 0.95458984375 0.0171875 0.013085937500000089 0.021875
0 0.94384765625 0.013085937499999999 0.011523437499999956 0.01953125
0 0.93232421875 0.01162109375 0.011132812499999978 0.0197265625
