0 0.19166475183823528 0.0756261488970588 0.012925091911764691 0.02039292279411764
0 0.2060259650735294 0.12632123161764705 0.00890395220588236 0.018382352941176475
0 0.26835363051470584 0.13924632352941177 0.01177619485294118 0.02068014705882354
0 0.25576152304609223 0.021503945390781584 0.008610971943887769 0.01917898296593186
0 0.2752340618737475 0.022091057114228478 0.009198083667334656 0.019961798597194394
0 0.24020306237474953 0.046358341683366756 0.009589491482965923 0.01917898296593186
0 0.24206224949899802 0.1199430110220441 0.010176603206412838 0.018787575150300606
0 0.244140625 0.1013671875 0.008984374999999989 0.015234374999999994
0 0.24853515625 0.08193359375 0.008398437500000022 0.013867187500000003
0 0.26015625 0.09462890625 0.008984374999999989 0.015820312500000003
0 0.22568359375 0.13935546875 0.0107421875 0.018945312500000006
0 0.23662109375 0.1515625 0.009960937500000017 0.016406249999999983
0 0.2328125 0.17431640625 0.010546875000000011 0.020117187500000022
0 0.219921875 0.1634765625 0.010937500000000017 0.01835937500000001
0 0.21552734375 0.19453125 0.013085937500000006 0.020703125000000017
0 0.22734375 0.20439453125 0.012499999999999983 0.0205078125
0 0.20556640625 0.241796875 0.013085937499999978 0.02031250000000001
0 0.22177734375000002 0.23134765625 0.011132812500000006 0.01777343749999999
0 0.2162109375 0.259765625 0.008984374999999989 0.014843750000000044
0 0.21298828125 0.27890625 0.0107421875 0.017968750000000033
0 0.2080078125 0.30224609375 0.01171875 0.019726562500000044
0 0.225390625 0.30205078125 0.010937500000000017 0.018945312499999978
0 0.201953125 0.32509765625 0.013281249999999994 0.02128906250000001
0 0.1818359375 0.3552734375 0.01171875 0.021874999999999978
0 0.19873046875 0.35498046875 0.009960937499999989 0.0185546875
0 0.17470703125 0.4669921875 0.009960937499999989 0.01953125
0 0.21474609375 0.3841796875 0.009570312500000011 0.015625
0 0.14521484375 0.78193359375 0.009960937500000017 0.016992187499999978
0 0.18935546875 0.76904296875 0.009960937499999989 0.019726562500000044
0 0.159375 0.66015625 0.010937500000000017 0.020312499999999956
0 0.19082031249999998 0.66689453125 0.010156250000000006 0.019335937499999956
0 0.12979830228365385 0.9487257737379808 0.009859525240384609 0.021831805889423017
0 0.1883685772235577 0.8936767578125 0.010563777043269218 0.019719050480769162
0 0.287109375 0.69765625 0.018750000000000044 0.012890625000000044
0 0.46416015625 0.7251953125 0.0166015625 0.013671875
0 0.57138671875 0.69560546875 0.0126953125 0.015039062499999978
0 0.5765625 0.6791015625 0.012890625000000044 0.018359374999999956
0 0.5619140625000001 0.78017578125 0.019140625000000022 0.0146484375
0 0.59453125 0.7578125 0.019921874999999978 0.015234374999999911
0 0.63955078125 0.783203125 0.017773437500000044 0.014843750000000044
0 0.71640625 0.24140625 0.017578125 0.016015625000000006
0 0.74560546875 0.2380859375 0.0126953125 0.020312499999999983
0 0.7267578125 0.83232421875 0.017187500000000022 0.013867187499999933
0 0.77158203125 0.87412109375 0.017773437500000044 0.019726562500000044
0 0.78857421875 0.89326171875 0.015039062500000089 0.018945312499999978
0 0.82880859375 0.9408203125000001 0.015429687500000067 0.017968749999999978
0 0.855078125 0.5955078125 0.014843750000000044 0.012890624999999933
0 0.9089959777227722 0.12332589285714288 0.018509105374823198 0.014641531117397466
0 0.3306640625 0.0166015625 0.01953125 0.008984375000000001
0 0.35283203125 0.01640625 0.020117187500000022 0.01015625
0 0.44599609375 0.02685546875 0.020117187500000022 0.011132812500000002
0 0.886328125 0.0078125 0.017578125 0.009375000000000001
1 0.23120595894607843 0.10075827205882354 0.012446384803921573 0.041647518382352935
