1 0.14125689338235292 0.47659122242647056 0.01608455882352941 0.04164751838235298
0 0.06739651177354712 0.4120310934368737 0.01272075400801604 0.012329346192384738
0 0.05506716558116234 0.42651318261523047 0.015069200901803602 0.011546530561122204
0 0.04733686122244492 0.433656375250501 0.013307865731462927 0.010568011022044077
0 0.03960655686372748 0.4398210483466934 0.014286385270541081 0.011546530561122204
0 0.03373543962925854 0.44843202029058116 0.013503569639278557 0.011155122745490964
0 0.02130824148296595 0.46262055360721444 0.014482089178356711 0.01330786573146292
0 0.014360752755511042 0.47044870991983967 0.013894977454909817 0.011350826653306612
0 0.008978895290581183 0.47700479083166336 0.017613351703406815 0.015460608717434876
0 0.027962174348697418 0.36173518912825653 0.0156563126252505 0.013503569639278568
0 0.020329721943887796 0.36966119739478964 0.0125250501002004 0.011350826653306612
0 0.012599417585170362 0.37533661072144286 0.014286385270541081 0.01291645791583168
0 0.1212890625 0.23701171875 0.009374999999999994 0.018945312500000006
0 0.11083984375 0.04775390625 0.010351562499999994 0.021289062499999997
0 0.16601772287862515 0.6980397422126745 0.009440453813104183 0.020349422663802352
0 0.17482881310418907 0.7580390708915145 0.009860029538131032 0.0178319683136412
0 0.13182230128893666 0.801360264500537 0.015314513963480159 0.015524301825993625
0 0.11273160580021484 0.8288424744897959 0.01615366541353383 0.01636345327604727
1 0.22308002148227715 0.9288063909774436 0.017412392588614378 0.03587372448979598
0 0.21248573442534913 0.9753792964554242 0.01006981740064447 0.0178319683136412
0 0.18349609375 0.82314453125 0.0107421875 0.021679687500000044
0 0.1990234375 0.89990234375 0.010156250000000006 0.019335937499999956
0 0.08134765625 0.88896484375 0.0146484375 0.015820312499999933
0 0.07880859375 0.9005859375 0.0146484375 0.013281250000000022
0 0.062109375 0.91767578125 0.016406249999999997 0.013867187499999933
0 0.32217180676855894 0.18624198280567683 0.00980826965065501 0.01855042303493451
0 0.3667354667030568 0.3555412459061136 0.018337199781659375 0.010874385917030549
0 0.39168258733624456 0.35543463427947597 0.020042985807860236 0.010234716157205226
0 0.7220422594850949 0.4481283875338754 0.017731622628726296 0.019848831300812997
0 0.2595703125 0.24609375 0.011328125000000022 0.019921874999999978
0 0.46171874999999996 0.81787109375 0.01679687499999999 0.015429687499999956
0 0.54736328125 0.85009765625 0.0146484375 0.014257812499999911
0 0.6058593750000001 0.84326171875 0.014062499999999978 0.013085937500000089
0 0.16017059363525094 0.6208403457772338 0.010518665850673209 0.020081089351285275
0 0.3662408200734394 0.37998680385556916 0.018646725826193367 0.010757726438188508
