0 0.2388331350200401 0.07688815130260523 0.012329346192384766 0.01917898296593186
0 0.2540001878757515 0.1311959857214429 0.013699273547094187 0.020157502505010014
0 0.3433390217935872 0.33560871743486975 0.014286385270541102 0.01996179859719438
0 0.36633423096192386 0.3441218374248497 0.012525050100200441 0.01859187124248496
0 0.3684869739478958 0.3903079596693387 0.01330786573146292 0.01859187124248496
0 0.39383063001002006 0.4385489729458918 0.015460608717434876 0.01996179859719438
0 0.4196635458416834 0.47494989979959923 0.01663483216432865 0.02035320641282562
0 0.4417780874248497 0.5045990418336673 0.015852016533066116 0.020157502505010028
0 0.4556730648797595 0.5332696643286574 0.013503569639278568 0.017613351703406832
0 0.48884487725450904 0.5730954095691383 0.01330786573146292 0.015069200901803637
0 0.5146777930861723 0.6166395290581163 0.011742234468937962 0.015264904809619173
0 0.563114510270541 0.6275989478957915 0.015069200901803637 0.016830536072144242
0 0.6484991277305825 0.7615623103762136 0.020384557038835016 0.02085861650485432
0 0.6296875 0.9943359375 0.017968749999999978 0.007421875000000022
0 0.3126203606442577 0.27432379201680673 0.010941876750700297 0.016412815126050417
0 0.7741555606617647 0.8225528492647058 0.013499540441176516 0.014361213235294157
0 0.91796875 0.990579044117647 0.015625 0.014935661764705954
0 0.23135588369963372 0.7537989354395604 0.016454899267399264 0.019674336080586108
0 0.18435356920199503 0.6971097646508728 0.016560162094763076 0.017777821072319178
0 0.1565453800154321 0.6274956597222223 0.01718026620370372 0.017481674382716084
0 0.8390249727074235 0.05340389601528385 0.022175218340611313 0.013433064956331876
0 0.8719679653384279 0.06246588427947599 0.017271083515283836 0.01023471615720524
