0 0.5395147119625137 0.03443701764057333 0.015719749173098152 0.01593508820286659
0 0.5908696338383838 0.02975720749158249 0.01644044612794615 0.016111637205387205
0 0.6086253156565656 0.04784169823232323 0.015125210437710424 0.01676925505050505
0 0.6275318287037037 0.06592618897306396 0.017426872895622947 0.01808449074074074
0 0.64091796875 0.078515625 0.013476562500000067 0.012890625000000003
0 0.67431640625 0.105859375 0.019335937499999956 0.01953125
0 0.6924804687499999 0.12255859375 0.016210937500000022 0.01816406250000001
0 0.72021484375 0.14736328124999998 0.0166015625 0.016210937499999994
0 0.73720703125 0.15947265625 0.015429687499999956 0.013867187500000017
0 0.75224609375 0.17451171875 0.0146484375 0.014257812499999994
0 0.79365234375 0.2109375 0.015820312499999933 0.016015624999999978
0 0.809375 0.2267578125 0.012500000000000067 0.014453124999999983
0 0.82529296875 0.2392578125 0.013867187500000044 0.014453125000000011
0 0.85859375 0.26650390625 0.020703124999999933 0.0185546875
0 0.936328125 0.33505859375 0.015625 0.0166015625
0 0.4974609375 0.0775390625 0.017968750000000033 0.017578125
0 0.52275390625 0.05263671875 0.015820312499999933 0.0146484375
0 0.4017857142857143 0.21830357142857143 0.011160714285714302 0.021874999999999978
0 0.40011160714285715 0.24988839285714287 0.010491071428571419 0.017187500000000022
0 0.39854910714285713 0.271875 0.00959821428571428 0.015625
0 0.38046875 0.18310546875 0.010546875000000011 0.015039062499999978
