0 0.1741920479603087 0.5522197147188533 0.018088478500551286 0.01313568081587646
0 0.18388230429988975 0.5720309054575523 0.019380512679162076 0.015719749173098152
0 0.20218612183020948 0.5765530250826901 0.018949834619625128 0.014427714994487362
0 0.19852535832414553 0.5389763643880925 0.01550441014332965 0.012058985667034228
0 0.2194132442116869 0.5276710653252481 0.01636576626240352 0.011412968577728777
0 0.43173828125 0.54521484375 0.011523437500000011 0.019726562499999933
0 0.47197265624999996 0.8912109374999999 0.011914062499999989 0.021093750000000022
0 0.34405012559101655 0.45532746010638303 0.02239398640661938 0.0205470596926714
0 0.8552734375 0.243359375 0.015625 0.012890625000000017
0 0.2796178504296456 0.2827646683673469 0.009650241675617621 0.014265574650912993
0 0.6395164695945945 0.31223606418918914 0.018475506756756688 0.012141047297297314
0 0.4716532939189189 0.5218010979729729 0.011085304054054057 0.0184755067567568
