1 0.38143382352941174 0.972158394607843 0.044424019607843146 0.015701593137254832
1 0.46147365196078427 0.9629672181372548 0.04365808823529416 0.014169730392156854
0 0.5235351562499999 0.96279296875 0.016992187499999978 0.0107421875
0 0.25419921875 0.85234375 0.0185546875 0.015234375000000022
0 0.31875 0.9572265625 0.01953125 0.009765625
0 0.33769531249999996 0.9572265625 0.01874999999999999 0.010156249999999978
0 0.29599609375 0.975 0.02128906250000001 0.012890625000000044
0 0.33623046875 0.7953125 0.0166015625 0.010546874999999956
0 0.4595703125 0.6957031250000001 0.017968750000000033 0.010156249999999978
0 0.4359375 0.69765625 0.01874999999999999 0.009765625
0 0.437109375 0.7113281250000001 0.017578125 0.010156249999999978
0 0.2136921965317919 0.7486000722543352 0.010160765895953744 0.014676661849710948
0 0.20906340317919075 0.7003928829479769 0.010386560693641633 0.016708815028901758
0 0.23965859826589597 0.6828937861271676 0.010160765895953744 0.016934609826589564
0 0.20703125 0.682442196531792 0.011741329479768803 0.018740968208092457
0 0.22294921875 0.53779296875 0.009960937500000017 0.017382812500000067
0 0.22509765625 0.557421875 0.009960937499999989 0.014843749999999933
0 0.5527556302902056 0.5632651904474002 0.00968296553808945 0.018893591293833167
0 0.595502380592503 0.6704863210399032 0.00968296553808945 0.01794891172914148
0 0.6143959718863362 0.7003618122732769 0.010155305320435293 0.020074440749697664
0 0.5871183494558646 0.8363956695888755 0.008502116082224953 0.016768062273276985
0 0.683203125 0.9683593749999999 0.020312499999999956 0.009375000000000022
0 0.77763671875 0.9708984375 0.020898437499999978 0.010546875000000067
0 0.23232421875 0.90166015625 0.009960937499999989 0.0185546875
0 0.03017578125 0.33828125 0.021289062499999997 0.010546875000000011
0 0.48916015625 0.0373046875 0.0107421875 0.018359375
0 0.49531250000000004 0.0826171875 0.008984374999999989 0.016796875000000003
0 0.53916015625 0.08310546875 0.009960937500000044 0.01894531249999999
0 0.50625 0.17138671875 0.010546874999999956 0.015429687500000011
0 0.510546875 0.21962890625 0.010937499999999933 0.0224609375
0 0.514453125 0.2451171875 0.010937499999999933 0.018750000000000017
0 0.52783203125 0.353515625 0.009570312499999956 0.022265624999999956
0 0.52431640625 0.33076171875000004 0.009570312499999956 0.02128906250000001
0 0.5941398212448561 0.5329539609053497 0.009645061728395077 0.0170797968106996
0 0.9371093749999999 0.3083984375 0.017968749999999978 0.01171875
0 0.9007079102862849 0.9921159807756326 0.01889667942743012 0.011861788448734978
