0 0.9417474376114081 0.6459934826203209 0.010444518716577478 0.019148284313725505
0 0.98095703125 0.6456054687499999 0.008398437499999911 0.014257812500000022
0 0.92998046875 0.69462890625 0.009570312500000067 0.018164062500000022
0 0.978515625 0.69365234375 0.009374999999999911 0.017382812500000067
0 0.9755859375 0.76630859375 0.010546874999999956 0.0166015625
0 0.25908203124999996 0.68134765625 0.01582031249999999 0.0126953125
0 0.44550781250000004 0.57685546875 0.012890624999999989 0.018164062500000022
0 0.4892578125 0.5663085937500001 0.01953125 0.010351562500000022
0 0.53173828125 0.48193359375 0.0166015625 0.011523437499999956
0 0.63369140625 0.44013671875000004 0.0166015625 0.011914062499999989
0 0.60224609375 0.46513671874999996 0.020898437499999978 0.013476562500000011
0 0.70595703125 0.43837890625 0.019335937499999956 0.015039062500000033
0 0.74873046875 0.39521484375000004 0.020117187500000022 0.015429687500000011
0 0.91513671875 0.19375 0.011523437499999956 0.02070312499999999
0 0.93369140625 0.10703125 0.009960937500000044 0.018750000000000003
0 0.9730468750000001 0.2580078125 0.010156249999999978 0.017187499999999994
0 0.03951564178302903 0.16528346535982819 0.018251544038668095 0.01594387755102042
0 0.40869140625 0.019921875 0.015820312500000044 0.009375
0 0.44609374999999996 0.02138671875 0.01679687499999999 0.009179687500000002
0 0.536328125 0.0234375 0.018359375000000067 0.01171875
0 0.5869140625 0.02451171875 0.01992187500000009 0.010351562499999998
0 0.56064453125 0.02490234375 0.0185546875 0.009570312499999997
0 0.72529296875 0.0279296875 0.019726562499999933 0.010546875
