0 0.5592574332524272 0.8572038076456311 0.018725348907767003 0.016829111043689338
0 0.5770346632281553 0.8715441064927184 0.018725348907767003 0.01848831917475735
0 0.6213592233009708 0.9105354975728155 0.015880992111650505 0.015880992111650505
0 0.6368846708131068 0.9226240139563107 0.01327366504854377 0.015880992111650505
0 0.6519360588592233 0.9355421344053398 0.013036635315533895 0.013747724514563076
0 0.6655652685072815 0.9476306507888349 0.014695843446601908 0.01327366504854366
0 0.6912829945388349 0.9693188713592233 0.015880992111650505 0.01635505157766992
0 0.476415541565534 0.8945359905946602 0.017066140776699046 0.01706614077669899
0 0.4419277154126213 0.934594015473301 0.016355051577669866 0.015169902912621436
0 0.4268763273665048 0.9514231265169903 0.014695843446601964 0.013747724514563076
0 0.052832031249999994 0.7738281250000001 0.0162109375 0.017187500000000022
0 0.11982421875 0.757421875 0.018945312500000006 0.016796875000000044
0 0.0134765625 0.42138671875 0.015625 0.016210937500000022
0 0.08662109375 0.45625000000000004 0.013085937500000006 0.014453125000000011
0 0.071875 0.441796875 0.015234375000000008 0.013281249999999967
0 0.33916015625 0.67041015625 0.0166015625 0.0166015625
0 0.3849609375 0.7091796875 0.017578125 0.017968749999999978
0 0.38017578125 0.73466796875 0.0166015625 0.015429687500000067
0 0.42470703125 0.74267578125 0.015429687500000011 0.015429687499999956
0 0.39873046874999996 0.74921875 0.01777343749999999 0.015625
0 0.4158203125 0.7646484375 0.016015624999999978 0.01601562500000009
0 0.41064453125 0.827734375 0.017382812499999956 0.018359374999999956
0 0.4736328125 0.783203125 0.015234375000000022 0.014062500000000089
0 0.4595703125 0.80126953125 0.01640625000000001 0.015820312500000044
0 0.48945312500000004 0.7972656250000001 0.01640625000000001 0.017968749999999978
0 0.5845703125 0.76806640625 0.014453124999999956 0.015039062500000089
0 0.60302734375 0.7453125 0.017773437500000044 0.017968749999999978
0 0.5650390625 0.75751953125 0.016796875000000044 0.015820312499999933
0 0.69873046875 0.61005859375 0.01621093749999991 0.016992187499999978
0 0.337109375 0.41416015625 0.015234375000000022 0.016210937499999967
0 0.458984375 0.3060546875 0.016406249999999956 0.016015625000000033
0 0.501953125 0.25595703125 0.013671875 0.013476562500000011
0 0.56220703125 0.1908203125 0.017382812500000067 0.01679687499999999
0 0.8888671875 0.29912109375 0.017578125 0.016210937500000022
0 0.008255762411347567 0.17713412381796695 0.014775413711583923 0.015006279550827423
0 0.08063220301418444 0.12103372488179673 0.015468011229314418 0.015006279550827437
0 0.1078743720449173 0.08928967198581565 0.013621084515366422 0.015237145390070927
0 0.14585180260047287 0.01333481087470454 0.01662234042553193 0.01708407210401891
0 0.4755859375 0.8149892769607843 0.014839920343137303 0.014839920343137192
0 0.5761144301470589 0.8980449601715685 0.015797334558823484 0.01627604166666663
0 0.5548119638480392 0.8020641850490196 0.013403799019607865 0.014839920343137192
0 0.6567765778186274 0.684780943627451 0.01723345588235292 0.017712162990196068
0 0.7108800551470588 0.5950927734375 0.016515395220588314 0.016874425551470562
0 0.3747702205882353 0.9434742647058822 0.016084558823529438 0.01746323529411764
0 0.3490349264705882 0.9535845588235294 0.016084558823529382 0.015625
