0 0.9249715752480705 0.044342613009922836 0.009690256339581094 0.02153390297684675
0 0.8988078831312016 0.11109771223814775 0.008182883131201746 0.017657800441014337
0 0.8980541965270121 0.08999448732083795 0.008398222160970303 0.016365766262403533
0 0.901714960033076 0.14824369487320838 0.008828900220507196 0.017442461411245863
0 0.9024686466372657 0.16859323318632854 0.009044239250275643 0.017657800441014337
0 0.948228190463065 0.19292654355016536 0.008828900220507196 0.01765780044101431
0 0.9522119625137817 0.2569899049062845 0.009474917309812647 0.01744246141124589
0 0.9074214443219404 0.24729964856670342 0.008182883131201746 0.01873449558985668
0 0.9106515297684674 0.2875680471334069 0.01119762954796033 0.01873449558985668
0 0.9116205554024255 0.31448542585446526 0.009690256339580983 0.01873449558985668
0 0.9553343784454245 0.3201919101433297 0.009690256339580983 0.018949834619625128
0 0.9694572018104366 0.43801584132055377 0.01580804046858364 0.010816027689030894
0 0.9193290734824281 0.4590238951011715 0.016640042598509153 0.015392039403620883
0 0.9291050985090521 0.4656799121405751 0.017472044728434555 0.013312034078807211
0 0.9404411275292864 0.4733759318423855 0.02142405484558041 0.013728035143769968
0 0.9478251464323748 0.4803439496805112 0.014976038338658126 0.010192026091586759
0 0.9557291666666666 0.4868959664536741 0.01580804046858364 0.012480031948881809
0 0.9680011980830671 0.49147197816826416 0.017056043663471687 0.01289603301384451
0 0.9754892172523961 0.49947999866879655 0.014976038338658126 0.012688032481363132
0 0.8408088724707135 0.40567175851970183 0.01809604632587869 0.012688032481363132
0 0.8175128128328009 0.4244958067092652 0.008528021831735844 0.01580804046858364
0 0.77924071485623 0.4039037539936102 0.017680045260915822 0.013728035143769968
0 0.7163205537806177 0.3657356562832801 0.015392039403620883 0.017680045260915878
0 0.6797124600638977 0.32933556309904155 0.017472044728434444 0.01684804313099042
0 0.3658203125 0.00908203125 0.017578125 0.0146484375
0 0.38037109375 0.0228515625 0.016210937500000022 0.014062500000000002
0 0.3765625 0.10712890625 0.01679687499999999 0.014257812499999994
0 0.3203125 0.16337890625 0.016406249999999956 0.014257812499999994
0 0.2140625 0.2072265625 0.016796875000000017 0.016406249999999983
0 0.14580078125 0.33505859375 0.015820312500000017 0.0146484375
0 0.5498046875 0.15615234375 0.017578125 0.0185546875
0 0.5445312499999999 0.19052734375000002 0.017187500000000022 0.016210937499999994
0 0.56474609375 0.17275390624999998 0.013867187499999933 0.015039062500000006
0 0.5855468749999999 0.31982421875 0.013281250000000022 0.0146484375
0 0.5158203125 0.38945312499999996 0.014843749999999933 0.014843749999999989
0 0.6600585937500001 0.31123046875000004 0.012304687500000022 0.013867187499999989
0 0.5574041923868313 0.3486957733196159 0.012056327160493874 0.010984653635116637
0 0.571068029835391 0.3336923439643347 0.01366383744855959 0.013128000685871055
0 0.7584769375857339 0.3939739797668038 0.017682613168724215 0.014199674211248292
0 0.6285365226337448 0.6253215020576132 0.019290123456790154 0.019290123456790154
0 0.587890625 0.6026367187499999 0.014453124999999956 0.016210937500000022
0 0.6126953125 0.61259765625 0.012499999999999956 0.013085937499999978
0 0.60859375 0.60361328125 0.014062499999999978 0.013867187500000044
0 0.6737950211864407 0.9298981606317411 0.01926040061633283 0.01926040061633283
0 0.09281646361815754 0.786188876835781 0.0182535046728972 0.01564586114819755
0 0.03101531208277705 0.8331264602803738 0.016688918558077435 0.01616738985313748
0 0.10354477611940302 0.9750511265786452 0.018836107921928816 0.010539250861079208
0 0.800390625 0.358203125 0.015625 0.017187500000000022
0 0.81181640625 0.35722656249999996 0.011523437500000067 0.014843749999999989
0 0.81875 0.36250000000000004 0.013671875 0.01679687499999999
0 0.82724609375 0.36689453125 0.013476562499999956 0.018164062500000022
0 0.834765625 0.37294921875 0.013671875 0.016210937499999967
0 0.5137211134453782 0.11848000919117647 0.013950892857142794 0.017848936449579828
0 0.5557789522058824 0.10822199973739496 0.013540572478991653 0.01620765493697479
0 0.8417257270857814 0.2174601571680376 0.0213443742655699 0.009868904230317277
0 0.5365666790490342 0.3692596118127786 0.022056092124814186 0.019444186478454695
0 0.9136968332095097 0.3387873792719168 0.010157410846953874 0.022346303863298667
0 0.9138419390787518 0.3569256129271917 0.011028046062407149 0.016251857355126298
0 0.914712574294205 0.372451940936107 0.00986719910846956 0.014220375185735545
0 0.992046720883915 0.6113696177921093 0.01200030823216991 0.019448264415781513
