0 0.93310704894822 0.18235487459546929 0.01548594255663438 0.017066140776699018
0 0.9114583333333334 0.24145428802588997 0.015801982200647213 0.017066140776699046
0 0.8226511933656958 0.2912305319579288 0.01769822006472488 0.019278418284789656
0 0.8376630764563107 0.27621864886731395 0.01548594255663438 0.016434061488673157
0 0.9814611144822007 0.1728736852750809 0.016750101132686157 0.018330299352750795
0 0.9911562698791349 0.9079148775445293 0.01378121024173029 0.012295244910941472
0 0.959416746183206 0.8950580470737913 0.018388199745547062 0.013915394402035597
0 0.8992823632315521 0.8690909271628499 0.01689726463104324 0.012175970101781175
0 0.5833283635496183 0.6840907283715012 0.010188056615776042 0.019382156488549573
0 0.588670881043257 0.7316764074427481 0.01590330788804073 0.015157840330788819
0 0.7001182808524173 0.7322976304071247 0.01813971055979635 0.011927480916030464
0 0.3916189567430025 0.5952558444656488 0.02037611323155214 0.012672948473282375
0 0.2543414022020725 0.5826030197538861 0.018468669041450808 0.013155764248704571
0 0.3162109375 0.2826171875 0.013671875 0.019140624999999967
0 0.07528217654986523 0.1749126095013477 0.014740566037735853 0.016583136792452824
0 0.1179245283018868 0.0875221108490566 0.015793463611859848 0.011845097708894886
0 0.12305740397574123 0.07725635950134771 0.015530239218328828 0.01079220013477089
0 0.10693359375 0.92705078125 0.01777343749999999 0.010351562500000022
0 0.15185546875 0.94794921875 0.01582031249999999 0.013085937499999978
0 0.20166015625 0.92431640625 0.020117187500000022 0.014257812499999911
0 0.24101562499999998 0.98818359375 0.01874999999999999 0.013867187500000044
