0 0.0564453125 0.280078125 0.014062499999999999 0.01171875
0 0.18916015625 0.39462890625 0.016210937499999994 0.013085937500000033
0 0.2234375 0.3546875 0.017187499999999994 0.013281250000000022
0 0.2419921875 0.362109375 0.019140625000000022 0.013671875
0 0.33994140625 0.46318359375 0.015429687500000011 0.013085937499999978
0 0.4134765625 0.49462890625 0.01679687499999999 0.013476562499999956
0 0.70771484375 0.58955078125 0.017773437499999933 0.008398437500000022
0 0.908984375 0.46337890625 0.022656249999999933 0.0166015625
0 0.7066070056352459 0.6930992251536885 0.010405993852458995 0.0158091060450819
0 0.6986023949795082 0.7183137487192623 0.009605532786885251 0.02061187243852458
0 0.734923315829918 0.9079229636270492 0.010606109118852403 0.020011526639344246
0 0.8832193187563194 0.22677973331648132 0.01955099848331643 0.0124415444893832
0 0.8511280333670374 0.2108822042467139 0.017378665318503517 0.012244059656218415
0 0.8581387449443882 0.26232700328614766 0.016391241152679537 0.010071726491405475
0 0.7320446789686551 0.20604382583417596 0.016193756319514696 0.011651605156723949
0 0.7520893895348837 0.2159180674924166 0.017971119817998038 0.014416392821031354
0 0.7017307570778564 0.19231862992922144 0.017971119817997927 0.012244059656218415
0 0.31021707532861476 0.018235749494438853 0.020143452982810894 0.014021423154701718
0 0.3562310414560162 0.03847794489383218 0.017378665318503517 0.013823938321536902
0 0.39454309908998986 0.0555603829625885 0.021328361981799826 0.014416392821031347
0 0.4417419742163802 0.07669126011122349 0.0209333923154702 0.01441639282103134
0 0.5257717707280081 0.11529954499494441 0.017576150151668357 0.0122440596562184
0 0.5616152679474216 0.13080210439838222 0.0193535136501517 0.014021423154701715
0 0.8457754629629629 0.5439814814814814 0.0180844907407407 0.01302083333333337
0 0.1715856481481482 0.3880931712962963 0.019531250000000028 0.013744212962962965
0 0.6566116898148148 0.5678530092592592 0.01880787037037046 0.01446759259259256
0 0.8206471475856698 0.2459659754672897 0.017340829439252303 0.015515478971962593
0 0.9076555198598131 0.23896879867601245 0.02220843068535827 0.01551547897196262
0 0.8986808800623054 0.2783659462616822 0.018253504672897214 0.015211253894081012
0 0.9646977219626168 0.22162796923676012 0.016428154205607504 0.016123929127725867
0 0.5762903487868284 0.08987082972270363 0.02335626083188913 0.015232344020797234
0 0.6174176776429809 0.15520066074523398 0.01895580589254775 0.01455535095320623
0 0.2834637460753532 0.3282292484301413 0.014410812401883855 0.019316620879120894
