0 0.814453125 0.3498046875 0.009374999999999911 0.01953125
0 0.85078125 0.19775390625 0.010156249999999978 0.01777343749999999
0 0.7666120182012848 0.09472865364025695 0.010037473233404648 0.02258431477516061
0 0.8866130566516346 0.5477337584554678 0.016514585682074423 0.009908751409244632
0 0.8922280157835399 0.557312218151071 0.01893672491544529 0.010569334836527555
0 0.9407808976888388 0.6368024239007891 0.008587584554678673 0.01893672491544529
0 0.9086325042277339 0.6353711598083427 0.016514585682074423 0.01915691939120634
0 0.904228614712514 0.6219392967869222 0.016074196730552437 0.01915691939120634
0 0.9003752113866966 0.59705732102593 0.01805594701240132 0.014312640924464493
0 0.9461756623449831 0.6163243376550168 0.01012894588500568 0.017175169109357347
0 0.9158989219278466 0.680511027339346 0.016074196730552437 0.012110696166854562
0 0.93219331313416 0.680951416290868 0.015193418827508465 0.01343186302142052
0 0.9273490346674181 0.8342067714205186 0.012551085118376548 0.02223964205186013
0 0.9445242037767756 0.8542444687147688 0.016954974633596298 0.01563380777903045
0 0.9561945109921082 0.6665286781285231 0.009468362457722646 0.019377113866967277
0 0.9656628734498308 0.6443991333145433 0.009908751409244632 0.020037697294250312
0 0.9183210611612175 0.696475126832018 0.009908751409244632 0.015413613303269402
0 0.9233855341037203 0.7161825324126267 0.011670307215332576 0.0200376972942502
0 0.946395856820744 0.7150815600338218 0.016294391206313374 0.014753029875986479
0 0.9278995208568206 0.7424957722660653 0.011450112739571527 0.01805594701240132
0 0.932633702085682 0.7602214275648251 0.011670307215332576 0.018716530439684353
0 0.9554238303269447 0.767047456313416 0.01012894588500557 0.020037697294250312
0 0.943973717587373 0.7760754298196166 0.009688556933483694 0.01695497463359641
0 0.9700667629650506 0.6958145434047349 0.009468362457722646 0.020698280721533346
0 0.9767826944757609 0.7099069898534385 0.009248167981961708 0.017175169109357347
0 0.9903246547350619 0.7385322717023675 0.01122991826381059 0.017175169109357347
0 0.9836087232243517 0.72576099210823 0.008807779030439722 0.017175169109357458
0 0.973479777339346 0.7809197082863584 0.013211668545659583 0.020037697294250312
0 0.9542127607102593 0.7429361612175873 0.012991474069898534 0.011450112739571527
0 0.9681951099210822 0.7554872463359639 0.01012894588500568 0.018496335963923305
0 0.9520108159526492 0.7319264374295377 0.01563380777903045 0.013211668545659583
0 0.8827596533258173 0.9014761837655016 0.014973224351747416 0.014092446448703444
0 0.8845212091319052 0.9406708004509582 0.01893672491544529 0.0158540022547915
0 0.846317467587373 0.9580661640360766 0.016514585682074423 0.01453283540022543
0 0.9363294402356903 0.606205281986532 0.010521885521885488 0.01841329966329963
0 0.9761153198653199 0.6532249579124578 0.011179503367003352 0.019070917508417495
0 0.9313973063973064 0.8797743055555555 0.019070917508417495 0.01446759259259256
0 0.18675659602076128 0.7487024221453287 0.01757136678200691 0.021626297577854614
0 0.7927108801955991 0.23184405562347188 0.012415953545232283 0.022444223716381412
