1 0.637210816375969 0.08401465600775196 0.04655704941860472 0.03785125968992248
0 0.6035904474900924 0.12021136063408192 0.016770558124174384 0.01702856671070012
0 0.5430874339498017 0.14936633091149276 0.012900429326287877 0.012900429326287988
0 0.46396484375 0.20810546875 0.0146484375 0.0126953125
0 0.5052734375000001 0.24208984375 0.019140625000000022 0.013476562500000011
0 0.4613515901060071 0.2616681389870436 0.014953253828032975 0.01357295347467613
0 0.4697265625 0.27138671875 0.014453124999999956 0.013867187499999989
0 0.48779296875 0.25771484375 0.017773437500000044 0.014257812499999967
0 0.46728515625 0.34130859375 0.017773437500000044 0.019726562500000044
0 0.49853515625 0.37763671875 0.0166015625 0.020898437499999978
0 0.5265625 0.43671875 0.013671875 0.016015624999999978
0 0.41259765625 0.42451171875 0.011914062500000044 0.020117187500000022
0 0.401171875 0.32763671875 0.021093750000000022 0.009960937500000044
0 0.36279296875 0.31328124999999996 0.0205078125 0.014453125000000011
0 0.32666015625 0.33798828125 0.015429687499999956 0.015429687500000011
0 0.32294921875 0.35849609375 0.014257812500000022 0.011523437500000011
0 0.2353515625 0.403125 0.01953125 0.014062499999999978
0 0.23671874999999998 0.41943359375 0.015234374999999994 0.011914062500000044
0 0.19326171875 0.4462890625 0.01777343749999999 0.014453124999999956
0 0.184765625 0.43408203125 0.016015625000000006 0.014257812500000022
0 0.1458984375 0.45712890625 0.014843749999999989 0.013867187499999989
0 0.40203157018442626 0.3791183721823771 0.011206454918032793 0.01781025870901637
0 0.4058337602459017 0.4018314549180328 0.00920530225409838 0.01841060450819676
0 0.28353486597664546 0.37310492967091297 0.02177050159235666 0.019282444267515908
0 0.0240234375 0.48876953125 0.019140624999999998 0.011523437499999956
0 0.07539062499999999 0.49003906249999996 0.014843750000000003 0.012890624999999989
0 0.5995622847301951 0.4924879807692307 0.017939150401837023 0.01861186854190583
0 0.6494555467853043 0.5464175516647531 0.013678602181400712 0.01390284156142374
0 0.6931822258897818 0.5532568527554536 0.019508826061997775 0.013678602181400712
0 0.7434118470149254 0.5733262772675086 0.020405783582089554 0.01300588404133185
0 0.7806355840987371 0.585771562858783 0.01816338978185994 0.013230123421354767
0 0.8325470005740527 0.6102136552812858 0.018387629161882857 0.011884687141216932
0 0.9087890624999999 0.6162109375 0.017968749999999978 0.008984375000000044
0 0.9740510289210234 0.6881430756395995 0.020639251946607318 0.013687082869855427
0 0.9172387722469411 0.7927514947163514 0.019118464961067838 0.012600806451612878
0 0.814802906006674 0.8163236929922135 0.0180321885428254 0.009776487764182384
0 0.824362138487208 0.7032423178531702 0.01846669911012233 0.011297274749721864
0 0.6773889390989989 0.7368082591768632 0.01651140155728581 0.009776487764182495
0 0.6150366726918799 0.7733071468298109 0.015207869855394907 0.01151453003337044
0 0.6017256089400429 0.8717963731263383 0.020284060492505307 0.012128613490364093
0 0.42816096761241973 0.7839684823340471 0.02404811295503212 0.014637981798715227
0 0.42680172644539616 0.9165467746252677 0.020074946466809407 0.012128613490363982
0 0.35591207173447537 0.9325439975910064 0.01631089400428265 0.01150127141327617
0 0.18914363624197003 0.8346786335653105 0.017356464132762317 0.010246587259100659
0 0.238076318254818 0.8927077756959314 0.019447604389721623 0.01129215738758027
0 0.19945755821734473 0.9126917575615632 0.017491133565310485 0.008600859876873646
0 0.08683894230769229 0.9090294471153846 0.02003205128205128 0.010767227564102644
0 0.26799558683206104 0.555870308524173 0.01764273218829515 0.014909351145038108
0 0.17232725031806617 0.6275594386132315 0.016648775445292613 0.014660861959287508
0 0.7404850434491979 0.29659299799465244 0.013577874331550888 0.02402239304812831
0 0.8296551219919786 0.29411242479946526 0.011750083556149704 0.01958347259358284
0 0.8403607536764706 0.2958096590909091 0.008616727941176405 0.01723345588235292
0 0.8501953125 0.2943359375 0.009765625 0.01640625000000001
0 0.86259765625 0.29013671875 0.009570312500000067 0.01738281250000001
0 0.87392578125 0.294140625 0.009570312499999956 0.021874999999999978
0 0.89423828125 0.290625 0.009960937499999933 0.017968750000000033
0 0.8705078125 0.22001953125 0.01953125 0.009960937500000017
0 0.76161541005291 0.3056795634920635 0.018187830687830697 0.01281415343915343
0 0.9797249196845794 0.28711850175233644 0.009583089953271062 0.021676036799065435
0 0.9660347911799065 0.2901987806658879 0.009583089953271062 0.01597181658878505
0 0.9480094553154206 0.23007629964953272 0.018709842289719614 0.012549284462616828
0 0.9462981892523364 0.25289318049065423 0.016656323014018648 0.008898583528037352
0 0.9456136828271028 0.21775518399532712 0.01802533586448596 0.010723933995327117
0 0.94296875 0.15693359375 0.009765625 0.0205078125
0 0.9341216216216216 0.07084037162162163 0.010557432432432456 0.014569256756756757
0 0.16650390625 0.12177734375 0.013085937499999978 0.019726562500000017
1 0.015505420918367383 0.841796875 0.030293367346938774 0.017538265306122347
