0 0.5537207226953907 0.0641673972945892 0.01702623997995989 0.013307865731462927
0 0.7083268098697395 0.11583322895791585 0.020157502505010028 0.015656312625250496
0 0.7683100576152304 0.14832007765531063 0.01917898296593179 0.01643912825651303
0 0.6812218186372745 0.1766971442885772 0.011350826653306556 0.015656312625250496
0 0.6474628945390781 0.26114338051102204 0.015069200901803637 0.01663483216432865
0 0.8718408469945356 0.24097079918032788 0.01643613387978149 0.013661202185792337
0 0.929047131147541 0.2737363387978142 0.019424521857923538 0.01643613387978138
0 0.9844390368852458 0.3037269467213115 0.017930327868852403 0.01408811475409838
0 0.66591796875 0.031054687499999997 0.011914062500000044 0.019531249999999997
0 0.37187499999999996 0.38115234375 0.01835937500000001 0.014257812500000022
0 0.1650390625 0.35166015625 0.016015624999999978 0.0107421875
0 0.1833984375 0.276953125 0.016015625000000006 0.012500000000000011
0 0.692283459987593 0.23756397332506207 0.012116160049627789 0.014781715260545919
0 0.7020507812500001 0.56318359375 0.016992187499999978 0.015039062499999978
0 0.8821063132111252 0.6651884481668774 0.017037373577749593 0.015802781289506962
0 0.9822920061929596 0.6333014178617993 0.014005459582790092 0.018843709256844865
0 0.9722335397653195 0.8270860495436767 0.011204367666232118 0.016806551499348177
0 0.32890625 0.85869140625 0.014062499999999978 0.011132812499999978
0 0.3544921875 0.9041992187500001 0.015625 0.012304687500000022
0 0.4833984375 0.976953125 0.014453124999999956 0.012890625000000044
0 0.9834200260078023 0.8053783322496748 0.015746911573472078 0.019810630689206854
0 0.089453125 0.75908203125 0.016406249999999997 0.0146484375
0 0.024121093750000003 0.72177734375 0.0138671875 0.011523437499999956
0 0.2617464539007093 0.1838292331560284 0.010158096926713933 0.014082816193853404
0 0.10302734375 0.2322265625 0.016992187500000006 0.014453124999999983
0 0.0623046875 0.2431640625 0.016406250000000004 0.011328125000000022
