0 0.0077148437499999995 0.190625 0.0142578125 0.015625
0 0.03427734375 0.18691406249999998 0.016210937499999998 0.017968750000000006
0 0.058007812500000006 0.27255859375 0.011328125000000001 0.013476562500000011
0 0.15029296875 0.3267578125 0.013867187499999989 0.017187499999999967
0 0.21552734375 0.41533203124999996 0.009179687500000006 0.01933593750000001
0 0.61669921875 0.63642578125 0.01894531250000009 0.013085937499999978
0 0.6130859375 0.671484375 0.020312500000000067 0.012499999999999956
0 0.68046875 0.6572265625 0.016406250000000067 0.012499999999999956
0 0.6357421875 0.6419921875 0.01992187500000009 0.013671875
1 0.09150566356041132 0.8989897975578406 0.0228450353470437 0.030125321336760935
0 0.3090355880462725 0.8610821015424164 0.012050128534704385 0.018075192802056494
1 0.13386939669023135 0.9847942440552699 0.02522995661953728 0.02650526188946023
0 0.9103515625 0.69326171875 0.012890624999999933 0.013867187500000044
0 0.9661154345006484 0.24376317282749677 0.017732652399481186 0.013426151102464368
0 0.9571224464980544 0.20665126459143968 0.02051921206225682 0.015199416342412425
0 0.973208495460441 0.17384585765239946 0.00962629701686124 0.014439445525291833
0 0.857312945849546 0.18435878728923477 0.016466034370946847 0.01418612191958496
0 0.971181906614786 0.07606294584954604 0.009119649805447438 0.019505917639429313
0 0.9653554636835278 0.03515118352788586 0.020265888456549974 0.01418612191958496
0 0.6788464656290532 0.051997203307393 0.01874594682230868 0.015959387159533073
0 0.5734638456549934 0.02704482814526589 0.018239299610894988 0.01418612191958496
0 0.7747693792906178 0.5162149599542334 0.012961241418764313 0.018771453089244883
0 0.7602438501144164 0.5678364559496567 0.012514302059496552 0.01832451372997712
0 0.7367795337528604 0.6764427202517163 0.01832451372997712 0.01474899885583525
0 0.9030125722163866 0.17664292279411764 0.015387014180672343 0.012719931722689065
