0 0.47744140625 0.0705078125 0.01933593750000001 0.010156250000000006
0 0.45878906249999996 0.34365234375 0.01640625000000001 0.009179687500000033
0 0.46357421875000004 0.35498046875 0.013867187499999989 0.011523437499999956
0 0.44892578125000004 0.3654296875 0.01972656249999999 0.015234375000000022
0 0.45078125 0.37109375 0.013281249999999967 0.008593749999999956
0 0.34257249344692003 0.37329005570117957 0.011007126474443019 0.016638679554390523
0 0.4862587517076503 0.5603014002732241 0.016809682377049218 0.01654286202185795
0 0.5278827271174864 0.5428246670081968 0.017876963797814116 0.016809682377049162
0 0.45693359375 0.4875 0.013085937500000033 0.009375000000000022
0 0.5123046875 0.5283203125 0.008593749999999956 0.01796875000000009
0 0.48779296875 0.4943359375 0.0126953125 0.012109374999999978
0 0.5015625 0.45771484375000004 0.015625 0.011523437500000011
0 0.5154296875 0.43505859375 0.015234375000000022 0.0126953125
0 0.52961098095526 0.43892174274486095 0.020074440749697664 0.016295722490931086
0 0.38193359375 0.6125 0.01738281250000001 0.019140625000000022
0 0.27939453125 0.6189453125 0.009960937499999989 0.015234375000000022
0 0.7001953125 0.4857421875 0.01718749999999991 0.015625
0 0.03974609375 0.3314453125 0.0181640625 0.009765625
0 0.5154296875 0.6167968749999999 0.01953125 0.017187500000000022
0 0.6807497258771928 0.3473968123433584 0.014440397869674215 0.019824953007518797
0 0.4198716661311054 0.40857467062982006 0.019832503213367603 0.009288640745501286
0 0.1400827442159383 0.4590345838688946 0.016066838046272486 0.015313705012853507
0 0.23322019601542415 0.4587835395244216 0.01556474935732649 0.016819971079691465
0 0.2381155607326478 0.4678211359254498 0.019832503213367603 0.018326237146529534
0 0.3527030109489051 0.8245894160583941 0.02109945255474449 0.018248175182481674
0 0.67578125 0.7450195312500001 0.016796875000000044 0.016210937500000022
