0 0.9292181241655539 0.4774438835113485 0.020600383845126857 0.019818090787716958
0 0.80751953125 0.618359375 0.017382812499999956 0.016796874999999933
0 0.7912109375 0.6140625 0.014062499999999978 0.016406250000000067
0 0.726171875 0.6576171875 0.017578125 0.014843750000000044
0 0.71552734375 0.6984375 0.020117187500000022 0.017187500000000022
0 0.6828125 0.7256835937499999 0.014062499999999978 0.012304687500000022
0 0.6771484375000001 0.7017578125 0.017968749999999978 0.01953125
0 0.6466796875 0.72861328125 0.016015624999999978 0.0126953125
0 0.6923828125 0.9435546875 0.01601562500000009 0.016796874999999933
0 0.58359375 0.90927734375 0.017578125 0.017773437500000044
0 0.4615234375 0.74140625 0.01171875 0.013281250000000022
0 0.448828125 0.72724609375 0.015234374999999967 0.014257812500000022
0 0.43154296875 0.71435546875 0.016210937499999967 0.015429687499999956
0 0.36494140625000004 0.7138671875 0.01777343749999999 0.017578125
0 0.38193359375 0.73037109375 0.015429687500000011 0.015820312500000044
0 0.32021484375 0.616015625 0.0146484375 0.016015624999999978
0 0.33388671875 0.62939453125 0.015039062500000033 0.0146484375
0 0.07041015625 0.455859375 0.019726562500000003 0.01953125
0 0.20478995901639346 0.5120602800546448 0.014728483606557374 0.013234289617486295
0 0.23670167349726778 0.5389557718579235 0.015795765027322384 0.016222677595628454
0 0.16423326502732244 0.5375683060109289 0.01515539617486339 0.01430157103825136
