2 0.7418959888059701 0.09134017412935322 0.043726679104477695 0.054415422885572134
2 0.6811644900497511 0.210859763681592 0.034981343283582045 0.062189054726368154
2 0.5864233519900497 0.17101990049751242 0.014575559701492491 0.023320895522388058
2 0.5475551927860696 0.10640158582089551 0.03400963930348255 0.0398398631840796
2 0.43823849502487555 0.08405239427860696 0.036924751243781084 0.05150031094527363
2 0.47419154228855714 0.13263759328358207 0.021377487562189046 0.03012282338308457
2 0.2356293004587156 0.2998375382262997 0.023294151376146793 0.022696865443425085
2 0.2944619648318043 0.35687834480122327 0.013140290519877695 0.020905007645259988
2 0.1502174120795107 0.38584671253822633 0.0185158639143731 0.019113149847094835
2 0.11796397171253822 0.28789181957186544 0.03165615443425078 0.01911314984709478
2 0.23284484474522293 0.4443297173566879 0.01803841560509556 0.023014530254777066
2 0.4691358024691358 0.4524980709876543 0.027006172839506182 0.020736882716049343
2 0.3895640432098766 0.5523244598765431 0.015432098765432112 0.011091820987654377
0 0.07757994186046513 0.6934199370155039 0.017411579457364337 0.010598352713178327
0 0.04237827034883722 0.6972050629844961 0.015140503875968991 0.00757025193798444
0 0.00831213662790699 0.702125726744186 0.013626453488372093 0.012869428294573604
