0 0.9787326388888888 0.48864293981481477 0.01446759259259256 0.01953125
0 0.8843315972222222 0.5852141203703703 0.01229745370370372 0.01591435185185186
0 0.9620949074074073 0.5754484953703702 0.01736111111111116 0.02387152777777779
0 0.9938151041666666 0.5807653356481481 0.00846354166666674 0.01425057870370372
0 0.8108280642023347 0.9442029426070039 0.013679474708171213 0.018999270428015524
0 0.7910688229571985 0.9476228112840467 0.013679474708171102 0.015199416342412508
0 0.763649164244186 0.927734375 0.014761991279069742 0.018168604651162767
0 0.8627248364825582 0.8226971293604651 0.015329760174418672 0.021575218023255793
0 0.85466782823741 0.6621655800359711 0.016158947841726667 0.020374325539568305
0 0.8992805755395683 0.6832424685251798 0.014051258992805793 0.017564073741007213
0 0.957242018884892 0.6530322616906474 0.013348696043165464 0.014753821942446121
0 0.9913163219424459 0.6168502697841727 0.012646133093525136 0.019671762589927977
0 0.9346853956228955 0.720630787037037 0.01249473905723908 0.017098063973064015
