0 0.49384149774774777 0.2039519988738739 0.01319679054054057 0.0193552927927928
0 0.3697916666666667 0.2087908220720721 0.016715934684684686 0.011437218468468457
0 0.6049919307511737 0.5343860035211268 0.01650528169014087 0.01650528169014087
0 0.5105450410798122 0.6870598591549296 0.01650528169014076 0.013754401408450745
0 0.42068295187793425 0.7934272300469485 0.01650528169014087 0.017422241784037618
0 0.2808465375586854 0.8741197183098592 0.017422241784037562 0.017422241784037507
0 0.30377053990610325 0.9130905223004695 0.021090082159624435 0.020173122065727633
0 0.21914887764084506 0.9913301423122066 0.018733494718309873 0.013433465375586762
0 0.253337734741784 0.5261333626760565 0.017422241784037562 0.02750880281690138
0 0.4646970363849765 0.5586854460093897 0.018339201877934252 0.011920481220657253
0 0.720987382629108 0.5967392899061034 0.019256161971831 0.012837441314553999
0 0.8076401115023475 0.6467136150234742 0.01650528169014076 0.017422241784037507
0 0.8580729166666667 0.6325007335680752 0.020173122065727744 0.01650528169014087
