0 0.11417521766169153 0.10008550995024874 0.01651896766169153 0.015547263681592038
0 0.12923662935323382 0.10834499378109452 0.017490671641791036 0.016518967661691544
0 0.024292599502487557 0.19288324004975121 0.019434079601990045 0.018462375621890542
0 0.16178871268656714 0.23077969527363182 0.018462375621890542 0.020405783582089554
0 0.38333722014925364 0.101543065920398 0.01651896766169153 0.016518967661691544
0 0.3971951452599388 0.10900468272171254 0.015529434250764529 0.01373757645259939
0 0.3715118501529052 0.19710435779816515 0.013140290519877695 0.020307721712538224
0 0.40834640444015446 0.40005127895752896 0.01885255791505791 0.01885255791505791
0 0.19946006274131275 0.7510859073359074 0.012819739382239403 0.019606660231660245
0 0.5636914816602316 0.7544793677606179 0.02036076254826258 0.015836148648648574
0 0.5497405888030888 0.805004222972973 0.021114864864864913 0.014327944015444016
0 0.588199806949807 0.742790781853282 0.019606660231660245 0.01508204633204635
0 0.6725794057377049 0.6754610655737705 0.018570696721311508 0.011526639344262346
0 0.11613175675675674 0.08023648648648649 0.013724662162162157 0.012668918918918914
0 0.7184244791666667 0.33463541666666663 0.01497395833333337 0.022135416666666685
0 0.6998697916666667 0.3349609375 0.01692708333333337 0.01497395833333337
0 0.2712673611111111 0.44407471707818924 0.015271347736625529 0.015271347736625474
0 0.1748167438271605 0.36249356995884774 0.018486368312757212 0.020897633744855926
0 0.7113233024691358 0.30663258744855965 0.017682613168724215 0.020093878600823012
