0 0.5584343112244898 0.27303890306122447 0.024713010204081676 0.01833545918367352
0 0.4858896683673469 0.2515146683673469 0.018335459183673464 0.01992984693877553
0 0.5548469387755102 0.21006058673469385 0.014349489795918435 0.02471301020408162
0 0.5895248724489796 0.1805644132653061 0.011957908163265252 0.016741071428571425
0 0.5484693877551019 0.10204081632653061 0.01913265306122447 0.014349489795918366
0 0.28419961734693877 0.19092793367346939 0.021524234693877542 0.011957908163265307
0 0.6014827806122449 0.3798628826530612 0.018335459183673408 0.015146683673469385
0 0.7214604591836735 0.2905771683673469 0.023915816326530615 0.015146683673469385
0 0.706313775510204 0.02471301020408163 0.022321428571428603 0.012755102040816327
0 0.4803093112244898 0.06935586734693877 0.01036352040816324 0.01913265306122449
0 0.529735331632653 0.05620216836734694 0.013552295918367263 0.01674107142857143
0 0.46875 0.04982461734693877 0.01594387755102039 0.016741071428571425
0 0.4225127551020408 0.03148915816326531 0.023915816326530615 0.015146683673469389
0 0.9335140306122449 0.20846619897959184 0.014349489795918324 0.02311862244897958
0 0.9231505102040816 0.2303890306122449 0.012755102040816313 0.020727040816326536
0 0.8868781887755102 0.314094387755102 0.015146683673469385 0.022321428571428603
0 0.8785076530612245 0.33561862244897955 0.012755102040816313 0.01913265306122447
0 0.8824936224489796 0.06536989795918366 0.022321428571428603 0.015943877551020405
0 0.9378985969387754 0.4747289540816326 0.021524234693877542 0.013552295918367374
0 0.9650031887755102 0.6238042091836734 0.024713010204081676 0.016741071428571397
0 0.9669961734693877 0.6608737244897959 0.012755102040816313 0.01913265306122458
0 0.8390465561224489 0.6114477040816326 0.015146683673469385 0.02072704081632648
0 0.7302295918367346 0.7130899234693877 0.015943877551020336 0.01992984693877542
0 0.6162308673469388 0.7122927295918366 0.020727040816326592 0.018335459183673408
0 0.5604272959183673 0.8342633928571428 0.017538265306122458 0.016741071428571397
0 0.5353156887755102 0.8262914540816326 0.021524234693877542 0.016741071428571397
0 0.9219547193877551 0.7888233418367346 0.01036352040816324 0.01833545918367352
0 0.9091996173469388 0.783641581632653 0.013552295918367263 0.017538265306122458
0 0.76416015625 0.8672417534722222 0.01139322916666663 0.01356336805555558
0 0.7535807291666666 0.8612738715277778 0.009765625 0.01356336805555558
0 0.4766167534722222 0.8005099826388888 0.01898871527777779 0.0146484375
0 0.2487521701388889 0.6830512152777777 0.011393229166666657 0.01302083333333337
0 0.2398003472222222 0.6724717881944444 0.013020833333333343 0.01681857638888884
0 0.21837022569444442 0.6678602430555556 0.011393229166666657 0.01519097222222221
0 0.2099609375 0.6635199652777778 0.010850694444444448 0.01736111111111116
0 0.3746202256944444 0.8436414930555556 0.017903645833333315 0.01302083333333337
0 0.20833333333333331 0.8509657118055556 0.017361111111111133 0.01247829861111105
0 0.11579975328947371 0.6215563322368421 0.010793585526315791 0.017989309210526327
0 0.10346422697368424 0.6159025493421053 0.010793585526315791 0.017989309210526327
0 0.0934416118421053 0.6112767269736842 0.011307565789473673 0.017989309210526327
0 0.0826480263157895 0.6040810032894737 0.012335526315789463 0.01696134868421051
0 0.07056949013157898 0.6015111019736842 0.011821546052631582 0.017989309210526327
0 0.05617804276315792 0.5899465460526316 0.01901726973684211 0.014391447368421129
0 0.15347782258064518 0.03928301411290322 0.012600806451612906 0.018901209677419355
0 0.18752595514950166 0.08370535714285714 0.015573089700996662 0.014275332225913623
0 0.19661025747508304 0.09473629568106312 0.014275332225913623 0.016870847176079742
0 0.22710755813953487 0.07299885797342193 0.011679817275747517 0.014924210963455156
0 0.5040560103833867 0.44695986421725237 0.014976038338658237 0.015600039936102261
