0 0.07729664760914765 0.7428209459459458 0.015836148648648643 0.010963487525987525
0 0.0732360966735967 0.7523632406444907 0.016648258835758836 0.012181652806652843
0 0.07039371101871106 0.7619055353430353 0.016648258835758836 0.010151377338877277
0 0.06450591216216221 0.7700266372141372 0.01786642411642412 0.012587707900207912
0 0.06003930613305618 0.7787568217255717 0.017866424116424112 0.014617983367983367
0 0.05719692047817053 0.7901263643451144 0.01786642411642412 0.01299376299376298
0 0.04407473644578317 0.8190496360441768 0.016079944779116465 0.010589231927710885
0 0.021915788152610482 0.8584651104417671 0.01960968875502008 0.01176581325301207
0 0.019758722389558274 0.8716036019076305 0.015295557228915664 0.011373619477911712
0 0.11153206576305225 0.8621909513052208 0.0223550451807229 0.015295557228915624
0 0.043262224740932644 0.8305841159326426 0.014673737046632121 0.010625809585492196
0 0.1843610491071429 0.028808593750000045 0.013253348214285698 0.018833705357142856
0 0.15227399553571433 0.2220284598214286 0.0146484375 0.017438616071428575
0 0.13448660714285718 0.08496093750000003 0.0209263392857143 0.013950892857142863
0 0.04659598214285718 0.03648158482142862 0.012555803571428568 0.016043526785714277
0 0.0877511160714286 0.5767299107142857 0.016741071428571425 0.013950892857142794
0 0.06054687500000004 0.5809151785714286 0.012555803571428575 0.015345982142857095
0 0.04241071428571433 0.5892857142857143 0.016741071428571425 0.01953125
0 0.34619140625 0.29806082589285715 0.013253348214285698 0.021623883928571397
0 0.5303431919642857 0.43198939732142855 0.0244140625 0.0146484375
0 0.7033342633928571 0.37479073660714285 0.0146484375 0.013253348214285698
0 0.5889369419642857 0.42361886160714285 0.01604352678571419 0.013253348214285698
0 0.5209263392857143 0.5247628348214286 0.009765625 0.017438616071428492
0 0.7218191964285714 0.3685128348214286 0.015345982142857206 0.011858258928571452
0 0.900390625 0.8850446428571428 0.01953125 0.0181361607142857
0 0.9673549107142856 0.9202706473214285 0.011160714285714302 0.018833705357142794
0 0.8560965401785714 0.5833565848214286 0.011858258928571397 0.020228794642857095
0 0.8466796875 0.5052315848214286 0.0181361607142857 0.013253348214285698
0 0.9094587053571428 0.43443080357142855 0.015345982142857206 0.0209263392857143
0 0.6961922860360361 0.16744087837837837 0.019941816816816837 0.012317004504504514
0 0.8619576446280992 0.2667387654958678 0.020983987603305776 0.013720299586776896
0 0.8466231921487604 0.4838423295454546 0.022598140495867725 0.015334452479338845
