0 0.31356534090909094 0.13765256734006737 0.011837121212121215 0.020386153198653195
0 0.43927024812734083 0.5325374531835205 0.018287687265917563 0.01024110486891383
0 0.6155635533707866 0.4849894662921348 0.013898642322097365 0.020482209737827717
0 0.5793539325842697 0.4129359784644195 0.016093164794007464 0.010972612359550604
0 0.5135182584269663 0.4191537921348315 0.014630149812734139 0.00877808988764045
0 0.4963278323970038 0.4191537921348315 0.016824672284644238 0.010241104868913886
0 0.508031952247191 0.3961113061797753 0.024139747191011196 0.010972612359550549
0 0.8068527621722847 0.4586551966292135 0.014630149812734028 0.019019194756554336
0 0.06473841292134833 0.34051673689138573 0.018287687265917604 0.010972612359550549
0 0.40562090355805247 0.19860428370786518 0.018287687265917618 0.010972612359550549
0 0.3961113061797753 0.3478318117977528 0.013898642322097365 0.010972612359550549
0 0.9286487593632959 0.18287687265917604 0.016824672284644238 0.011704119850187267
0 0.8858555711610487 0.24761528558052437 0.0175561797752809 0.012435627340823957
0 0.7823472612359551 0.09326720505617977 0.01243562734082393 0.019750702247191013
0 0.49632783239700373 0.11484667602996255 0.01243562734082393 0.01901919475655431
0 0.2222683953900709 0.635402814716312 0.019392730496453903 0.011774157801418439
0 0.0244140625 0.9586063508064515 0.01102570564516129 0.011340725806451624
0 0.017326108870967742 0.9615990423387096 0.010710685483870969 0.012285786290322509
0 0.008663054435483871 0.9644342237903225 0.011655745967741934 0.010395665322580627
0 0.9433079769736842 0.18544407894736842 0.01593338815789469 0.013363486842105282
0 0.3821994114349776 0.10455787556053812 0.020144338565022457 0.01313761210762332
2 0.9395307721712538 0.884879109327217 0.04419915902140681 0.0185158639143731
