0 0.18565867003367004 0.1146359427609428 0.015125210437710451 0.02038615319865321
0 0.15080492424242425 0.10707333754208757 0.013809974747474751 0.01841329966329966
0 0.2083464856902357 0.2783827861952862 0.02104377104377103 0.013809974747474751
0 0.19782460016835018 0.08142624158249162 0.011837121212121215 0.017098063973063973
0 0.4901357323232324 0.2767387415824916 0.013809974747474751 0.017098063973064015
0 0.7640335648148148 0.03966750841750845 0.02367424242424243 0.012494739057239058
0 0.7370712331649831 0.07090435606060609 0.017098063973064015 0.011837121212121215
0 0.7551557239057238 0.06465698653198657 0.01775568181818188 0.009864267676767687
0 0.797243265993266 0.055779145622895654 0.017755681818181768 0.011837121212121209
0 0.8630050505050504 0.364201914983165 0.009864267676767624 0.01841329966329963
0 0.8429477062289561 0.36354429713804715 0.013152356902356943 0.018413299663299687
0 0.8304529671717171 0.36124263468013473 0.013152356902356832 0.01907091750841755
0 0.8202598905723906 0.3859033038720539 0.01644044612794604 0.011837121212121215
0 0.7906670875420875 0.38688973063973064 0.009864267676767735 0.016440446127946096
0 0.7771859217171717 0.39215067340067344 0.015782828282828287 0.00986426767676768
0 0.44541771885521886 0.5299216119528619 0.015125210437710424 0.01446759259259256
0 0.4684343434343434 0.43555345117845123 0.015125210437710479 0.017755681818181823
0 0.027830387205387233 0.7061631944444444 0.015125210437710434 0.01841329966329963
0 0.2848772321428571 0.5647321428571428 0.01729910714285715 0.014508928571428492
0 0.2985491071428571 0.576171875 0.01339285714285715 0.012834821428571397
