0 0.04032512626262629 0.05676557239057242 0.015125210437710437 0.013809974747474751
0 0.026186342592592622 0.05873842592592596 0.013152356902356901 0.01644044612794613
0 0.13732375841750843 0.012376367845117876 0.014467592592592615 0.01709806397306397
0 0.3872185395622896 0.04394202441077444 0.013152356902356888 0.017098063973063973
0 0.5387994528619529 0.15507944023569026 0.019070917508417495 0.013152356902356915
0 0.9494817971380471 0.21262100168350168 0.011837121212121215 0.019070917508417523
0 0.9442208543771042 0.19091961279461278 0.011837121212121215 0.020386153198653195
0 0.9396175294612794 0.10115477693602698 0.01446759259259256 0.021043771043771045
0 0.9087094907407407 0.10115477693602697 0.01446759259259256 0.01972853535353536
0 0.958359638047138 0.2080176767676768 0.011179503367003463 0.021701388888888867
0 0.35221045616113744 0.08006886848341233 0.01388477488151657 0.02128998815165878
