0 0.12453411697247707 0.43512280198776754 0.01373757645259939 0.017321292048929682
0 0.13259747706422018 0.44169294724770647 0.014334862385321112 0.013737576452599376
0 0.14932148318042815 0.44736716360856266 0.014334862385321084 0.020307721712538196
0 0.10900468272171254 0.5056025420489296 0.018515863914373085 0.010153860856269126
0 0.07615395642201835 0.4766341743119266 0.016126720183486237 0.016724006116207946
0 0.07018109709480122 0.48589210626911317 0.01851586391437309 0.01612672018348621
0 0.06122180810397554 0.5035120412844036 0.02090500764525994 0.01672400611620789
0 0.028669724770642203 0.4282540137614679 0.010751146788990824 0.01911314984709478
0 0.017619935015290522 0.4318377293577982 0.011348432721712539 0.019113149847094835
0 0.008063360091743119 0.4276567278287462 0.011348432721712539 0.020307721712538196
0 0.05017201834862385 0.5199374044342507 0.0191131498470948 0.01254300458715596
0 0.05763809250764526 0.46379252675840976 0.016126720183486237 0.011348432721712542
0 0.05315844801223242 0.47305045871559637 0.016724006116207953 0.011945718654434223
0 0.04957473241590214 0.48350296253822633 0.016724006116207953 0.013737576452599376
0 0.04181001529051988 0.4918649655963303 0.017918577981651376 0.014932148318042848
0 0.03852494266055046 0.5014215405198776 0.022099579510703366 0.014932148318042848
0 0.030162939602446485 0.5145618310397553 0.01851586391437309 0.014932148318042793
0 0.024488723241590214 0.5241184059633027 0.0191131498470948 0.01254300458715596
0 0.020307721712538227 0.5330776949541285 0.017918577981651376 0.014932148318042793
0 0.015828077217125383 0.5420369839449541 0.02090500764525994 0.016126720183486265
0 0.024488723241590217 0.5587609900611621 0.023891437308868505 0.014932148318042793
0 0.020307721712538227 0.5677202790519877 0.020307721712538224 0.014932148318042793
0 0.11736668577981652 0.4975391819571866 0.017321292048929668 0.013140290519877695
0 0.010442197712418309 0.580422794117647 0.01978656045751634 0.0159569035947712
0 0.1997750580495356 0.7533620356037152 0.013907701238390108 0.016931114551083537
