0 0.09150752314814814 0.29947916666666663 0.01953125 0.014467592592592615
0 0.027126736111111112 0.3363715277777778 0.019531250000000003 0.017361111111111105
0 0.2763310185185185 0.3739872685185185 0.021701388888888895 0.01446759259259256
0 0.20833333333333331 0.46802662037037035 0.013020833333333315 0.021701388888888895
0 0.0415943287037037 0.5342158564814814 0.015190972222222224 0.02097800925925919
0 0.03255208333333333 0.556640625 0.013020833333333336 0.02242476851851849
0 0.016999421296296294 0.671657986111111 0.02097800925925926 0.01229745370370372
0 0.019169560185185182 0.7045717592592593 0.012297453703703703 0.01880787037037035
0 0.361328125 0.6593605324074073 0.013744212962962965 0.0180844907407407
0 0.20652488425925924 0.7132523148148148 0.020978009259259245 0.01446759259259256
0 0.5063657407407407 0.9599247685185185 0.01157407407407407 0.01591435185185186
0 0.5186631944444444 0.9635416666666665 0.01157407407407407 0.01880787037037035
0 0.5374710648148148 0.9707754629629629 0.01302083333333326 0.01736111111111116
0 0.5653211805555556 0.8152488425925926 0.00940393518518523 0.02025462962962965
0 0.576171875 0.8159722222222221 0.00940393518518523 0.01880787037037035
0 0.5844907407407407 0.818142361111111 0.00868055555555558 0.02025462962962954
0 0.6029369212962963 0.8253761574074074 0.01374421296296302 0.02025462962962965
0 0.5381944444444444 0.8362268518518519 0.02170138888888884 0.01446759259259267
0 0.5588107638888888 0.8608217592592592 0.01229745370370372 0.01736111111111116
0 0.5826822916666666 0.8716724537037036 0.01229745370370372 0.01591435185185186
0 0.5913628472222222 0.8763744212962963 0.01229745370370372 0.01808449074074081
0 0.45392071759259256 0.5881076388888888 0.01229745370370372 0.02170138888888884
0 0.525173611111111 0.6781684027777777 0.01591435185185186 0.01663773148148151
0 0.6304253472222221 0.5183015046296295 0.01663773148148151 0.01374421296296291
0 0.533130787037037 0.47923900462962965 0.02170138888888884 0.013744212962962965
0 0.5519386574074074 0.5258969907407407 0.01880787037037035 0.01446759259259256
0 0.4477719907407407 0.4423466435185185 0.01880787037037035 0.01519097222222221
0 0.40075231481481477 0.609447337962963 0.021701388888888895 0.01519097222222221
0 0.9892216435185184 0.5425347222222222 0.01663773148148151 0.01736111111111116
0 0.8948206018518517 0.5848524305555556 0.02314814814814814 0.01663773148148151
0 0.8275462962962963 0.558449074074074 0.02604166666666663 0.01736111111111105
0 0.816333912037037 0.5953414351851851 0.0224247685185186 0.01446759259259256
1 0.6944444444444444 0.5447048611111112 0.02893518518518512 0.01880787037037035
0 0.9595630787037036 0.5678530092592593 0.01085069444444442 0.01736111111111105
0 0.9346064814814814 0.5580873842592593 0.01012731481481488 0.01663773148148151
0 0.695167824074074 0.759548611111111 0.02025462962962965 0.01446759259259256
0 0.6788917824074073 0.7649739583333333 0.01229745370370372 0.0209780092592593
0 0.669849537037037 0.6995081018518519 0.01591435185185186 0.01157407407407407
0 0.665870949074074 0.7103587962962963 0.01663773148148151 0.01157407407407407
0 0.6615306712962963 0.7197627314814814 0.0180844907407407 0.01302083333333337
0 0.6586371527777777 0.7291666666666666 0.01808449074074081 0.01302083333333326
0 0.6539351851851851 0.7385706018518519 0.01736111111111116 0.01157407407407407
0 0.6499565972222222 0.7472511574074074 0.0180844907407407 0.01012731481481477
0 0.6474247685185185 0.7566550925925926 0.01736111111111116 0.01157407407407407
0 0.6434461805555556 0.7656973379629629 0.01808449074074081 0.01374421296296302
0 0.818142361111111 0.8619068287037037 0.02025462962962954 0.01519097222222221
0 0.7508680555555555 0.9147135416666666 0.01591435185185186 0.01374421296296302
0 0.8268229166666665 0.972583912037037 0.01157407407407407 0.0180844907407407
0 0.14223710317460317 0.37909226190476186 0.019221230158730174 0.011780753968253954
0 0.1851325757575758 0.646780303030303 0.02012310606060605 0.020123106060605966
0 0.49944196428571425 0.6640625 0.01992984693877553 0.012755102040816313
