0 0.2254445496632997 0.4980271464646464 0.023674242424242403 0.01380997474747464
0 0.3181686658249159 0.49704071969696967 0.02104377104377103 0.015782828282828176
0 0.5407723063973064 0.44870580808080807 0.020386153198653223 0.012494739057239024
0 0.7015598695286195 0.3467750420875421 0.022359006734006703 0.019070917508417495
0 0.7104377104377104 0.30205702861952866 0.017755681818181768 0.017755681818181823
0 0.8327546296296295 0.06794507575757579 0.015125210437710424 0.020386153198653202
0 0.7999659267912773 0.47018594236760125 0.009735202492211825 0.01947040498442365
0 0.8243039330218069 0.5012169003115264 0.009735202492211825 0.020687305295950142
0 0.7975321261682243 0.5085183021806854 0.01216900311526481 0.020687305295950198
0 0.591267523364486 0.5818365459501558 0.010952102803738373 0.01764505451713405
0 0.7452054127725857 0.5848787967289719 0.010952102803738262 0.01764505451713394
0 0.884236273364486 0.668844918224299 0.010343652647975099 0.018861954828660488
0 0.7506814641744548 0.6387266355140186 0.018253504672897214 0.012169003115264698
0 0.6691491433021807 0.8562475661993769 0.01216900311526481 0.020078855140186924
0 0.7418589369158879 0.9432559384735203 0.012777453271028083 0.015211253894080956
0 0.3399776090342679 0.9481235397196262 0.013385903426791301 0.018861954828660488
0 0.4060840974903475 0.6504132480694982 0.02036076254826258 0.009803330115830122
0 0.5124125241312741 0.8317748552123553 0.014327944015444016 0.012065637065637125
0 0.27034568050193053 0.659462475868726 0.017344353281853297 0.009803330115830122
0 0.4705598455598456 0.5127895752895754 0.019606660231660245 0.010557432432432456
0 0.021114864864864864 0.9720378861003862 0.015082046332046333 0.01659025096525102
0 0.8962282274590163 0.6680968237704918 0.011206454918032738 0.019211065573770503
0 0.9085019637978142 0.6635608777322404 0.010139173497267784 0.017610143442622905
0 0.9191747780054644 0.6635608777322404 0.009071892076502719 0.01654286202185784
0 0.7635285955598456 0.2152962113899614 0.012819739382239459 0.02036076254826255
