0 0.21274985923423428 0.14940526463963968 0.021114864864864885 0.01583614864864863
0 0.3609938063063063 0.24266258445945948 0.011437218468468457 0.02111486486486483
0 0.36407305743243246 0.3266821509009009 0.012317004504504514 0.021994650900900914
0 0.4450133727477477 0.2760944538288288 0.014076576576576572 0.02287443693693697
0 0.4300570101351351 0.21670889639639646 0.01583614864864863 0.02023507882882883
0 0.1670009853603604 0.07594313063063066 0.022874436936936915 0.014956362612612614
0 0.29984867680180183 0.1845967060810811 0.021114864864864857 0.012317004504504514
0 0.2844524211711712 0.26949605855855857 0.02199465090090086 0.01319679054054057
0 0.5351914414414415 0.13136965090090094 0.0202350788288288 0.01319679054054057
0 0.5637844876126126 0.013038429054054097 0.01231700450450457 0.01935529279279279
0 0.8633516328828829 0.4190596846846847 0.0202350788288288 0.016715934684684686
0 0.8620319538288288 0.4384149774774775 0.0193552927927928 0.013196790540540515
0 0.863351632882883 0.45029208896396394 0.016715934684684686 0.010557432432432456
0 0.8646713119369369 0.46348887950450446 0.017595720720720687 0.01583614864864863
0 0.8681904560810811 0.4832840653153153 0.022874436936937026 0.014956362612612628
0 0.8646713119369369 0.5048388231981982 0.0193552927927928 0.019355292792792855
0 0.33591990427927926 0.3552751970720721 0.0193552927927928 0.012317004504504514
0 0.013918215090090133 0.6715582770270271 0.02111486486486486 0.01319679054054057
0 0.014798001126126168 0.6816758164414415 0.02111486486486486 0.010557432432432456
