0 0.21562022171253822 0.028371081804281346 0.013140290519877695 0.01732129204892966
0 0.20307721712538224 0.02837108180428135 0.01194571865443425 0.01612672018348624
0 0.2123351490825688 0.04330323012232416 0.01254300458715596 0.014932148318042814
0 0.24450717787114848 0.22645308123249303 0.015318627450980393 0.018601190476190493
0 0.31699711134453784 0.244233630952381 0.020242471988795474 0.013677345938375357
0 0.23246256510416666 0.3674180772569444 0.01763237847222221 0.014919704861111105
0 0.22635904947916666 0.3914930555555556 0.01220703125 0.018310546875
0 0.1856689453125 0.40743001302083337 0.017632378472222238 0.014919704861111105
0 0.0537651909722222 0.46066623263888895 0.014241536458333329 0.016954210069444475
0 0.027655707465277762 0.43862575954861116 0.013563368055555556 0.017632378472222265
0 0.3002794053819445 0.46236165364583337 0.01763237847222221 0.014919704861111105
0 0.4003092447916667 0.4793158637152778 0.01424153645833337 0.01763237847222221
0 0.06698947482638887 0.6766628689236112 0.01763237847222223 0.02034505208333337
0 0.0724148220486111 0.8214518229166666 0.017632378472222224 0.02102322048611116
0 0.07004123263888887 0.8570556640625 0.01695421006944444 0.02170138888888884
0 0.6593695746527777 0.8082275390625 0.01559787326388895 0.01763237847222221
0 0.8940158420138888 0.9269070095486112 0.01695421006944442 0.01085069444444453
0 0.7119276258680556 0.9218207465277778 0.01085069444444453 0.01966688368055558
0 0.9109700520833334 0.9404703776041666 0.018310546875 0.01085069444444442
0 0.48061636991279066 0.34889398619186046 0.016465297965116255 0.013058684593023284
0 0.49424282340116277 0.296375363372093 0.011923146802325535 0.01703306686046513
