0 0.6429966517857144 0.21051897321428575 0.014822823660714302 0.021798270089285726
0 0.4062674386160714 0.2820172991071429 0.02267020089285715 0.014822823660714246
0 0.4629429408482143 0.3160226004464286 0.02267020089285715 0.013078962053571452
0 0.4136788504464286 0.3687744140625 0.021798270089285754 0.01395089285714285
0 0.3665945870535714 0.4664306640625 0.023542131696428548 0.0156947544642857
0 0.4184744698660714 0.41585867745535715 0.027901785714285754 0.017438616071428603
0 0.4934605189732143 0.6399448939732143 0.01046316964285715 0.017438616071428603
0 0.5178745814732143 0.48343331473214285 0.01220703125 0.0217982700892857
0 0.5453404017857143 0.5283377511160714 0.011335100446428603 0.0209263392857143
0 0.518310546875 0.6286097935267858 0.013078962053571508 0.0209263392857143
0 0.47427804129464285 0.7140590122767858 0.013950892857142905 0.019182477678571508
0 0.4363490513392857 0.6765659877232143 0.01656668526785715 0.022670200892857206
0 0.5047956194196428 0.5331333705357144 0.013950892857142905 0.0217982700892857
0 0.7589634486607143 0.14163643973214288 0.01482282366071419 0.01656668526785715
0 0.8867013113839286 0.13814871651785718 0.013950892857142794 0.02005440848214285
0 0.4420166015625 0.94403076171875 0.008392333984375 0.019073486328125
0 0.372589111328125 0.97149658203125 0.017547607421875 0.014495849609375
0 0.3233795166015625 0.8589630126953125 0.01068115234375 0.01678466796875
0 0.1494293212890625 0.899017333984375 0.0213623046875 0.014495849609375
0 0.4297316883484163 0.8592424349547512 0.009279553167420795 0.011047087104072428
0 0.42887369791666663 0.3759765625 0.016818576388888895 0.00868055555555558
