0 0.3368144132653061 0.17857142857142855 0.015146683673469385 0.022321428571428575
0 0.36232461734693877 0.5074139030612245 0.02630739795918363 0.016741071428571452
0 0.4193239795918367 0.5424904336734694 0.022321428571428603 0.016741071428571397
0 0.4193239795918367 0.5624202806122449 0.022321428571428603 0.015146683673469385
0 0.3675063775510204 0.5257493622448979 0.022321428571428603 0.015146683673469385
0 0.34677933673469385 0.5285395408163265 0.01913265306122447 0.014349489795918435
0 0.3655133928571428 0.5353156887755102 0.019929846938775475 0.013552295918367374
0 0.3575414540816326 0.5428890306122449 0.01992984693877553 0.011160714285714302
0 0.3571428571428571 0.5544483418367346 0.022321428571428548 0.011957908163265252
0 0.3368144132653061 0.5676020408163265 0.01992984693877553 0.014349489795918435
0 0.3101084183673469 0.5476721938775511 0.01913265306122447 0.015943877551020447
0 0.2802136479591837 0.5648118622448979 0.019929846938775475 0.015146683673469385
0 0.9327168367346939 0.9291294642857142 0.014349489795918324 0.01833545918367352
0 0.865752551020408 0.47672193877551017 0.017538265306122347 0.015943877551020447
0 0.8769132653061225 0.5620216836734693 0.015943877551020447 0.01913265306122447
0 0.9697863520408163 0.1630261479591837 0.021524234693877653 0.010363520408163268
