0 0.10519516050583655 0.1811922422178988 0.01291950389105058 0.0235590953307393
0 0.13103416828793774 0.18271218385214005 0.014439445525291833 0.02051921206225682
0 0.24274987840466924 0.2074112354085603 0.02203915369649806 0.018239299610894932
0 0.120394576848249 0.08201605058365757 0.014439445525291847 0.018239299610894946
0 0.343825997081712 0.3236867704280155 0.01747932879377434 0.019759241245136172
0 0.2841682879377432 0.4129833414396887 0.012159533073929973 0.02051921206225682
0 0.2552893968871595 0.47340102140077817 0.016719357976653693 0.013679474708171213
0 0.3803045963035019 0.36320525291828787 0.017479328793774285 0.018239299610894932
0 0.4616214737354085 0.539138497081712 0.009879620622568086 0.018999270428015524
0 0.3658651507782101 0.42970269941634237 0.01747932879377434 0.009879620622568086
0 0.3651051799610895 0.4198230787937743 0.0159593871595331 0.009879620622568086
0 0.2625091196498054 0.5809368920233463 0.02203915369649806 0.012919503891050566
0 0.6599738570038911 0.8636460359922179 0.025079036964980594 0.015959387159533156
0 0.48442059824902717 0.7853690418287937 0.011399562256809326 0.02051921206225682
0 0.4981000729571984 0.6276750972762646 0.020519212062256764 0.013679474708171213
0 0.5547178988326849 0.5121595330739299 0.012159533073930029 0.019759241245136172
0 0.73179109922179 0.41374331225680927 0.016719357976653693 0.014439445525291805
0 0.7203915369649805 0.4300826848249027 0.016719357976653693 0.016719357976653693
0 0.5311588035019454 0.18575206712062253 0.027358949416342315 0.014439445525291833
0 0.5357186284046693 0.12419443093385212 0.024319066147859947 0.014439445525291833
0 0.9515242204899776 0.25727310690423166 0.010004871937639215 0.01609479398663699
0 0.961529092427617 0.25466314031180404 0.009134883073496636 0.015224805122494411
0 0.9704464782850779 0.25466314031180404 0.008699888641425346 0.01609479398663699
0 0.981103841870824 0.25292316258351893 0.008264894209354168 0.016964782850779514
0 0.9921961998886414 0.24987820155902007 0.009569877505567925 0.01870476057906459
0 0.937604398663697 0.26814796770601335 0.021314727171492187 0.010874860801781738
0 0.9378218958797326 0.2798928173719376 0.021749721603563477 0.009134883073496691
0 0.9356469237193763 0.28968019209354123 0.020879732739420898 0.008699888641425402
0 0.9354294265033407 0.2990325723830735 0.020444738307349608 0.010004871937639215
0 0.9554588188559323 0.5863512976694916 0.024000264830508544 0.012413930084745783
0 0.9782176906779662 0.578902939618644 0.021517478813559254 0.014069120762711829
0 0.9467690677966103 0.8478714247881356 0.016551906779661008 0.022345074152542388
0 0.8995961334745763 0.7212493379237288 0.01986228813559321 0.010758739406779738
0 0.7482586596385543 0.37920431726907633 0.01882530120481929 0.013334588353413668
