0 0.17139668367346939 0.2228156887755102 0.01753826530612243 0.011957908163265307
0 0.3081154336734694 0.10762117346938774 0.008769132653061229 0.019132653061224483
0 0.33163265306122447 0.15146683673469385 0.01913265306122447 0.011160714285714274
0 0.21843112244897955 0.2774234693877551 0.019132653061224497 0.014349489795918324
0 0.5133928571428571 0.2224170918367347 0.012755102040816313 0.01753826530612243
0 0.6082589285714286 0.1630261479591837 0.01913265306122447 0.016741071428571425
0 0.7429846938775511 0.3224649234693877 0.01913265306122447 0.011957908163265307
0 0.7593271683673468 0.34518494897959184 0.011957908163265363 0.017538265306122403
0 0.8171237244897959 0.2275988520408163 0.017538265306122458 0.013552295918367346
0 0.7378029336734693 0.05620216836734694 0.01992984693877553 0.015146683673469392
0 0.9853316326530612 0.027901785714285712 0.011160714285714302 0.015943877551020405
0 0.9801498724489794 0.04942602040816327 0.01036352040816324 0.02072704081632653
0 0.4631696428571428 0.37906568877551017 0.02551020408163268 0.015146683673469385
0 0.8183195153061225 0.7505580357142856 0.01992984693877553 0.015146683673469385
0 0.7979910714285714 0.8330676020408163 0.01913265306122447 0.014349489795918324
0 0.942283163265306 0.842235331632653 0.012755102040816313 0.023118622448979553
