0 0.11891045875420878 0.03374894781144784 0.00920664983164983 0.016440446127946127
0 0.3526936026936027 0.14389993686868688 0.017755681818181823 0.009206649831649816
0 0.3277041245791246 0.2852877735690236 0.00723379629629628 0.01709806397306396
0 0.2632575757575758 0.3181686658249159 0.008549031986532007 0.014467592592592615
0 0.19749579124579125 0.32441603535353536 0.012494739057239052 0.017755681818181823
0 0.11956807659932663 0.5434027777777777 0.02235900673400673 0.009864267676767624
0 0.1291035353535354 0.5565551346801346 0.012494739057239038 0.009864267676767735
0 0.12811710858585862 0.5766124789562289 0.027619949494949475 0.009206649831649871
0 0.2024279250841751 0.5092066498316498 0.009206649831649816 0.01644044612794615
0 0.12811710858585862 0.5937105429292928 0.017098063973063973 0.011837121212121215
0 0.026186342592592622 0.7245764941077442 0.02235900673400673 0.011837121212121215
0 0.12614425505050508 0.6334964225589226 0.011837121212121188 0.020386153198653223
0 0.21492266414141414 0.767321654040404 0.010521885521885516 0.017098063973064015
0 0.03309132996633 0.9077230639730639 0.016440446127946127 0.008549031986532007
0 0.3947811447811448 0.9738136574074073 0.017755681818181823 0.009206649831649871
0 0.3691340488215489 0.9803898358585859 0.015125210437710479 0.00920664983164976
0 0.5401146885521886 0.8738557449494949 0.009864267676767624 0.017098063973064015
0 0.43062131734006737 0.707807239057239 0.009206649831649871 0.023016624579124567
0 0.4158249158249159 0.712081755050505 0.017755681818181823 0.011837121212121215
0 0.5069049873737373 0.2142650462962963 0.010521885521885599 0.01709806397306396
0 0.7009022516835017 0.5729955808080808 0.011837121212121215 0.015125210437710424
0 0.716356271043771 0.5769412878787878 0.015125210437710424 0.012494739057238968
0 0.822232744107744 0.580229377104377 0.01775568181818188 0.013809974747474696
0 0.7653488005050504 0.5979850589225588 0.01972853535353536 0.013809974747474807
0 0.8491950757575757 0.5960122053872053 0.01775568181818188 0.01644044612794615
0 0.8715540824915824 0.5904224537037037 0.02170138888888895 0.011837121212121215
0 0.7032039141414141 0.7485795454545454 0.011179503367003352 0.01775568181818188
0 0.7347695707070707 0.9392887205387205 0.01249473905723908 0.020386153198653112
0 0.8192734638047137 0.6025883838383839 0.013152356902356943 0.020386153198653223
0 0.8668304771505376 0.9524109543010753 0.013650873655913998 0.025201612903225867
