0 0.275031887755102 0.16222895408163263 0.017538265306122458 0.016741071428571425
0 0.2682557397959183 0.08888711734693877 0.019929846938775475 0.011957908163265307
0 0.026705994897959183 0.15585140306122447 0.016741071428571428 0.016741071428571425
0 0.4272959183673469 0.012356505102040815 0.01434948979591838 0.021524234693877552
0 0.19052933673469385 0.4998405612244897 0.01753826530612243 0.009566326530612235
0 0.009964923469387753 0.5755739795918366 0.016741071428571428 0.012755102040816313
0 0.27543048469387754 0.511001275510204 0.016741071428571397 0.011160714285714302
0 0.6082589285714286 0.9646045918367346 0.011160714285714302 0.015943877551020336
0 0.6106505102040816 0.978954081632653 0.014349489795918324 0.017538265306122458
0 0.6114477040816326 0.9917091836734693 0.014349489795918435 0.00956632653061218
0 0.6955516581632653 0.9614158163265305 0.016741071428571397 0.011160714285714302
0 0.686782525510204 0.978954081632653 0.016741071428571397 0.012755102040816313
0 0.6862842793367347 0.993682238520408 0.014150191326530615 0.008729272959183798
0 0.7334183673469388 0.6473214285714286 0.01913265306122447 0.014349489795918324
0 0.6289859693877551 0.5329241071428572 0.02072704081632648 0.015146683673469385
0 0.56640625 0.374282525510204 0.015146683673469385 0.013552295918367319
0 0.5636160714285714 0.24075255102040816 0.01913265306122458 0.009566326530612262
0 0.5811543367346939 0.24035395408163263 0.017538265306122458 0.011957908163265307
0 0.6238042091836734 0.23716517857142855 0.016741071428571397 0.010363520408163268
0 0.5779655612244897 0.1526626275510204 0.012755102040816313 0.013552295918367346
0 0.4998405612244897 0.008370535714285714 0.012755102040816257 0.016741071428571428
0 0.7154815051020407 0.1877391581632653 0.01036352040816324 0.019929846938775503
0 0.7154815051020407 0.2076690051020408 0.01036352040816324 0.021524234693877542
0 0.7366071428571428 0.2786192602040816 0.01913265306122447 0.013552295918367374
0 0.8310746173469388 0.15066964285714285 0.016741071428571508 0.011160714285714302
0 0.8051658163265305 0.2638711734693877 0.015943877551020447 0.012755102040816368
0 0.9661989795918366 0.13831313775510204 0.02072704081632648 0.011957908163265307
0 0.8238998724489796 0.3683035714285714 0.016741071428571397 0.007971938775510168
0 0.7138871173469388 0.42928890306122447 0.01036352040816324 0.01992984693877553
0 0.9498565051020407 0.41294642857142855 0.01036352040816324 0.017538265306122458
0 0.8470184948979591 0.3276466836734694 0.01036352040816324 0.017538265306122458
0 0.8314732142857142 0.4077646683673469 0.020727040816326592 0.011957908163265307
0 0.8131377551020407 0.2758290816326531 0.01913265306122447 0.009566326530612235
0 0.7621173469387754 0.5496651785714286 0.015943877551020447 0.018335459183673408
0 0.7892219387755102 0.7896205357142857 0.01913265306122447 0.013552295918367374
