0 0.6087255982367759 0.012210721032745616 0.010331391687657399 0.015743073047858942
0 0.6035599023929471 0.06386767947103276 0.01869489924433254 0.007871536523929468
0 0.6030679313602015 0.0739530856423174 0.015743073047858935 0.00836350755667506
0 0.6042978589420656 0.08256257871536525 0.01721898614609574 0.009839420654911835
0 0.6038058879093199 0.09313995591939547 0.017218986146095627 0.01033139168765744
0 0.6042978589420656 0.10224142002518893 0.01721898614609574 0.008855478589420651
0 0.6025759603274559 0.11208084068010077 0.016727015113350174 0.010823362720403018
0 0.6042978589420654 0.12069033375314864 0.015251102015113371 0.00934744962216627
0 0.6052818010075567 0.12979179785894207 0.0162350440806045 0.01180730478589423
0 0.6025759603274559 0.1415991026448363 0.017710957178841302 0.010823362720403018
0 0.6052818010075567 0.1639837846347607 0.019186870277078105 0.012299275818639793
0 0.6042978589420654 0.18513853904282118 0.015251102015113371 0.00934744962216627
0 0.6052818010075567 0.19522394521410583 0.015251102015113371 0.010823362720403018
0 0.4869183216510904 0.05826518691588785 0.011560552959501591 0.019470404984423685
0 0.552022488317757 0.053701810747663545 0.011560552959501535 0.015211253894080998
0 0.5854872468847352 0.053093360591900306 0.011560552959501535 0.01399435358255452
0 0.15801313229571984 0.5524379863813229 0.010639591439688706 0.021279182879377467
0 0.15877310311284043 0.6025960603112841 0.010639591439688706 0.018239299610894988
0 0.21919078307392995 0.6181754620622568 0.01747932879377434 0.011399562256809381
0 0.16105301556420232 0.678213156614786 0.0075997081712062264 0.018999270428015524
0 0.16105301556420232 0.6983523832684825 0.010639591439688734 0.018239299610894877
0 0.039457684824902695 0.6808730544747081 0.009119649805447473 0.021279182879377467
0 0.13787390564202334 0.7116518725680934 0.011399562256809354 0.018999270428015524
0 0.2826483463035019 0.8784654669260701 0.012159533073929973 0.013679474708171213
0 0.0934156128404669 0.7397707928015564 0.016719357976653706 0.011399562256809381
0 0.19563168774319065 0.9658621108949417 0.0159593871595331 0.013679474708171213
0 0.6116283134727627 0.9944940114299611 0.015024623054474717 0.007105727140077844
0 0.7116518725680934 0.9768816877431907 0.015959387159533156 0.009879620622568086
0 0.6455344114785992 0.7925887645914397 0.01747932879377434 0.010639591439688623
0 0.6656736381322957 0.7899288667315175 0.013679474708171213 0.01139956225680927
0 0.6576939445525292 0.8176678015564203 0.02051921206225682 0.012159533073930029
0 0.6656736381322957 0.6968324416342413 0.013679474708171213 0.012159533073930029
0 0.5163393725680934 0.5433183365758754 0.009879620622568086 0.016719357976653693
0 0.8765655398832685 0.40234375 0.02051921206225682 0.012919503891050621
0 0.8343871595330739 0.7766293774319066 0.02279912451361865 0.013679474708171213
0 0.8834052772373541 0.9913211332684826 0.018999270428015524 0.009879620622568086
0 0.3204703282828283 0.5217013888888888 0.00986426767676768 0.01644044612794615
