0 0.20254629629629628 0.19675925925925924 0.010127314814814825 0.02025462962962965
0 0.22424768518518517 0.2719907407407407 0.018807870370370378 0.014467592592592615
0 0.09765625 0.39098668981481477 0.01736111111111112 0.013744212962962965
0 0.3276909722222222 0.4477719907407407 0.01157407407407407 0.02025462962962965
0 0.07161458333333333 0.5070891203703703 0.01880787037037037 0.01302083333333326
0 0.01880787037037037 0.5573640046296295 0.018807870370370367 0.012297453703703609
0 0.07486979166666666 0.6998697916666666 0.012297453703703706 0.0209780092592593
0 0.06004050925925925 0.7533998842592592 0.013020833333333329 0.01953125
0 0.055338541666666664 0.777271412037037 0.010850694444444448 0.0166377314814814
0 0.04267939814814815 0.7074652777777777 0.013020833333333329 0.01736111111111105
0 0.12659143518518517 0.8449074074074074 0.01591435185185186 0.01012731481481477
0 0.22822627314814814 0.8720341435185185 0.01953125 0.01229745370370372
0 0.2032696759259259 0.919777199074074 0.017361111111111105 0.01374421296296291
0 0.20182291666666666 0.9313512731481481 0.01591435185185186 0.01085069444444453
0 0.3446903935185185 0.7942708333333333 0.01085069444444442 0.02025462962962965
0 0.4097945601851852 0.8503327546296295 0.01229745370370372 0.0180844907407407
0 0.24124710648148148 0.7103587962962963 0.018084490740740755 0.01446759259259256
0 0.7125289351851851 0.07740162037037036 0.01736111111111116 0.017361111111111105
0 0.8047598379629629 0.16927083333333331 0.0166377314814814 0.017361111111111105
0 0.9657118055555556 0.9845196759259258 0.01157407407407407 0.01880787037037035
0 0.9765625 0.9309895833333333 0.01736111111111105 0.01302083333333326
0 0.8781828703703702 0.2647569444444444 0.02025462962962965 0.017361111111111105
0 0.6369683506389777 0.035118809904153336 0.014976038338658126 0.02184005591054313
0 0.8764709320448878 0.9629247194513716 0.016073098503740613 0.010715399002493742
