0 0.07993344907407407 0.5573640046296295 0.016637731481481483 0.012297453703703609
0 0.045211226851851846 0.48828125 0.015190972222222217 0.021701388888888895
0 0.34541377314814814 0.5515769675925926 0.018084490740740755 0.015190972222222321
0 0.4043692129629629 0.41666666666666663 0.013020833333333315 0.01880787037037035
0 0.4976851851851851 0.5107060185185185 0.018807870370370405 0.01302083333333326
0 0.5034722222222222 0.48864293981481477 0.01591435185185186 0.01229745370370372
0 0.5439814814814814 0.39243344907407407 0.01157407407407407 0.018084490740740755
0 0.529152199074074 0.541087962962963 0.01519097222222221 0.01880787037037035
0 0.7512297453703703 0.5678530092592593 0.01953125 0.01157407407407407
0 0.5913628472222222 0.4622395833333333 0.0180844907407407 0.01157407407407407
0 0.7154224537037037 0.4955150462962963 0.02025462962962965 0.013020833333333315
0 0.6604456018518519 0.5139612268518519 0.01012731481481477 0.02097800925925919
0 0.9494357638888888 0.6597222222222221 0.0180844907407407 0.01302083333333337
0 0.8655237268518519 0.7711226851851851 0.01808449074074081 0.01302083333333326
0 0.714699074074074 0.7624421296296295 0.01302083333333337 0.02025462962962965
0 0.5790653935185185 0.7769097222222222 0.0180844907407407 0.00868055555555558
0 0.439453125 0.7787181712962963 0.010850694444444475 0.01953125
0 0.018446180555555552 0.7378472222222222 0.02097800925925926 0.01446759259259256
0 0.046657986111111105 0.8206741898148148 0.016637731481481476 0.0166377314814814
0 0.13418692129629628 0.8676938657407407 0.016637731481481483 0.01663773148148151
0 0.03870081018518518 0.972583912037037 0.012297453703703706 0.0209780092592593
0 0.010850694444444444 0.8174189814814814 0.015914351851851853 0.01880787037037035
0 0.4275173611111111 0.8203125 0.01157407407407407 0.01591435185185175
0 0.8626302083333333 0.7913773148148148 0.01374421296296302 0.01736111111111116
0 0.9280960648148148 0.9085648148148148 0.01591435185185186 0.02314814814814814
0 0.23126872276688454 0.45041019880174293 0.010637935729847503 0.01744621459694984
