0 0.2729596712538226 0.007764717125382263 0.020307721712538196 0.0095565749235474
0 0.029565653669724773 0.27415424311926606 0.012543004587155963 0.01911314984709478
0 0.43601873088685017 0.17082377675840976 0.017918577981651362 0.01194571865443425
0 0.46170202599388377 0.16903191896024466 0.020307721712538196 0.01194571865443425
0 0.7612409212538227 0.017022649082568807 0.01971043577981646 0.011348432721712539
0 0.7519829892966361 0.02956565366972477 0.01911314984709478 0.014932148318042814
0 0.20595452724358973 0.940880408653846 0.018780048076923073 0.012520032051282048
0 0.3837389823717948 0.8792192508012819 0.016276041666666685 0.013146033653846145
0 0.37184495192307687 0.8053510616987178 0.016276041666666685 0.014398036858974339
0 0.4194210737179487 0.8084810697115384 0.012520032051282048 0.02065805288461542
0 0.44164413060897434 0.8159930889423077 0.014398036858974339 0.019406049679487114
0 0.4413311298076923 0.8538661858974359 0.020032051282051322 0.017528044871794823
0 0.46136318108974356 0.9662334735576923 0.012520032051282048 0.015650040064102533
0 0.5665314503205128 0.9815705128205128 0.013772035256410242 0.01627604166666674
0 0.5787384815705128 0.8059770633012819 0.014398036858974339 0.014398036858974339
0 0.7671649639423077 0.964042467948718 0.016902043269230727 0.023788060897435903
0 0.8626302083333333 0.970302483974359 0.017528044871794823 0.013772035256410242
0 0.879219250801282 0.9336813902243589 0.02065805288461542 0.02065805288461542
0 0.4576822916666667 0.6745975378787878 0.012428977272727293 0.018939393939393923
