0 0.18335700757575757 0.19815340909090912 0.013152356902356915 0.021701388888888867
0 0.26391519360269367 0.22610216750841752 0.00986426767676768 0.01709806397306396
0 0.3184974747474748 0.24089856902356904 0.012494739057239024 0.019070917508417523
0 0.055779145622895654 0.09096170033670037 0.018413299663299666 0.012494739057239052
0 0.21689551767676768 0.2990977483164984 0.010521885521885516 0.01709806397306396
0 0.2372816708754209 0.35696811868686873 0.017098063973063987 0.014467592592592615
0 0.24188499579124578 0.3382260101010101 0.014467592592592587 0.015125210437710424
0 0.19190603956228958 0.5854903198653199 0.02104377104377103 0.01249473905723908
0 0.18237058080808083 0.6246185816498316 0.020386153198653195 0.01446759259259256
0 0.07353482744107748 0.6236321548821548 0.010521885521885516 0.01775568181818188
0 0.0127051767676768 0.48125789141414144 0.020386153198653195 0.013152356902356943
0 0.0827414772727273 0.7564709595959596 0.01972853535353536 0.013809974747474696
0 0.05150462962962966 0.9027909301346801 0.011179503367003366 0.01972853535353536
0 0.06334175084175087 0.9064078282828282 0.011179503367003372 0.015125210437710424
0 0.5542534722222222 0.9741424663299663 0.009206649831649871 0.020386153198653112
0 0.563460122053872 0.9771017466329965 0.010521885521885488 0.01841329966329963
0 0.5943681607744107 0.9800610269360268 0.011837121212121215 0.01644044612794604
0 0.601601957070707 0.9863083964646464 0.010521885521885488 0.015782828282828287
0 0.611696390993266 0.9915200178872053 0.010982218013468104 0.013053714225589319
