0 0.551223466981132 0.7719634433962264 0.012529481132075415 0.016951650943396124
0 0.5431161556603774 0.7780439268867925 0.011055424528301994 0.016583136792452824
0 0.5326135023584906 0.7826503537735849 0.012160966981132115 0.015477594339622702
0 0.521926591981132 0.7902048938679245 0.01510908018867918 0.018057193396226467
0 0.5116081957547169 0.7973909198113207 0.013635023584905648 0.016951650943396235
0 0.5 0.8093676297169812 0.01031839622641506 0.017320165094339646
0 0.4894973466981132 0.8143425707547169 0.009212853773584884 0.016951650943396235
0 0.17828714622641506 0.7474572523584906 0.009581367924528322 0.013635023584905648
0 0.19431751179245282 0.7413767688679245 0.0106869103773585 0.014003537735849059
0 0.13648711253369272 0.3857606132075472 0.018425707547169823 0.016846361185983816
0 0.08252611185983827 0.44551255053908356 0.012634770889487862 0.017372809973045855
0 0.062257833557951475 0.44998736522911054 0.011055424528301883 0.021057951482479798
0 0.0401469845013477 0.44946091644204855 0.011055424528301883 0.017899258760107783
0 0.03014445754716981 0.4549886287061995 0.008949629380053909 0.016319912398921832
0 0.020405154986522907 0.4518299359838275 0.01158187331536388 0.01947860512129379
0 0.04778049191374662 0.2670464117250674 0.01684636118598383 0.01000252695417786
0 0.06410040431266846 0.2670464117250674 0.009476078167115903 0.014214117250673841
0 0.07357648247978436 0.2725741239892183 0.008423180592991908 0.01263477088948789
0 0.27231089959568733 0.1946597035040431 0.013161219676549873 0.014740566037735853
0 0.3768109838274933 0.3046875 0.016846361185983816 0.011581873315363922
0 0.4334042284366577 0.2494103773584906 0.010002526954177915 0.016846361185983844
0 0.8799235026041667 0.04908243815104167 0.01729329427083337 0.01373291015625
0 0.9351094563802084 0.016530354817708336 0.01678466796875 0.014750162760416668
