0 0.0980548469387755 0.6178252551020408 0.01594387755102042 0.017538265306122458
0 0.08649553571428571 0.625 0.018335459183673464 0.017538265306122458
0 0.2427455357142857 0.942283163265306 0.01036352040816324 0.02072704081632648
0 0.393813775510204 0.9091996173469388 0.022321428571428548 0.013552295918367263
0 0.3435905612244898 0.9845344387755102 0.01913265306122447 0.011160714285714302
0 0.28380102040816324 0.6955516581632653 0.015943877551020447 0.011957908163265252
0 0.45878507653061223 0.4089604591836734 0.015146683673469385 0.012755102040816368
0 0.572783801020408 0.3164859693877551 0.01036352040816324 0.017538265306122458
0 0.5660076530612245 0.5899234693877551 0.00956632653061229 0.017538265306122458
0 0.6261957908163265 0.6206154336734693 0.013552295918367374 0.013552295918367263
0 0.5480707908163265 0.981345663265306 0.01992984693877542 0.014349489795918435
0 0.7401945153061225 0.7653061224489796 0.011957908163265363 0.015943877551020336
0 0.60546875 0.3172831632653061 0.015146683673469385 0.012755102040816313
0 0.9622130102040816 0.4536033163265306 0.015943877551020336 0.011160714285714246
