0 0.27054398148148145 0.20435474537037035 0.01446759259259256 0.01519097222222221
0 0.09259259259259259 0.7638888888888888 0.01591435185185186 0.01012731481481488
0 0.5298755787037037 0.35337094907407407 0.00795717592592593 0.01953125
0 0.5736400462962963 0.12188946759259259 0.01446759259259256 0.01663773148148147
0 0.6239149305555556 0.030381944444444444 0.01663773148148151 0.01880787037037037
0 0.6264467592592593 0.06763599537037036 0.01302083333333337 0.01953125
0 0.6184895833333333 0.185546875 0.01736111111111105 0.018084490740740727
0 0.6474247685185184 0.6727430555555556 0.01880787037037035 0.01157407407407407
0 0.6741898148148148 0.23799189814814814 0.02025462962962954 0.01591435185185186
0 0.8778211805555555 0.1294849537037037 0.01085069444444442 0.01880787037037035
0 0.933521412037037 0.06546585648148148 0.01953125 0.01663773148148149
0 0.9595630787037037 0.12514467592592593 0.01374421296296291 0.01736111111111112
0 0.9678819444444444 0.14576099537037035 0.01591435185185186 0.018084490740740727
0 0.9765625 0.15227141203703703 0.01446759259259267 0.016637731481481483
0 0.9898365162037037 0.16200086805555555 0.01642071759259267 0.015842013888888895
0 0.9592013888888888 0.17324942129629628 0.01302083333333326 0.01519097222222221
0 0.9693287037037036 0.17975983796296297 0.01591435185185186 0.015190972222222238
0 0.9559461805555555 0.24160879629629628 0.01374421296296302 0.01591435185185186
0 0.7913773148148148 0.25752314814814814 0.01302083333333326 0.017361111111111077
