3 0.2671274038461538 0.031035370879120897 0.06653502747252746 0.05580357142857143
3 0.4753176510989011 0.2767857142857143 0.06224244505494503 0.06224244505494503
3 0.5378024193548387 0.025107106854838707 0.10238155241935487 0.044102822580645164
3 0.507875504032258 0.36532888104838707 0.05197832661290319 0.050403225806451624
3 0.5535534274193548 0.44408392137096775 0.06772933467741937 0.053553427419354815
3 0.5921433971774193 0.5259891633064515 0.059853830645161366 0.07560483870967738
3 0.6842867943548387 0.17946698588709678 0.08033014112903236 0.05985383064516131
3 0.7244518649193548 0.26294732862903225 0.06930443548387089 0.08190524193548387
3 0.800844254032258 0.4204574092741935 0.06457913306451613 0.06300403225806456
3 0.9260647681451613 0.6086819556451613 0.07560483870967749 0.07087953629032251
3 0.9772555443548387 0.7551663306451613 0.03937752016129037 0.07402973790322576
1 0.3204340523338048 0.4075926007779349 0.015470297029702929 0.02071914780763795
1 0.3346612004950495 0.4342512376237624 0.016299062942008447 0.02320544554455445
1 0.18755525106082038 0.4270685997171145 0.014365275813295608 0.022100424328147128
1 0.1749856347241867 0.42720672736916543 0.014641531117397466 0.022929190240452646
1 0.16946052864214994 0.4316268122347949 0.015194041725601126 0.020166637199434234
1 0.17871508132956154 0.45082655586987264 0.013812765205091948 0.021547913719943412
1 0.5399897997032641 0.754282965504451 0.02173358679525217 0.015068620178041559
1 0.5528850612017804 0.7584847922848664 0.022023367952522244 0.01651752596439171
1 0.5578113408753709 0.7681924610534124 0.02318249258160232 0.016227744807121747
1 0.5660701038575668 0.7855793304896143 0.024051836053412434 0.0185459940652819
1 0.2464500633445946 0.8521827491554055 0.017155827702702686 0.029032939189189144
1 0.10441960515202703 0.8921030405405406 0.0221046241554054 0.0151763091216216
1 0.17139331714527029 0.695140941722973 0.014186549831081058 0.02045502533783783
