0 0.02657922400611621 0.1487241972477064 0.01612672018348624 0.015529434250764529
0 0.025384652140672783 0.1857559250764526 0.01851586391437309 0.02150229357798164
0 0.048678803516819566 0.20367450305810397 0.01732129204892966 0.014334862385321112
0 0.07077838302752293 0.18695049694189603 0.011348432721712529 0.015529434250764529
0 0.31536697247706424 0.15589162844036697 0.016724006116208 0.013140290519877695
0 0.5166523318042813 0.13289612003058104 0.014334862385321112 0.016126720183486223
0 0.5384532683486238 0.11856125764525993 0.016126720183486265 0.017321292048929668
0 0.6092316513761468 0.10183725152905199 0.017918577981651307 0.016126720183486237
0 0.6247610856269112 0.06331230886850153 0.01911314984709478 0.019113149847094807
0 0.6361095183486238 0.10333046636085627 0.014334862385321112 0.015529434250764529
0 0.671050745412844 0.13319476299694188 0.016126720183486265 0.015529434250764529
0 0.7191322629969419 0.17828985091743121 0.017918577981651307 0.016126720183486237
0 0.797675363149847 0.21472429281345567 0.0185158639143731 0.01493214831804282
0 0.7827432148318043 0.22786458333333331 0.014932148318042793 0.016126720183486237
0 0.8669605313455657 0.18276949541284404 0.016126720183486265 0.017918577981651362
0 0.8039468654434251 0.0743620986238532 0.016724006116207946 0.016126720183486237
0 0.8532229548929664 0.26310445336391436 0.014932148318042793 0.016126720183486265
0 0.874725248470948 0.3105886850152905 0.014932148318042904 0.016724006116207946
0 0.9855217889908257 0.3831589258409786 0.017918577981651418 0.016126720183486265
0 0.47902331804281345 0.3234303325688074 0.017918577981651418 0.011348432721712542
0 0.7179376911314985 0.5841456422018348 0.016724006116208057 0.02030772171253825
0 0.9254945527522935 0.7725893539755352 0.017321292048929737 0.016126720183486265
0 0.8887614678899083 0.7651232798165137 0.011945718654434279 0.01314029051987764
0 0.8959288990825688 0.7731866399082569 0.009556574923547334 0.011348432721712598
0 0.3939100726299694 0.7830418577981652 0.01254300458715596 0.016724006116207946
0 0.03423861799568962 0.2625942887931034 0.011365167025862068 0.012627963362069006
