0 0.15738484327217123 0.20666093272171254 0.016126720183486237 0.01194571865443425
0 0.015529434250764525 0.03434394113149847 0.01194571865443425 0.01851586391437309
0 0.3099913990825688 0.09198203363914373 0.011945718654434223 0.015529434250764529
0 0.30909547018348627 0.24488723241590213 0.01015386085626907 0.020307721712538196
0 0.31745747324159024 0.014932148318042814 0.011348432721712542 0.015529434250764529
0 0.44378344801223246 0.2341360856269113 0.015529434250764529 0.01194571865443425
0 0.5623447056574924 0.2517560206422018 0.011348432721712487 0.019710435779816515
0 0.7268969801223242 0.0355385129969419 0.016724006116207946 0.012543004587155963
0 0.9428158448012232 0.12871511850152906 0.014932148318042793 0.012543004587155973
0 0.14095948012232418 0.49933103975535165 0.020307721712538224 0.01314029051987764
0 0.30401853975535165 0.5217292622324159 0.019113149847094835 0.01254300458715596
0 0.4133218654434251 0.6131140099388379 0.016724006116207946 0.01373757645259932
0 0.3120818998470948 0.5683175649847094 0.0185158639143731 0.013737576452599431
0 0.2902809633027523 0.5701094227828747 0.011945718654434223 0.01971043577981646
0 0.026877866972477064 0.7549694189602447 0.01194571865443425 0.01911314984709478
0 0.039122228593272176 0.8236573012232415 0.012543004587155966 0.021502293577981724
0 0.39779243119266056 0.8188790137614679 0.021502293577981613 0.014334862385321112
0 0.4655843845565749 0.8039468654434251 0.019710435779816515 0.011945718654434279
0 0.4500549503058104 0.8350057339449541 0.0185158639143731 0.010751146788990806
0 0.4760368883792049 0.8308247324159022 0.017918577981651362 0.011945718654434279
0 0.8218654434250765 0.7265983371559633 0.017918577981651418 0.01254300458715596
0 0.9374402714067278 0.9284809824159022 0.0185158639143731 0.011348432721712598
0 0.7603449923547401 0.8989153287461773 0.016724006116207946 0.011945718654434168
0 0.6080370795107033 0.8520283830275229 0.021502293577981724 0.01254300458715596
0 0.5563718463302751 0.9395307721712538 0.013737576452599431 0.011945718654434279
0 0.38793721330275227 0.8478473814984709 0.020905007645259932 0.011348432721712598
0 0.23503201452599387 0.9207162652905199 0.016126720183486237 0.010153860856269126
0 0.6719466743119266 0.8857750382262997 0.016724006116207946 0.010751146788990806
0 0.17998273982558138 0.33555141715116277 0.01021984011627905 0.015897529069767435
