0 0.06947683457711443 0.32211986940298504 0.022349191542288552 0.014575559701492491
0 0.10300062189054726 0.1481848569651741 0.019434079601990048 0.012632151741293507
0 0.1358825496941896 0.17291427752293578 0.013737576452599404 0.0185158639143731
0 0.621763859832636 0.6123659780334727 0.014709728033472813 0.018795763598326354
0 0.6221724633891214 0.6446456589958158 0.013892520920502083 0.027785041841004166
0 0.6671188546025104 0.7615062761506276 0.017161349372385004 0.019612970711297084
0 0.6070541317991631 0.8019580282426777 0.013075313807531352 0.018795763598326354
0 0.44851595188284515 0.8358721234309623 0.017978556485355623 0.017978556485355623
0 0.4342148274058577 0.8456786087866108 0.015526935146443488 0.017978556485355623
0 0.5364138176638176 0.8708377849002849 0.011128917378917413 0.01891915954415957
0 0.5183293269230769 0.8569266381766382 0.008346688034188032 0.017806267806267817
0 0.7378472222222221 0.7776331018518519 0.011128917378917413 0.015024038461538436
0 0.7570446047008547 0.8680555555555556 0.020588497150997087 0.012241809116809166
0 0.9117365562678061 0.9526353276353275 0.011685363247863179 0.017806267806267817
0 0.8165843126780626 0.9476273148148148 0.01168536324786329 0.020032051282051322
0 0.7943264779202279 0.9746149394586894 0.01613693019943019 0.010572471509971537
0 0.9412281873219372 0.9718327101139601 0.010572471509971537 0.01724982193732194
0 0.9356637286324786 0.9473490918803418 0.010572471509971537 0.020588497150997198
0 0.9732238247863247 0.9785100605413104 0.012241809116809055 0.01724982193732194
0 0.9679320245726495 0.9931473691239316 0.009448450854700918 0.009799011752136821
0 0.9920344773860399 0.9832565438034188 0.012024795227920326 0.010049412393162482
0 0.7550970441595442 0.7979433760683761 0.013354700854700918 0.010016025641025661
0 0.755375267094017 0.8082376246438746 0.013911146723646794 0.009459579772079785
0 0.44376536165730335 0.8675825140449438 0.019750702247191 0.012618504213483095
0 0.42739246103117506 0.8903814448441247 0.017329886091127067 0.013114508393285318
0 0.7802610759493671 0.8786590189873418 0.016811708860759444 0.010878164556962111
0 0.7231212797619047 0.7605820105820105 0.01085069444444453 0.017567791005291045
