0 0.0390625 0.4149394132653061 0.01594387755102041 0.015146683673469385
0 0.17976721938775508 0.41374362244897955 0.016741071428571425 0.012755102040816313
0 0.3878348214285714 0.15864158163265304 0.013552295918367374 0.017538265306122458
0 0.4436383928571428 0.3176817602040816 0.010363520408163296 0.01992984693877553
0 0.34279336734693877 0.19850127551020408 0.022321428571428548 0.019132653061224497
0 0.7494729662698412 0.5926545965608465 0.012917493386243373 0.018601190476190466
0 0.5548547701511335 0.8453636649874054 0.011807304785894202 0.00934744962216627
0 0.5595284949622166 0.8529892159949621 0.013283217884131004 0.009839420654911835
0 0.5676460170025188 0.8731600283375315 0.015743073047858935 0.011807304785894202
0 0.5399033549046321 0.47976626362397823 0.01862653269754766 0.016497786103542245
