0 0.12333954510703364 0.022696865443425078 0.016126720183486237 0.013140290519877678
0 0.2335387996941896 0.02478736620795107 0.010751146788990834 0.019710435779816515
0 0.1215476873088685 0.03374665519877676 0.0185158639143731 0.010153860856269115
0 0.11497754204892965 0.06749331039755352 0.014932148318042807 0.013140290519877675
0 0.12184633027522937 0.11497754204892965 0.009556574923547403 0.017321292048929668
0 0.027475152905198776 0.10631689602446483 0.0191131498470948 0.01194571865443425
0 0.33895976681957185 0.13647983562691132 0.011348432721712542 0.0185158639143731
0 0.3192493310397554 0.20606364678899083 0.011348432721712542 0.016724006116207946
0 0.28908639143730885 0.1899369266055046 0.015529434250764529 0.016724006116207946
0 0.3177561162079511 0.247276376146789 0.017918577981651362 0.011945718654434279
0 0.26848002675840976 0.241004873853211 0.017321292048929682 0.01254300458715596
0 0.2096473623853211 0.25922209480122327 0.010751146788990834 0.019113149847094807
0 0.13170154816513763 0.39241685779816515 0.01373757645259939 0.021502293577981668
0 0.17171970565749237 0.41302322247706424 0.019710435779816515 0.012543004587156015
0 0.19829892966360857 0.432136372324159 0.019113149847094807 0.011348432721712542
0 0.19979214449541283 0.48648939220183485 0.022099579510703377 0.013737576452599376
0 0.08391867354740061 0.3529959862385321 0.011348432721712542 0.017918577981651362
0 0.21771072247706422 0.6146072247706422 0.017321292048929682 0.011945718654434279
0 0.04628965978593272 0.5450234136085628 0.012543004587155966 0.0185158639143731
0 0.033448012232415905 0.5931049311926606 0.013140290519877675 0.021502293577981724
0 0.056144877675840976 0.6680643157492354 0.013140290519877668 0.0185158639143731
0 0.01732129204892966 0.6498470948012232 0.0095565749235474 0.015529434250764473
0 0.017619935015290522 0.8030509365443426 0.010153860856269115 0.0185158639143731
0 0.12931240443425077 0.829032874617737 0.010153860856269126 0.01911314984709489
0 0.0683892392966361 0.777068998470948 0.008959288990825695 0.015529434250764584
0 0.07914038608562692 0.7773676414373089 0.0077647171253822644 0.016126720183486265
0 0.08929424694189603 0.7815486429663608 0.008959288990825681 0.01971043577981657
0 0.09944810779816513 0.7842364296636086 0.010153860856269112 0.017918577981651418
