0 0.9192313762626262 0.4694207702020202 0.017098063973064015 0.01446759259259256
0 0.7189867424242424 0.42207228535353536 0.017755681818181768 0.013152356902356888
0 0.6617739898989898 0.389849010942761 0.019070917508417495 0.01446759259259256
0 0.677885627104377 0.330334595959596 0.018413299663299743 0.013809974747474751
0 0.5920664983164983 0.39839804292929293 0.02696233164983164 0.015782828282828232
0 0.520714962121212 0.007773042929292962 0.015782828282828287 0.009206649831649831
0 0.4401567760942761 0.025857533670033697 0.01644044612794615 0.013809974747474748
0 0.4368686868686869 0.03572180134680138 0.015125210437710424 0.011179503367003366
0 0.3632154882154882 0.23103430134680136 0.017755681818181823 0.015125210437710424
0 0.2504340277777778 0.19453651094276095 0.018413299663299715 0.013152356902356888
0 0.19650936447811448 0.21590909090909094 0.02104377104377103 0.015125210437710451
0 0.2764099326599327 0.15179135101010105 0.020386153198653223 0.014467592592592587
0 0.2261021675084175 0.1379813762626263 0.014467592592592587 0.014467592592592587
0 0.160340382996633 0.10312763047138052 0.01972853535353536 0.017098063973063973
1 0.021313394360269376 0.03011232112794614 0.04262678872053875 0.02897464225589228
