0 0.9121817129629629 0.21158854166666666 0.01591435185185186 0.013744212962962965
0 0.9089265046296295 0.2224392361111111 0.01229745370370372 0.015190972222222238
0 0.7664207175925926 0.29767071759259256 0.01663773148148151 0.01519097222222221
0 0.7512297453703703 0.28935185185185186 0.01229745370370372 0.015914351851851805
0 0.9356915509259258 0.3591579861111111 0.01519097222222221 0.01519097222222221
0 0.8485243055555556 0.4759837962962963 0.01157407407407407 0.01880787037037035
0 0.8394820601851851 0.4698350694444444 0.01374421296296302 0.01953125
0 0.60546875 0.4748987268518518 0.01157407407407407 0.01953125
0 0.5978732638888888 0.4369212962962963 0.0166377314814814 0.01591435185185186
0 0.9479890046296295 0.34649884259259256 0.01519097222222221 0.01591435185185186
0 0.8672632677801724 0.10390288254310343 0.016416352370689613 0.013469827586206906
0 0.9127475247524752 0.7155012376237624 0.01804867986798675 0.014181105610561073
0 0.7248478754125411 0.7303269389438942 0.012247318481848235 0.019337871287128716
0 0.4328460189768977 0.6897174092409241 0.010958127062706269 0.021916254125412538
0 0.7303269389438943 0.8647251443894388 0.012891914191419218 0.017404084158415878
0 0.42930074257425743 0.8118682962046204 0.009024339933993375 0.0199824669966997
0 0.31166202557755773 0.85537850660066 0.014825701320132056 0.021916254125412538
0 0.4183426155115511 0.9014670998349834 0.014181105610561073 0.0199824669966997
0 0.5274945704633205 0.6590854247104247 0.008295125482625565 0.019606660231660245
0 0.7397743725868726 0.557281611969112 0.013573841698841793 0.018098455598455576
0 0.8555290781853282 0.6511673503861004 0.012819739382239348 0.020360762548262468
0 0.44039575289575295 0.8159387065637066 0.010557432432432401 0.021114864864864913
0 0.3250180984555985 0.7884139720077221 0.009049227799227788 0.01885255791505791
