2 0.9221470771144278 0.8745335820895521 0.031094527363184077 0.021377487562189046
2 0.9187461131840795 0.8954252176616915 0.030122823383084585 0.014575559701492602
2 0.9134017412935322 0.9172885572139302 0.03303793532338317 0.021377487562189046
2 0.9095149253731343 0.9396377487562189 0.02720771144278611 0.015547263681591983
2 0.9056301164987405 0.9609768576826196 0.03148614609571787 0.01623504408060461
2 0.9100578557934509 0.9828695686397985 0.03345403022670024 0.015743073047858935
2 0.8667644049118388 0.8886571158690175 0.04329345088161218 0.01721898614609574
2 0.8579089263224181 0.9093198992443324 0.03640585642317373 0.0162350440806045
2 0.8542191435768262 0.9531053211586902 0.0398496536523929 0.02312263853904284
2 0.8539731580604534 0.976227959697733 0.040341624685138466 0.01623504408060461
2 0.8509868938916876 0.9921801204345089 0.03240121221662473 0.011733509130982367
2 0.7218789357682619 0.8448716939546599 0.038865711586901774 0.01721898614609574
2 0.7206490081863979 0.8662724338790931 0.036405856423173844 0.016727015113350063
2 0.7179431675062973 0.889395072418136 0.04181753778337527 0.020662783375314797
2 0.7176971819899244 0.9139936240554156 0.03935768261964734 0.017710957178841302
2 0.7147453557934509 0.9390841467254407 0.03935768261964734 0.023614609571788403
2 0.7090876889168766 0.9612228431989924 0.03591388539042817 0.017710957178841302
2 0.6586606580604534 0.8367541719143576 0.03935768261964734 0.015743073047858935
2 0.6635803683879093 0.8598768104534005 0.04329345088161218 0.016727015113350063
2 0.6660402235516372 0.8825074779596978 0.04427739294710331 0.01869489924433243
2 0.49483430415617125 0.8131395623425692 0.04230950881612089 0.020662783375314797
2 0.4955722607052897 0.8389680415617129 0.042801479848866564 0.0221386964735516
2 0.4874547386649874 0.9078439861460956 0.04526133501259444 0.021154754408060472
2 0.48155108627204024 0.9285067695214105 0.050181045340050356 0.020170812342569233
2 0.4808131297229219 0.9543352487405541 0.050673016372795976 0.021646725440806036
2 0.42817222921914355 0.8269147512594458 0.04575330604534006 0.022630667506297275
2 0.4065255037783375 0.9437578715365239 0.05460878463476071 0.019186870277078105
2 0.40554156171284633 0.964174669395466 0.05952849496221657 0.021646725440806036
2 0.23925535264483627 0.8352782588161208 0.043785421914357636 0.027550377833753137
2 0.22966191750629722 0.9218651605793451 0.05313287153652388 0.022630667506297164
2 0.2212984099496222 0.9543352487405541 0.058052581863979796 0.027550377833753137
2 0.21736264168765745 0.9860673803526447 0.05903652392947101 0.023122638539042728
2 0.1465188129722922 0.8798016372795969 0.05706863979848867 0.038865711586901774
2 0.14504289987405544 0.9218651605793451 0.0728117128463476 0.036405856423173844
2 0.1337275661209068 0.9612228431989924 0.06002046599496222 0.01869489924433254
2 0.07592096977329976 0.9774578872795969 0.02312263853904281 0.017710957178841302
