2 0.9020622184684685 0.5043989301801802 0.03255208333333326 0.04662865990991
2 0.8343186936936937 0.6838752815315315 0.0184755067567568 0.023754222972973027
2 0.7023507882882882 0.7670150619369369 0.023754222972972916 0.0387105855855856
2 0.9907446509009009 0.910816089527027 0.014604448198198172 0.03774282094594594
2 0.6571297860360361 0.9793074324324325 0.017771677927927887 0.03747888513513509
2 0.46480855855855857 0.9095403997747749 0.016715934684684686 0.035191441441441484
2 0.4247782939189189 0.7023507882882882 0.015836148648648685 0.027273367117117142
2 0.3367996903153153 0.767894847972973 0.022874436936936915 0.028153153153153143
2 0.10541596283783787 0.9249366554054054 0.017595720720720714 0.036071227477477485
2 0.20043285472972977 0.8571931306306306 0.026393581081081086 0.03783079954954949
2 0.24134290540540543 0.6926731418918919 0.02551379504504503 0.041349943693693714
2 0.31568482545045046 0.5901780686936937 0.03343186936936937 0.036951013513513487
2 0.42389850788288286 0.570382882882883 0.014076576576576572 0.030792511261261257
2 0.09617820945945948 0.5114372184684685 0.014956362612612614 0.027273367117117198
