2 0.43969605099502485 0.7768773320895521 0.02623600746268656 0.04761349502487566
2 0.10397232587064675 0.7122590174129353 0.015547263681592038 0.03303793532338306
2 0.19482664800995023 0.5533854166666665 0.020405783582089554 0.0417832711442786
2 0.4474696828358209 0.49751243781094523 0.01651896766169153 0.033037935323383005
2 0.28325171019900497 0.3468983208955223 0.018462375621890514 0.04469838308457713
2 0.1671330845771144 0.28519511815920395 0.01749067164179105 0.030122823383084585
2 0.101543065920398 0.2749922263681592 0.016518967661691544 0.02332089552238803
2 0.15595848880597013 0.15158582089552236 0.022349191542288538 0.038868159203980096
2 0.1025147699004975 0.030608675373134324 0.01651896766169153 0.03206623134328358
2 0.19919931592039797 0.06607587064676616 0.019434079601990034 0.03498134328358208
2 0.24584110696517408 0.20940220771144274 0.021377487562189018 0.03983986318407959
2 0.3629314365671641 0.12437810945273631 0.01651896766169153 0.02915111940298505
2 0.4421253109452736 0.0199199315920398 0.017490671641791078 0.030122823383084574
2 0.45427161069651734 0.24778451492537312 0.014575559701492546 0.03498134328358207
2 0.5611590485074627 0.2715912624378109 0.014575559701492602 0.03206623134328357
2 0.5873950559701492 0.15984530472636815 0.014575559701492491 0.030122823383084557
2 0.7365516169154227 0.3507851368159204 0.031094527363184077 0.04469838308457713
2 0.8410097947761193 0.2356382151741293 0.016518967661691586 0.030122823383084557
2 0.8750194340796019 0.07287779850746268 0.014575559701492491 0.038868159203980096
2 0.6362894917582418 0.5466818337912088 0.015024038461538436 0.02897493131868134
