0 0.44318616207951067 0.6525348814984709 0.011945718654434223 0.01971043577981657
0 0.18400493421052633 0.20559210526315788 0.013020833333333343 0.01918859649122806
0 0.16138980263157893 0.3059895833333333 0.013020833333333343 0.014391447368421018
0 0.4303728070175439 0.15248081140350878 0.015076754385964952 0.011650219298245612
0 0.09731359649122806 0.04077576754385964 0.012335526315789477 0.01576206140350877
0 0.07367050438596491 0.40604440789473684 0.013020833333333343 0.01302083333333337
0 0.05585252192982457 0.4135827850877193 0.018503289473684216 0.015762061403508776
0 0.2957099780701754 0.17543859649122806 0.019873903508771884 0.01096491228070176
0 0.4577850877192982 0.0678453947368421 0.01918859649122806 0.013706140350877194
0 0.3568655795218295 0.9436151897089398 0.012181652806652787 0.020302754677754664
