0 0.09874131944444445 0.6776258680555556 0.011935763888888881 0.02061631944444442
0 0.31854538690476186 0.6166811342592592 0.018084490740740755 0.01085069444444442
0 0.6376759105960266 0.2674229097682119 0.020695364238410563 0.009700951986754969
0 0.6396161009933774 0.30363979718543044 0.012934602649006588 0.01875517384105957
0 0.7223975579470199 0.33112582781456956 0.0181084437086092 0.01681498344370863
0 0.7518237789735099 0.6764797185430464 0.017461713576159 0.011641142384105962
0 0.8840800910596026 0.6858573054635762 0.01552152317880795 0.008407491721854399
0 0.9054221854304636 0.685533940397351 0.018108443708609312 0.009054221854304711
0 0.9332315811258278 0.6845638451986755 0.0181084437086092 0.01099441225165565
0 0.9587774213576159 0.6842404801324503 0.02004863410596025 0.0090542218543046
0 0.8210239031456954 0.6515806084437086 0.013581332781457012 0.01099441225165565
0 0.9099492963576159 0.15230494619205298 0.016814983443708575 0.01099441225165565
0 0.6094357976653697 0.17017266536964978 0.016719357976653693 0.013679474708171213
