0 0.57861328125 0.6882052951388888 0.01790364583333326 0.01030815972222221
0 0.004348466981132059 0.6444575471698113 0.008107311320754719 0.016214622641509413
0 0.01208726415094338 0.662330483490566 0.009581367924528301 0.015109080188679291
0 0.02240566037735847 0.65625 0.008844339622641511 0.022110849056603765
0 0.031802771226415075 0.6558814858490566 0.010686910377358493 0.02432193396226423
0 0.06994398584905659 0.6606721698113207 0.009581367924528308 0.013266509433962237
0 0.02793337264150942 0.6916273584905661 0.012529481132075474 0.01474056603773588
0 0.0397258254716981 0.6897847877358491 0.010318396226415089 0.016214622641509413
0 0.05059699292452828 0.6901533018867925 0.009212853773584904 0.016214622641509413
0 0.06091538915094338 0.6910745872641509 0.009949882075471705 0.018794221698113178
0 0.07160229952830188 0.6910745872641509 0.010686910377358486 0.015846108490566113
0 0.045437794811320736 0.7052623820754718 0.01953125 0.008844339622641528
0 0.023695459905660358 0.8493514150943396 0.015846108490566037 0.007370283018867996
0 0.04083136792452828 0.847877358490566 0.009581367924528301 0.016951650943396235
0 0.05041273584905659 0.8465875589622642 0.00810731132075472 0.015846108490566002
0 0.05870430424528301 0.8456662735849056 0.007738797169811337 0.014003537735849059
0 0.06791715801886791 0.8436394457547169 0.007001768867924529 0.012897995283018937
0 0.07713001179245282 0.8423496462264151 0.009212853773584911 0.01474056603773588
0 0.0295916863207547 0.8139740566037736 0.008475825471698114 0.016951650943396124
0 0.03751474056603772 0.8137897995283019 0.006633254716981132 0.015846108490566113
0 0.04820165094339621 0.816185141509434 0.010318396226415096 0.017688679245283057
0 0.01595666273584904 0.8228183962264151 0.009212853773584906 0.016951650943396235
0 0.08851638349514565 0.7647148058252428 0.017824635922330093 0.009481189320388328
0 0.08510315533980585 0.7552336165048544 0.017066140776699018 0.009481189320388328
0 0.08415503640776702 0.7448043082524272 0.020479368932038833 0.009101941747572728
0 0.0515397451456311 0.7152229975728155 0.016686893203883495 0.012135922330097082
0 0.0722087378640777 0.719773968446602 0.018583131067961167 0.009101941747572728
0 0.06822663834951459 0.7072587985436893 0.014411407766990285 0.00910194174757284
0 0.2570752276490066 0.918033423013245 0.014874793046357582 0.018755173841059514
0 0.38771471440397354 0.9202969784768211 0.01875517384105957 0.010347682119205337
0 0.4089959777227723 0.981155244430693 0.017404084158415822 0.014019956683168355
0 0.4152807858910891 0.9886486695544554 0.01837097772277224 0.01353650990099009
0 0.44999641079632463 0.9459047186064318 0.018245118683001493 0.009870310107197633
0 0.45134236217457885 0.9562236791730474 0.0161514165390505 0.008973009188361414
0 0.45134236217457885 0.9659444391271057 0.020338820826952486 0.010468510719754964
0 0.46255862366003064 0.9873301110260337 0.01345951378254212 0.007776607963246529
0 0.4638641964969372 0.9950812954632465 0.013677857006125616 0.005931159073506942
0 0.7594361822289157 0.8673875188253013 0.02117846385542166 0.012354103915662606
