0 0.10706018518518517 0.15950520833333331 0.017361111111111105 0.010850694444444448
0 0.18410011574074073 0.224609375 0.01953125 0.012297453703703692
0 0.13816550925925924 0.26548032407407407 0.01591435185185186 0.01157407407407407
0 0.464771412037037 0.010850694444444444 0.015190972222222265 0.010127314814814813
0 0.3392650462962963 0.1052517361111111 0.01880787037037035 0.013744212962962965
0 0.625 0.06763599537037036 0.02025462962962965 0.013744212962962958
0 0.6213831018518519 0.03146701388888889 0.01880787037037035 0.010850694444444448
0 0.5548321759259258 0.14576099537037035 0.01736111111111105 0.010850694444444448
0 0.5016637731481481 0.15697337962962962 0.018084490740740755 0.01157407407407407
0 0.8792679398148148 0.031105324074074073 0.0166377314814814 0.013020833333333336
0 0.40509259259259256 0.185546875 0.01591435185185186 0.018084490740740727
