0 0.006776147959183672 0.8442283163265305 0.011957908163265306 0.011160714285714302
0 0.04663584183673469 0.8330676020408163 0.01674107142857143 0.012755102040816313
0 0.1522640306122449 0.8334661989795917 0.01594387755102039 0.011957908163265363
0 0.24912308673469385 0.6772161989795917 0.01833545918367349 0.01036352040816324
0 0.3491709183673469 0.9247448979591837 0.01434948979591838 0.01913265306122447
0 0.46715561224489793 0.9590242346938775 0.01913265306122447 0.012755102040816424
0 0.5309311224489796 0.9044164540816326 0.02072704081632648 0.01036352040816324
0 0.8557876275510203 0.7079081632653061 0.021524234693877542 0.011160714285714302
0 0.859375 0.7796556122448979 0.007971938775510279 0.017538265306122458
0 0.8474170918367346 0.7852359693877551 0.00956632653061229 0.014349489795918324
0 0.5269281914893617 0.6968916223404256 0.014960106382978733 0.010804521276595813
0 0.8157413563829787 0.6540890957446808 0.02077792553191482 0.009973404255319118
