0 0.006879926801801845 0.9200978322072072 0.012317004504504504 0.012317004504504458
0 0.023595861486486527 0.9214175112612613 0.017595720720720714 0.011437218468468457
0 0.09793778153153157 0.9218574042792793 0.014956362612612614 0.012317004504504458
0 0.11861275337837841 0.9227371903153154 0.017595720720720714 0.014076576576576572
0 0.16876055743243246 0.9249366554054055 0.019355292792792772 0.009677646396396455
0 0.20967060810810817 0.9271361204954955 0.02023507882882883 0.010557432432432345
0 0.2574327256944444 0.9285481770833333 0.016818576388888895 0.01030815972222221
0 0.27506510416666663 0.9290907118055556 0.017361111111111105 0.01030815972222221
0 0.29541015625 0.9288194444444444 0.016818576388888895 0.01085069444444442
0 0.3143988715277778 0.9293619791666666 0.016818576388888895 0.01085069444444442
0 0.34586588541666663 0.9375 0.018988715277777735 0.01085069444444442
0 0.34830729166666663 0.9006076388888888 0.018446180555555525 0.01085069444444442
0 0.3957790798611111 0.908203125 0.01790364583333337 0.00868055555555558
0 0.39279513888888884 0.9299045138888888 0.016276041666666685 0.01085069444444442
0 0.47119140625 0.9318033854166667 0.021158854166666685 0.01030815972222221
0 0.5305989583333333 0.9312608506944444 0.01844618055555547 0.01139322916666674
0 0.6209309895833333 0.9356011284722222 0.01790364583333337 0.01139322916666674
0 0.6453450520833333 0.9410264756944444 0.01898871527777779 0.01356336805555558
0 0.6787109375 0.9456380208333333 0.01736111111111116 0.01085069444444453
0 0.7052951388888888 0.9480794270833333 0.02495659722222221 0.01247829861111105
0 0.7177734375 0.9209526909722222 0.02278645833333326 0.01139322916666674
0 0.7709418402777778 0.9239366319444444 0.02061631944444442 0.01193576388888884
0 0.7657877604166667 0.9494357638888888 0.02007378472222221 0.01085069444444442
0 0.7948133680555556 0.9261067708333333 0.02278645833333337 0.01193576388888895
0 0.8157009548611112 0.9510633680555556 0.02224392361111105 0.01085069444444453
0 0.8525933159722222 0.9800889756944444 0.01356336805555558 0.02766927083333326
0 0.9366861979166666 0.9366861979166667 0.01790364583333326 0.01030815972222221
0 0.8786349826388888 0.7687717013888888 0.01356336805555558 0.02061631944444442
0 0.9130859375 0.6895616319444444 0.01193576388888884 0.02061631944444442
0 0.9404839409722222 0.6247287326388888 0.01356336805555558 0.01681857638888895
0 0.9073893229166666 0.6342230902777777 0.01790364583333326 0.01302083333333337
0 0.9063042534722222 0.6483289930555556 0.01681857638888884 0.01302083333333337
0 0.8066845860128617 0.8330611937299035 0.01695639067524113 0.009420217041800627
0 0.26282405546623794 0.7564434284565917 0.010676245980707377 0.01821241961414788
0 0.2731862942122186 0.7548733922829582 0.011304260450160808 0.018840434083601254
0 0.282920518488746 0.7539313705787782 0.011932274919614128 0.01821241961414788
0 0.29391077170418006 0.7536173633440515 0.011304260450160752 0.018840434083601254
0 0.9246176861702128 0.7221813259878419 0.013654065349544053 0.019590615501519748
0 0.8799235026041667 0.7013956705729167 0.0152587890625 0.01118977864583337
