0 0.02040963955026455 0.024284887566137565 0.009817294973544973 0.017567791005291003
0 0.030226934523809524 0.027385085978835978 0.011884093915343917 0.016534391534391533
0 0.10308159722222221 0.10385664682539682 0.010850694444444434 0.01653439153439154
0 0.09584780092592593 0.09688120039682538 0.013950892857142863 0.01808449074074074
0 0.0855138062169312 0.09455605158730158 0.009817294973544971 0.015500992063492064
0 0.07621321097883597 0.08654720568783068 0.007750496031746018 0.01705109126984128
0 0.06717096560846561 0.08215525793650794 0.011367394179894172 0.014467592592592601
0 0.054253472222222224 0.07388806216931217 0.011367394179894179 0.01653439153439154
0 0.045727926587301584 0.07104621362433862 0.012917493386243387 0.018084490740740734
0 0.03694403108465608 0.06846271494708994 0.010850694444444448 0.016017691798941802
0 0.02945188492063492 0.06174561838624339 0.011367394179894175 0.016017691798941802
0 0.020926339285714284 0.0583870701058201 0.008783895502645502 0.016534391534391533
0 0.012917493386243387 0.053995122354497355 0.01136739417989418 0.013950892857142856
0 0.007233796296296296 0.05011987433862433 0.01240079365079365 0.02066798941798941
0 0.04653655234657039 0.3306915613718412 0.018332581227436827 0.011281588447653423
