0 0.42173032407407407 0.5360243055555556 0.017361111111111105 0.02025462962962965
0 0.5172164351851851 0.6423611111111112 0.01736111111111105 0.01880787037037035
0 0.45871559633027525 0.7233132645259939 0.017918577981651362 0.011945718654434279
0 0.4590142392966361 0.7349603402140673 0.016126720183486265 0.008959288990825653
0 0.5085889717125383 0.7466074159021406 0.018515863914373043 0.011945718654434279
0 0.58349609375 0.8379448784722221 0.01030815972222221 0.01898871527777779
0 0.5919053819444444 0.8425564236111112 0.009765625 0.01736111111111105
0 0.6019198284823284 0.847177104989605 0.010963487525987525 0.019084589397089458
0 0.6120712058212059 0.849816463097713 0.007715046777546752 0.016242203742203754
0 0.6220195556133057 0.8512376559251559 0.00893321205821207 0.015024038461538547
0 0.6305467125779625 0.8559072895010394 0.00893321205821207 0.01786642411642414
0 0.6413071725571725 0.8595617853430353 0.009339267151767139 0.01786642411642414
0 0.6516615774428274 0.8626071985446985 0.011369542619542705 0.020708809771309733
0 0.6630311200623701 0.8644344464656963 0.011369542619542594 0.01705431392931389
0 0.6189741424116424 0.8053534303534303 0.019084589397089458 0.015024038461538547
0 0.6382617593555093 0.817129028066528 0.018678534303534278 0.012587707900207912
0 0.6512555223492724 0.823422882016632 0.01705431392931389 0.012181652806652843
0 0.6612038721413721 0.830528846153846 0.01746036902286896 0.010963487525987525
0 0.6705431392931394 0.8376348102910602 0.015024038461538436 0.012181652806652732
0 0.6220195556133056 0.7677933341995842 0.011369542619542594 0.018678534303534278
0 0.6323739604989604 0.7732750779625779 0.009339267151767139 0.02152091995841998
0 0.6429313929313929 0.777741683991684 0.009339267151767139 0.019896699584199595
0 0.6532857978170479 0.7842385654885654 0.00893321205821207 0.019896699584199595
0 0.6614068996881497 0.7913445296257795 0.012181652806652843 0.01705431392931389
0 0.6823187370062369 0.8008868243243243 0.010963487525987525 0.016648258835758933
0 0.6985609407484408 0.812662422037422 0.010963487525987525 0.01746036902286896
0 0.7074941528066527 0.8187532484407484 0.007715046777546752 0.016648258835758822
0 0.7182546127858628 0.8240319646569646 0.009745322245322319 0.016648258835758822
0 0.727999935031185 0.8335742593555093 0.011369542619542594 0.015430093555093505
0 0.7446481938669438 0.8414923336798337 0.00893321205821207 0.015836148648648685
0 0.7537844334719335 0.8443347193347193 0.008527156964657001 0.015836148648648685
