0 0.46657986111111105 0.15462239583333331 0.017361111111111105 0.011935763888888867
0 0.4595269097222222 0.19178602430555555 0.01519097222222221 0.00922309027777779
0 0.4779730902777778 0.18907335069444442 0.016276041666666685 0.009223090277777762
0 0.8075629340277777 0.19883897569444442 0.01898871527777779 0.013563368055555552
0 0.7530381944444444 0.2178276909722222 0.014105902777777679 0.01898871527777779
0 0.7210286458333334 0.22569444444444442 0.009765625 0.016276041666666657
0 0.6301540798611112 0.2001953125 0.02007378472222221 0.011935763888888895
0 0.8897569444444444 0.1535373263888889 0.01627604166666674 0.016276041666666657
0 0.9488932291666666 0.16465928819444445 0.01627604166666674 0.01030815972222221
0 0.9109157986111112 0.21402994791666666 0.02170138888888895 0.012478298611111105
0 0.8794487847222222 0.2153862847222222 0.01302083333333326 0.017361111111111105
0 0.8577473958333333 0.2224392361111111 0.00868055555555547 0.017361111111111105
0 0.8449978298611112 0.22840711805555555 0.01030815972222221 0.016276041666666685
0 0.9537760416666666 0.011664496527777776 0.01627604166666674 0.016818576388888888
0 0.7939995659722222 0.2395290798611111 0.01247829861111116 0.016818576388888895
0 0.7421875 0.22135416666666666 0.01193576388888884 0.017361111111111105
0 0.6787109375 0.2389865451388889 0.01193576388888884 0.017903645833333343
0 0.7685004340277777 0.24983723958333331 0.01247829861111105 0.017903645833333343
0 0.73486328125 0.26041666666666663 0.01247829861111116 0.018446180555555525
0 0.6833224826388888 0.2747938368055556 0.01356336805555558 0.020073784722222265
0 0.7801649305555556 0.33203125 0.02170138888888895 0.011935763888888895
0 0.9836154513888888 0.31331380208333337 0.02170138888888884 0.011393229166666685
0 0.66650390625 0.2389865451388889 0.01030815972222221 0.0146484375
0 0.6458875868055556 0.2387152777777778 0.02007378472222221 0.013020833333333343
0 0.6534830729166667 0.27804904513888884 0.02007378472222221 0.012478298611111105
0 0.49235026041666663 0.32470703125 0.020073784722222265 0.012478298611111105
0 0.4804144965277778 0.2273220486111111 0.0146484375 0.009765625
0 0.4796006944444444 0.2468532986111111 0.01085069444444442 0.017361111111111133
0 0.2671983506944444 0.30192057291666663 0.016818576388888895 0.011393229166666685
0 0.11338975694444445 0.3382703993055556 0.011935763888888881 0.016818576388888895
0 0.09033203125 0.3160264756944444 0.016818576388888895 0.012478298611111105
0 0.09114583333333334 0.33365885416666663 0.014105902777777776 0.016276041666666685
0 0.07514105902777778 0.33664279513888884 0.01030815972222221 0.016818576388888895
0 0.7801649305555556 0.5658637152777778 0.01085069444444453 0.01844618055555558
0 0.7636176215277778 0.5677625868055556 0.01356336805555558 0.02115885416666663
0 0.7671440972222222 0.58837890625 0.01193576388888884 0.02007378472222221
0 0.7467990451388888 0.5734592013888888 0.01030815972222221 0.02061631944444442
0 0.73486328125 0.5712890625 0.01139322916666674 0.02061631944444442
0 0.7389322916666666 0.593532986111111 0.01193576388888884 0.01953125
0 0.7275390625 0.5910915798611112 0.00868055555555558 0.01681857638888895
0 0.7017686631944444 0.6165907118055556 0.01030815972222221 0.02115885416666663
0 0.693359375 0.6198459201388888 0.01085069444444442 0.02224392361111105
0 0.5845811631944444 0.5840386284722222 0.01681857638888884 0.010308159722222321
0 0.5889214409722222 0.5940755208333333 0.00813802083333326 0.01302083333333337
0 0.3187391493055556 0.6157769097222222 0.009223090277777735 0.01627604166666674
0 0.6770833333333333 0.642361111111111 0.01410590277777779 0.009765625
0 0.6212022569444444 0.6336805555555556 0.00868055555555558 0.01410590277777779
0 0.9600151909722221 0.7231987847222222 0.02007378472222221 0.009765625
0 0.94482421875 0.779079861111111 0.01790364583333337 0.01085069444444442
0 0.6906467013888888 0.8045789930555556 0.01953125 0.01193576388888895
0 0.33854166666666663 0.8509657118055556 0.017361111111111105 0.01139322916666663
0 0.341796875 0.86181640625 0.02061631944444442 0.01247829861111116
1 0.009223090277777778 0.9730360243055556 0.01410590277777778 0.03309461805555547
1 0.3181035343450479 0.7985847643769969 0.05241613418530355 0.069888178913738
0 0.3277755591054313 0.8369608626198084 0.02308805910543127 0.013104033546325833
0 0.35179962060702874 0.840704872204473 0.01123202875399365 0.01684804313099042
1 0.10456996681415928 0.3845754977876106 0.07432245575221237 0.0224695796460177
0 0.7082790798611112 0.8870442708333333 0.01030815972222221 0.01844618055555547
0 0.6947157118055556 0.8894856770833333 0.01247829861111105 0.01898871527777779
0 0.6873914930555556 0.9117296006944444 0.01085069444444442 0.01898871527777768
0 0.7329644097222222 0.9166124131944444 0.01193576388888884 0.01898871527777768
0 0.5799696180555556 0.8574761284722222 0.01085069444444442 0.01573350694444442
1 0.8739653087797619 0.5118233816964286 0.058710007440476164 0.014532180059523725
1 0.5903658263723149 0.9166635590692123 0.05919973150357993 0.047080101431980936
