0 0.9847005208333333 0.010850694444444444 0.009765625 0.01953125
0 0.9833441840277777 0.0732421875 0.01030815972222221 0.022786458333333343
0 0.9825303819444444 0.09901258680555555 0.01193576388888884 0.02007378472222221
0 0.9817165798611112 0.15218098958333331 0.01030815972222221 0.023328993055555552
0 0.9809027777777778 0.1784939236111111 0.009765625 0.018446180555555552
0 0.7950846354166667 0.5872938368055556 0.01898871527777779 0.01139322916666663
0 0.7869466145833333 0.56396484375 0.01030815972222221 0.01681857638888884
0 0.7994249131944444 0.5626085069444444 0.01139322916666674 0.02061631944444442
0 0.8167860243055556 0.5536566840277777 0.01356336805555547 0.02007378472222221
0 0.8346896701388888 0.5509440104166666 0.01030815972222221 0.01573350694444442
0 0.8447265625 0.5495876736111112 0.009765625 0.01844618055555547
0 0.7484266493055556 0.6298828125 0.01139322916666663 0.01627604166666674
0 0.7362196180555556 0.6388346354166667 0.009765625 0.01898871527777779
0 0.8970811631944444 0.8146158854166667 0.01139322916666674 0.02007378472222221
1 0.6708441840277777 0.7619900173611112 0.02766927083333337 0.03092447916666663
1 0.703125 0.7451714409722221 0.02604166666666674 0.02007378472222221
0 0.009580291970802958 0.8845660355839416 0.017820483576642333 0.015682025547445244
