0 0.9507970328282828 0.9179161405723905 0.015782828282828287 0.015782828282828287
0 0.7683080808080808 0.775541877104377 0.01644044612794615 0.015125210437710424
0 0.7226036405723906 0.77159617003367 0.021043771043771087 0.01644044612794615
0 0.6745975378787878 0.822561553030303 0.01972853535353536 0.018413299663299743
0 0.6502656776094276 0.9544139309764309 0.017098063973064015 0.01775568181818188
0 0.5532670454545454 0.9235058922558922 0.013809974747474696 0.013809974747474696
0 0.6811737163299663 0.9695391414141413 0.015782828282828287 0.01775568181818188
0 0.3198127104377104 0.5923953072390572 0.00986426767676768 0.017098063973064015
0 0.5411011153198653 0.593381734006734 0.011837121212121215 0.01644044612794615
1 0.8995028409090908 0.5973274410774411 0.05392466329966328 0.03090803872053871
0 0.9327125420875421 0.5940393518518519 0.015125210437710424 0.011179503367003352
0 0.8784590698653199 0.546362058080808 0.01841329966329963 0.013152356902356943
0 0.8357139099326598 0.5532670454545454 0.021043771043771087 0.015125210437710424
0 0.28463015572390576 0.491779776936027 0.010521885521885488 0.015782828282828287
0 0.9044349747474747 0.3622290614478115 0.01775568181818188 0.013152356902356943
0 0.9185737584175083 0.321785563973064 0.017098063973064015 0.013809974747474751
0 0.5795717592592592 0.25602377946127947 0.01644044612794615 0.01775568181818185
0 0.5946969696969696 0.21229219276094277 0.01644044612794615 0.01972853535353536
0 0.8919402356902356 0.050189393939393964 0.013809974747474696 0.017755681818181816
