0 0.06399936868686872 0.40596064814814814 0.013809974747474751 0.020386153198653167
0 0.2316919191919192 0.40201494107744107 0.017755681818181823 0.013809974747474751
0 0.09030408249158253 0.40826231060606066 0.008549031986531994 0.01709806397306396
0 0.10082596801346805 0.4095775462962963 0.00986426767676768 0.01709806397306396
0 0.05775199915824919 0.4256891835016835 0.010521885521885523 0.01907091750841755
0 0.07649410774410778 0.42930608164983164 0.011179503367003366 0.018413299663299687
0 0.09490740740740744 0.43127893518518523 0.012494739057239052 0.018413299663299687
0 0.10542929292929296 0.43127893518518523 0.00986426767676768 0.015782828282828287
0 0.11529356060606064 0.4309501262626263 0.00986426767676768 0.019070917508417495
0 0.11693760521885524 0.4131944444444444 0.00920664983164983 0.017755681818181823
0 0.12811710858585862 0.4138520622895623 0.00920664983164983 0.01907091750841755
0 0.13765256734006737 0.41450968013468015 0.00854903198653198 0.017755681818181823
0 0.12384259259259262 0.4352246422558923 0.011179503367003352 0.015782828282828287
0 0.13337805134680136 0.43621106902356904 0.011837121212121215 0.015125210437710424
0 0.04032512626262629 0.46120054713804715 0.013809974747474751 0.019070917508417495
0 0.3270465067340068 0.5351825547138047 0.021701388888888895 0.013152356902356943
0 0.4138520622895623 0.5470196759259258 0.020386153198653167 0.013152356902356943
0 0.4674479166666667 0.5397858796296295 0.01841329966329963 0.011837121212121215
0 0.48783406986531985 0.5095354587542087 0.01709806397306396 0.011837121212121215
0 0.5299216119528619 0.25273569023569026 0.017098063973064015 0.015125210437710451
0 0.5105218855218855 0.2714777988215489 0.01775568181818188 0.01709806397306396
0 0.5131523569023568 0.321785563973064 0.01644044612794615 0.017755681818181823
0 0.5226878156565656 0.3161958122895623 0.015782828282828287 0.01709806397306396
0 0.529263994107744 0.31027725168350173 0.013152356902356832 0.013152356902356888
0 0.5325520833333333 0.3027146464646465 0.01446759259259256 0.012494739057239024
0 0.5394570707070707 0.29449442340067344 0.013809974747474807 0.011837121212121215
0 0.6295507154882154 0.5029592803030303 0.01644044612794604 0.011837121212121104
0 0.622645728114478 0.5483349116161615 0.01446759259259256 0.009206649831649871
0 0.661445180976431 0.5838462752525252 0.011837121212121215 0.017098063973064015
1 0.8662931397306397 0.5680634469696969 0.03485374579124578 0.01446759259259256
0 0.7840909090909091 0.5029592803030303 0.02170138888888884 0.011837121212121104
0 0.7827756734006733 0.5193997264309764 0.02170138888888884 0.011837121212121215
0 0.8426188973063973 0.4875052609427609 0.02170138888888884 0.013809974747474751
0 0.8715540824915824 0.47895622895622897 0.020386153198653223 0.015125210437710424
0 0.8909538089225588 0.45626841329966333 0.01841329966329963 0.011837121212121215
0 0.8948995159932659 0.5006576178451179 0.022359006734006703 0.013809974747474696
0 0.9425768097643097 0.5851615109427609 0.015125210437710424 0.017098063973064015
0 0.9258075547138047 0.45495317760942766 0.021043771043771087 0.014467592592592615
0 0.9507970328282828 0.4276620370370371 0.018413299663299743 0.016440446127946096
0 0.9771017466329965 0.410892781986532 0.022359006734006703 0.01446759259259256
0 0.9830203072390572 0.4243739478114479 0.022359006734006703 0.013809974747474751
0 0.8002025462962963 0.703532723063973 0.015782828282828287 0.01841329966329963
0 0.8199310816498315 0.7285222011784511 0.017098063973063904 0.017098063973064015
0 0.7952704124579124 0.7337831439393938 0.01775568181818188 0.01841329966329963
0 0.8787878787878787 0.8251920244107743 0.017755681818181768 0.01446759259259256
0 0.7015598695286195 0.7706097432659932 0.021043771043770976 0.017098063973064015
0 0.8537984006734006 0.17086226851851855 0.01775568181818188 0.01841329966329966
0 0.8120396675084175 0.13041877104377106 0.015782828282828287 0.01512521043771041
0 0.6584859006734006 0.09457859848484851 0.019070917508417606 0.014467592592592601
0 0.9846643518518517 0.20144149831649832 0.015125210437710424 0.013809974747474751
0 0.9777593644781144 0.211305765993266 0.01446759259259256 0.01249473905723908
0 0.8725405092592593 0.18697390572390574 0.01972853535353536 0.013809974747474751
0 0.07104621362433862 0.1904038525132275 0.019117890211640204 0.014984292328042326
