0 0.9671477192362092 0.2419775459688826 0.01878536067892511 0.009392680339462528
0 0.9189657998251748 0.37212494536713286 0.01946295891608385 0.010243662587412605
0 0.9174292504370629 0.36273492132867136 0.017072770979020935 0.008536385489510467
0 0.9189657998251748 0.353515625 0.020145869755244683 0.009219296328671356
0 0.9196487106643357 0.3436134178321678 0.02151169143356646 0.009902207167832133
0 0.9199901660839161 0.33285757211538464 0.020828780594405627 0.010243662587412605
0 0.9205023492132868 0.32380900349650354 0.021853146853146876 0.009902207167832133
0 0.9210145323426574 0.3065655048076923 0.020145869755244794 0.008194930069930051
0 0.921526715472028 0.29580965909090906 0.019121503496503545 0.0092192963286713
0 0.9216974431818182 0.28641963505244755 0.020145869755244794 0.00887784090909094
0 0.9213559877622378 0.27702961101398604 0.018780048076923128 0.009902207167832133
0 0.9626720935314685 0.3832222465034965 0.016048404720279685 0.009219296328671356
0 0.9623306381118881 0.3722956730769231 0.016048404720279685 0.010585118006993022
0 0.9631842766608392 0.36256419361888115 0.017072770979020935 0.009560751748251717
0 0.9638671875 0.35232053103146854 0.017755681818181768 0.00887784090909094
0 0.9642086429195804 0.3434426901223776 0.017755681818181768 0.008194930069930051
0 0.9843545126748252 0.3832222465034965 0.01843859265734271 0.009902207167832189
0 0.9848666958041958 0.37297858391608396 0.018097137237762295 0.008536385489510467
0 0.9852081512237763 0.3639300152972028 0.018780048076923128 0.0075120192307692735
0 0.9848666958041958 0.35453999125874125 0.018097137237762295 0.009902207167832133
0 0.9855496066433567 0.34549142263986016 0.020145869755244794 0.008194930069930106
0 0.9857203343531469 0.33593067089160844 0.02048732517482521 0.008877840909090884
0 0.9638671875 0.32636991914335667 0.017755681818181768 0.010243662587412605
0 0.9845252403846154 0.3171506228146853 0.017414226398601462 0.009560751748251772
0 0.9640379152097902 0.31629698426573427 0.020145869755244683 0.00785347465034969
0 0.9648915537587412 0.3065655048076923 0.0184385926573426 0.008877840909090884
0 0.984183784965035 0.3069069602272727 0.01673131555944063 0.008877840909090884
0 0.9659159200174825 0.29819984702797203 0.021853146853146765 0.009219296328671356
0 0.9865739729020979 0.290858555506993 0.01946295891608396 0.009560751748251772
0 0.9660866477272727 0.28112707604895104 0.01673131555944052 0.0092192963286713
0 0.9667695585664335 0.27088341346153844 0.016048404720279685 0.009902207167832133
0 0.9674524694055944 0.25995684003496505 0.01741422639860135 0.009219296328671356
0 0.9677939248251748 0.2507375437062937 0.018780048076923017 0.008536385489510523
0 0.6762496824186992 0.14112519054878048 0.01786394817073167 0.009924415650406498
0 0.6776391006097562 0.15224053607723576 0.017466971544715437 0.010718368902439018
0 0.6816088668699187 0.16335588160569106 0.009527439024390238 0.013894181910569126
0 0.4392546366869919 0.20087017276422764 0.01151232215447151 0.019054878048780477
0 0.45870649136178865 0.20206110264227642 0.00913046239837395 0.018260924796747957
0 0.49840415396341464 0.19848831300813008 0.010718368902439046 0.020642784552845517
0 0.5764100609756098 0.20027470782520324 0.009527439024390238 0.021833714430894297
0 0.5948694740853658 0.2012671493902439 0.010718368902439046 0.019054878048780477
0 0.9685228924418605 0.033748183139534864 0.009538517441860517 0.014989098837209305
0 0.9571675145348838 0.03670058139534882 0.007721656976744207 0.009992732558139539
0 0.9458121366279071 0.03579215116279068 0.007721656976744096 0.013626453488372093
0 0.9201489825581396 0.04101562499999998 0.009084302325581328 0.012263808139534885
0 0.9081122819767442 0.04078851744186045 0.007721656976744207 0.010901162790697673
0 0.9945267078488372 0.03288517441860464 0.007040334302325535 0.012354651162790716
0 0.1552566002155172 0.09948309536637928 0.01683728448275862 0.013048895474137942
0 0.1567298626077586 0.1175831761853448 0.01641635237068967 0.011365167025862072
0 0.16809502963362066 0.1428391029094827 0.01220703125 0.02062567349137931
1 0.20405694796954313 0.20802268401015228 0.07733185279187815 0.039657360406091385
1 0.44844543147208116 0.33839625634517767 0.07039181472081218 0.022802982233502522
1 0.46331694162436543 0.3245161802030457 0.07237468274111675 0.022802982233502522
1 0.5183415291878173 0.24867147842639592 0.06940038071066001 0.02181154822335027
1 0.5347001903553299 0.3800364847715736 0.07634041878172593 0.018837246192893398
1 0.6095534581218275 0.39490799492385786 0.07534898477157359 0.026768718274111647
1 0.6695352157360407 0.22190276015228425 0.08228902284263961 0.02181154822335024
1 0.7711572017766498 0.24668861040609136 0.07931472081218272 0.03965736040609136
1 0.8360961294416245 0.21248413705583755 0.07634041878172593 0.022802982233502522
1 0.8365918464467006 0.031051713197969538 0.029743020304568546 0.016854378172588835
1 0.8980607550761421 0.29824317893401014 0.02379441624365486 0.08328045685279184
1 0.7934644670050761 0.38152363578680204 0.08427189086294418 0.023794416243654803
1 0.7324912753807107 0.01122303299492385 0.0694003807106599 0.016854378172588832
1 0.778592956852792 0.02014593908629441 0.04461453045685282 0.01685437817258883
