0 0.09096170033670037 0.07846696127946132 0.012494739057239052 0.025647095959595953
0 0.18072653619528622 0.09589383417508421 0.01972853535353533 0.010521885521885516
0 0.23826809764309764 0.07419244528619531 0.016440446127946123 0.015782828282828273
0 0.05676557239057242 0.2875894360269361 0.021701388888888895 0.012494739057239024
0 0.35203598484848486 0.4158249158249159 0.01249473905723908 0.017755681818181823
0 0.10279882154882158 0.6407302188552189 0.01907091750841751 0.011179503367003352
0 0.22051241582491582 0.6574994739057238 0.009864267676767652 0.021043771043771087
0 0.2037431607744108 0.72885101010101 0.013152356902356888 0.020386153198653112
0 0.20801767676767677 0.7508812079124578 0.00986426767676768 0.021043771043771087
0 0.0593960437710438 0.7360848063973063 0.011179503367003366 0.020386153198653112
0 0.15803872053872053 0.7814604377104377 0.019070917508417523 0.011179503367003352
0 0.21886837121212122 0.8084227693602692 0.013152356902356888 0.019070917508417495
0 0.1853298611111111 0.8261784511784511 0.02104377104377106 0.011179503367003463
0 0.18565867003367004 0.8399884259259258 0.016440446127946123 0.011179503367003352
0 0.22774621212121213 0.8498526936026936 0.011179503367003352 0.01644044612794615
0 0.26161353114478114 0.8455781776094276 0.013152356902356888 0.022359006734006703
0 0.7689656986531985 0.9383022937710437 0.01249473905723908 0.01972853535353536
1 0.7258917297979797 0.7699521254208753 0.021043771043771087 0.031565656565656575
1 0.9442208543771042 0.9041061658249158 0.026304713804713775 0.017098063973064015
0 0.9672374789562288 0.903119739057239 0.010521885521885488 0.02170138888888884
0 0.9399463383838383 0.9442208543771042 0.01775568181818188 0.010521885521885488
0 0.8810895412457911 0.9169297138047137 0.01972853535353536 0.011179503367003352
0 0.8837200126262625 0.9294244528619529 0.01972853535353536 0.009864267676767624
0 0.8889809553872053 0.9409327651515151 0.015782828282828287 0.010521885521885488
0 0.8985164141414141 0.9530986952861953 0.017755681818181768 0.011179503367003352
0 0.9123263888888888 0.8814183501683501 0.01249473905723908 0.01644044612794615
0 0.9014756944444444 0.8485374579124578 0.013152356902356943 0.02170138888888884
0 0.8981876052188551 0.82650726010101 0.011837121212121215 0.018413299663299743
0 0.8610321969696969 0.7423321759259258 0.011179503367003463 0.01972853535353536
0 0.8866792929292928 0.745949074074074 0.01644044612794604 0.011179503367003352
0 0.8972011784511784 0.754498106060606 0.01644044612794615 0.008549031986532007
0 0.9050925925925926 0.7781723484848484 0.017755681818181768 0.009864267676767624
0 0.7137257996632996 0.6670349326599326 0.013809974747474696 0.023016624579124567
0 0.6841329966329965 0.5371554082491582 0.013809974747474807 0.022359006734006703
0 0.665719696969697 0.5384706439393938 0.01249473905723908 0.01972853535353536
0 0.6436894991582491 0.37866950757575757 0.011837121212121215 0.01709806397306396
0 0.6131102693602692 0.3250736531986532 0.013809974747474807 0.021701388888888895
0 0.6131102693602692 0.25964067760942766 0.013809974747474807 0.02235900673400676
0 0.9662510521885521 0.07419244528619531 0.02170138888888884 0.013152356902356901
0 0.8751709806397305 0.06893150252525256 0.021043771043771087 0.013152356902356908
0 0.8166429924242424 0.06597222222222225 0.021043771043771087 0.013809974747474751
0 0.7627183291245792 0.09852430555555558 0.021043771043771087 0.014467592592592601
0 0.7535116792929293 0.056436763468013504 0.01841329966329963 0.018413299663299666
0 0.7232612584175083 0.01961016414141417 0.015782828282828287 0.02104377104377104
0 0.5503077651515151 0.06432817760942763 0.011837121212121215 0.022359006734006745
0 0.6022595749158248 0.1320628156565657 0.022359006734006814 0.01578282828282826
0 0.45199389730639733 0.17184869528619529 0.019070917508417495 0.013809974747474724
0 0.4291294642857143 0.6830357142857143 0.011160714285714302 0.015625
