0 0.13961226851851852 0.7591869212962963 0.01157407407407407 0.0209780092592593
0 0.16420717592592593 0.7602719907407407 0.011574074074074098 0.01880787037037046
0 0.1323784722222222 0.8072916666666665 0.014467592592592587 0.01880787037037035
0 0.1468460648148148 0.8069299768518519 0.010127314814814825 0.01808449074074081
0 0.1681857638888889 0.8156105324074073 0.010850694444444448 0.0180844907407407
0 0.17903645833333331 0.8203125 0.009403935185185175 0.02025462962962965
0 0.19061053240740738 0.8228443287037036 0.010850694444444448 0.01953125
0 0.19350405092592593 0.7656973379629629 0.010850694444444448 0.0209780092592593
0 0.20399305555555552 0.7685908564814814 0.013020833333333343 0.02242476851851849
0 0.36820023148148145 0.8427372685185184 0.01446759259259256 0.02025462962962965
0 0.3797743055555555 0.8452690972222221 0.01157407407407407 0.02097800925925919
0 0.39207175925925924 0.8492476851851851 0.01157407407407407 0.02170138888888884
0 0.40075231481481477 0.8532262731481481 0.013020833333333315 0.01808449074074081
0 0.4126880787037037 0.8590133101851851 0.013744212962962965 0.01953125
0 0.4228153935185185 0.8640769675925926 0.01085069444444442 0.01953125
0 0.43402777777777773 0.8655237268518519 0.01157407407407407 0.01808449074074081
0 0.44596354166666663 0.8716724537037037 0.01229745370370372 0.01880787037037035
0 0.4546440972222222 0.8799913194444444 0.01519097222222221 0.02242476851851849
0 0.4673032407407407 0.8872251157407407 0.01157407407407407 0.01953125
0 0.4781539351851851 0.8893952546296295 0.008680555555555525 0.01663773148148151
0 0.442588876146789 0.9269877675840978 0.011945718654434279 0.015529434250764584
0 0.4578196674311927 0.9344538417431192 0.01254300458715596 0.0185158639143731
0 0.4709599579510704 0.9389334862385321 0.011348432721712542 0.016724006116207946
0 0.48290567660550454 0.941322629969419 0.011348432721712542 0.01911314984709489
0 0.5554759174311926 0.9290782683486238 0.011945718654434279 0.014932148318042793
0 0.5647338493883792 0.9323633409785933 0.008959288990825653 0.016724006116207946
0 0.5751863532110091 0.937141628440367 0.010751146788990806 0.017918577981651307
0 0.5877293577981652 0.9395307721712538 0.01314029051987764 0.017918577981651307
0 0.5996750764525993 0.9469968463302753 0.010751146788990806 0.017321292048929626
0 0.6116207951070336 0.9520737767584098 0.01314029051987764 0.01911314984709478
