0 0.23859690656565657 0.010403514309764342 0.013152356902356888 0.01841329966329966
0 0.2533933080808081 0.016979692760942793 0.012494739057239107 0.01446759259259259
0 0.2602982954545455 0.0228982533670034 0.014467592592592615 0.018413299663299663
0 0.02454229797979801 0.31619581228956234 0.015125210437710437 0.015782828282828287
0 0.3171822390572391 0.34743265993266 0.017755681818181823 0.019070917508417495
0 0.6795296717171717 0.0695891203703704 0.020386153198653223 0.010521885521885516
0 0.546362058080808 0.0360506102693603 0.01841329966329963 0.013152356902356905
0 0.5697074915824916 0.023884680134680165 0.01775568181818188 0.012494739057239058
0 0.6265914351851851 0.18894675925925927 0.010521885521885488 0.021701388888888895
0 0.606205281986532 0.18138415404040403 0.017098063973063904 0.014467592592592587
0 0.6939972643097643 0.04854534932659936 0.01249473905723908 0.019728535353535352
0 0.6986005892255891 0.02750157828282831 0.01249473905723908 0.01578282828282828
0 0.7097800925925926 0.079782196969697 0.01249473905723908 0.019070917508417495
0 0.7156986531986531 0.05709438131313134 0.011179503367003352 0.01709806397306398
0 0.7239188762626263 0.0390098905723906 0.013152356902356943 0.017755681818181816
0 0.7285222011784511 0.00908827861952865 0.011837121212121215 0.01709806397306397
0 0.6450047348484849 0.10247001262626265 0.01841329966329963 0.013152356902356901
0 0.6505944865319865 0.1116766624579125 0.020386153198653112 0.013152356902356901
0 0.6591435185185185 0.13140519781144783 0.02170138888888884 0.014467592592592587
0 0.7022174873737372 0.12713068181818185 0.013152356902356943 0.01644044612794611
0 0.6986005892255891 0.14587279040404044 0.01249473905723908 0.01841329966329966
0 0.6933396464646464 0.1675741792929293 0.012494739057238968 0.01972853535353536
0 0.758772622053872 0.07879577020202025 0.021043771043771087 0.013152356902356901
0 0.7748842592592592 0.856428872053872 0.015125210437710424 0.015125210437710424
0 0.9343565867003366 0.9294244528619529 0.022359006734006703 0.013809974747474807
0 0.9570444023569022 0.9267939814814814 0.02170138888888895 0.011179503367003352
0 0.950139414983165 0.860703388047138 0.01972853535353536 0.011837121212121215
0 0.9254787457912457 0.8537984006734006 0.011179503367003352 0.01644044612794615
0 0.8557712542087541 0.7101089015151515 0.017755681818181768 0.015782828282828287
0 0.8620186237373737 0.7022174873737373 0.01446759259259256 0.015782828282828287
0 0.8695812289562289 0.6946548821548821 0.015125210437710424 0.013809974747474807
0 0.8774726430976431 0.6874210858585859 0.01775568181818188 0.01249473905723908
0 0.911668771043771 0.3809711700336701 0.01775568181818188 0.011179503367003407
0 0.9471801346801346 0.3974116161616162 0.015125210437710424 0.009864267676767624
0 0.9488241792929293 0.30797558922558926 0.011837121212121215 0.019070917508417495
1 0.4949586004273505 0.06218282585470086 0.025040064102564152 0.019197382478632487
