0 0.10115477693602697 0.1485032617845118 0.02235900673400673 0.010521885521885516
0 0.1820417718855219 0.13633733164983167 0.02367424242424243 0.013809974747474751
0 0.22511574074074076 0.14817445286195285 0.024331860269360267 0.016440446127946123
0 0.1675741792929293 0.02454229797979801 0.01972853535353536 0.021701388888888885
0 0.1912484217171717 0.01928135521885525 0.02235900673400673 0.011179503367003366
0 0.1909196127946128 0.030460858585858612 0.021701388888888895 0.009864267676767676
0 0.19618055555555558 0.04821654040404043 0.020386153198653195 0.009864267676767673
0 0.19749579124579125 0.059724852693602726 0.020386153198653195 0.009206649831649844
0 0.19815340909090912 0.06827388468013472 0.020386153198653195 0.007891414141414144
0 0.1994686447811448 0.07780934343434347 0.020386153198653195 0.00854903198653198
0 0.20144149831649832 0.08734480218855223 0.024331860269360267 0.01052188552188553
0 0.20177030723905726 0.09753787878787881 0.02235900673400673 0.009864267676767666
0 0.26128472222222227 0.03769465488215491 0.019070917508417495 0.008549031986531987
0 0.262271148989899 0.045586069023569056 0.02235900673400676 0.008549031986531987
0 0.26555923821548827 0.054792718855218886 0.015782828282828287 0.008549031986531987
0 0.26095591329966333 0.06465698653198657 0.02235900673400673 0.008549031986531987
0 0.24944760101010105 0.07550768097643101 0.02038615319865325 0.00920664983164983
0 0.3694628577441078 0.10214120370370375 0.02104377104377103 0.011179503367003366
0 0.3773542718855219 0.11693760521885525 0.027619949494949503 0.011837121212121215
1 0.5407723063973064 0.09885311447811451 0.06773463804713808 0.017755681818181823
0 0.45396675084175087 0.09194812710437714 0.023016624579124567 0.011837121212121215
0 0.4792850378787879 0.08931765572390576 0.01972853535353536 0.01052188552188553
0 0.49934238215488214 0.015006839225589257 0.020386153198653112 0.011837121212121209
0 0.49967119107744107 0.026843960437710465 0.018413299663299576 0.00920664983164983
0 0.4983559553872054 0.039338699494949524 0.01972853535353536 0.007891414141414144
0 0.5009864267676768 0.050518202861952896 0.022359006734006703 0.010521885521885523
0 0.597327441077441 0.04427083333333336 0.02170138888888895 0.011179503367003366
0 0.5940393518518519 0.031776094276094305 0.019070917508417495 0.00854903198653199
0 0.5950257786195285 0.021254208754208782 0.021043771043771087 0.009864267676767676
0 0.6361268939393938 0.04295559764309767 0.019070917508417495 0.011179503367003366
0 0.6394149831649831 0.03144728535353539 0.019070917508417495 0.010521885521885523
0 0.6387573653198653 0.021583017676767707 0.01775568181818188 0.00789141414141414
0 0.6371133207070707 0.012376367845117878 0.017098063973063904 0.009206649831649831
0 0.6193576388888888 0.11101904461279465 0.018413299663299743 0.010521885521885516
0 0.6588147095959596 0.04394202441077444 0.021043771043770976 0.00920664983164983
0 0.661445180976431 0.03144728535353539 0.01841329966329963 0.009206649831649833
0 0.6594723274410774 0.020925399831649864 0.01972853535353536 0.00789141414141414
0 0.657170664983165 0.011061132154882188 0.017755681818181768 0.007891414141414142
0 0.7344407617845117 0.06597222222222225 0.02367424242424232 0.012494739057239072
0 0.7189867424242424 0.09885311447811451 0.019070917508417495 0.011179503367003366
0 0.7485795454545454 0.03276252104377107 0.008549031986532007 0.014467592592592591
0 0.8126972853535352 0.0929345538720539 0.021043771043771087 0.01117950336700338
0 0.8659643308080807 0.057423190235690265 0.021043771043771087 0.011179503367003366
1 0.9521122685185184 0.048216540404040435 0.0657617845117845 0.011179503367003366
0 0.8771438341750841 0.027830387205387233 0.022359006734006703 0.011179503367003366
0 0.873526936026936 0.015664457070707103 0.02170138888888884 0.009206649831649831
0 0.8718828914141413 0.004813762626262659 0.017098063973064015 0.008549031986531987
0 0.1605282738095238 0.04677483974358974 0.013593177655677635 0.01788576007326008
