0 0.15648891437308868 0.20367450305810397 0.014334862385321112 0.01911314984709478
0 0.2550410932721713 0.06152045107033639 0.016724006116207973 0.013140290519877675
0 0.5966886467889908 0.06838923929663608 0.015529434250764584 0.016126720183486237
0 0.9398294151376148 0.011049789755351683 0.014932148318042793 0.018515863914373088
0 0.3879372133027523 0.3992856460244648 0.014932148318042848 0.017321292048929682
0 0.24906823394495411 0.2702718845565749 0.017918577981651362 0.017321292048929626
0 0.04628965978593272 0.47305045871559637 0.01851586391437309 0.017918577981651362
0 0.3464258409785933 0.45991016819571867 0.015529434250764529 0.016724006116207946
0 0.334480122324159 0.48021788990825687 0.01314029051987764 0.017918577981651362
0 0.3550864870030581 0.5309871941896025 0.017321292048929682 0.016724006116207946
0 0.3503081995412844 0.6450688073394495 0.020905007645259932 0.016724006116207946
0 0.11647075688073394 0.7920011467889908 0.015529434250764515 0.016724006116207946
0 0.16007262996941896 0.7445169151376148 0.016724006116207946 0.0185158639143731
0 0.2595207377675841 0.7872228593272171 0.016126720183486265 0.015529434250764584
0 0.2893850344036697 0.8060373662079511 0.017321292048929682 0.017321292048929626
0 0.07018109709480122 0.8424718081039755 0.016126720183486237 0.013737576452599431
0 0.03135751146788991 0.8702456039755351 0.022099579510703366 0.01911314984709478
0 0.40234375 0.3707568227762803 0.016319912398921832 0.013161219676549873
