1 0.24758794398907108 0.31616077527322406 0.027749316939890717 0.03255208333333337
0 0.2806736680327869 0.3028197575136612 0.019211065573770447 0.015475580601092942
0 0.2534579918032787 0.2870773565573771 0.02134562841530055 0.013874658469945345
0 0.28894509904371585 0.2886782786885246 0.021879269125683054 0.01067281420765026
0 0.2881446379781421 0.2764045423497268 0.019211065573770503 0.009605532786885251
0 0.3012188353825137 0.264130806010929 0.022946550546448063 0.012807377049180335
1 0.2700008538251366 0.17447916666666669 0.039489412568306015 0.014941939890710382
1 0.26306352459016397 0.1387252390710383 0.0309511612021858 0.023480191256830596
1 0.24705430327868855 0.12111509562841533 0.03415300546448086 0.019211065573770517
1 0.24523473668981483 0.10982711226851855 0.022153501157407413 0.011754918981481469
0 0.8690036900369005 0.09640221402214022 0.011531365313653175 0.020179889298893
