0 0.35326311015831136 0.8309799637203166 0.012883410290237485 0.01906744722955145
0 0.18701774691358022 0.7165316358024691 0.01639660493827161 0.010609567901234462
0 0.2161940586419753 0.7346161265432098 0.013020833333333315 0.01880787037037035
0 0.2875675154320988 0.9359567901234568 0.013020833333333315 0.016396604938271553
0 0.27175952655889146 0.9321232678983833 0.011276703233256358 0.015787384526558923
0 0.4323104016786571 0.8027952637889688 0.014051258992805793 0.016861510791366885
0 0.9102171793760832 0.6123402296360485 0.012185875216637831 0.01827881282495669
1 0.6301125919117647 0.5249885110294117 0.03331801470588236 0.014935661764705843
1 0.22182053786057693 0.5683124248798077 0.04460261418269232 0.023944561298076872
1 0.2685359074519231 0.5643216646634616 0.03474308894230771 0.015024038461538547
0 0.30825407608695654 0.5737658514492754 0.016417572463768126 0.01188858695652184
0 0.5262115036231884 0.5516870471014492 0.023211050724637694 0.01188858695652173
0 0.9499547101449275 0.5924479166666666 0.016983695652173836 0.015285326086956541
0 0.9083446557971014 0.8902287137681159 0.015285326086956541 0.01188858695652173
0 0.7215240036231884 0.8358808876811594 0.015285326086956541 0.016417572463768182
0 0.25061753216911764 0.9898178998161764 0.014389935661764719 0.01645795036764708
0 0.9936874489379085 0.6555989583333334 0.008718852124182996 0.00911458333333326
