0 0.5174649716624685 0.6512810925692695 0.015743073047858935 0.01967884130982367
0 0.5007379565491183 0.6930986303526447 0.010823362720403018 0.017710957178841302
0 0.5268124212846348 0.7395898929471032 0.017710957178841302 0.018202928211586866
0 0.5329620591939546 0.7607446473551637 0.014267159949622132 0.015251102015113371
0 0.5334540302267002 0.7745198362720402 0.0162350440806045 0.014267159949622132
0 0.5359138853904282 0.7855891845088161 0.0162350440806045 0.014759130982367807
0 0.5364058564231737 0.7983804313602014 0.01721898614609574 0.016727015113350174
0 0.5088554785894206 0.7961665617128464 0.012299275818639765 0.018202928211586866
0 0.5428014798488665 0.8379840994962217 0.020170812342569233 0.012299275818639765
0 0.5472292191435768 0.8502833753148614 0.015251102015113371 0.012299275818639765
0 0.5467372481108312 0.8618446945843828 0.018202928211586866 0.011807304785894202
0 0.5501810453400504 0.8734060138539042 0.021154754408060472 0.013283217884131004
0 0.5511649874055415 0.8854593041561712 0.017218986146095627 0.011807304785894202
0 0.5211547544080604 0.9120257399244331 0.010331391687657399 0.017710957178841302
0 0.5248445371536524 0.935148378463476 0.011807304785894202 0.01967884130982367
0 0.5568226542821159 0.908581942695214 0.01869489924433254 0.009839420654911835
0 0.5563306832493703 0.9191593198992443 0.01967884130982367 0.013283217884131004
0 0.5575606108312343 0.9312126102015112 0.01721898614609574 0.010823362720402963
0 0.5617423646095717 0.9420359729219143 0.015743073047858935 0.010823362720403074
0 0.5597744804785894 0.9526133501259446 0.017710957178841302 0.010331391687657399
0 0.5595284949622166 0.9644206549118388 0.021154754408060472 0.012299275818639877
0 0.526566435768262 0.964174669395466 0.01721898614609574 0.013775188916876568
0 0.5270584068010076 0.9801637279596978 0.018202928211586866 0.014267159949622132
0 0.5610044080604534 0.9747520465994962 0.019186870277078105 0.011315333753148638
0 0.5661701039042821 0.9880352644836272 0.017710957178841302 0.011315333753148527
