0 0.9929610349532224 0.28418577832640335 0.01017168009355518 0.009753443347193302
0 0.9919458972193347 0.30365815033783783 0.012201955561330635 0.013777449324324287
0 0.866870777027027 0.4141193477130977 0.01786642411642414 0.01380587318087323
0 0.832356094074844 0.4244737525987526 0.015430093555093505 0.016648258835758822
0 0.7925626949064448 0.4204132016632017 0.01705431392931389 0.015836148648648685
0 0.7594692047817048 0.4790881626819127 0.019896699584199595 0.016242203742203754
0 0.5838503768191268 0.6279073544698545 0.018678534303534278 0.014211928274428187
0 0.497766696985447 0.6638432302494802 0.016242203742203754 0.011369542619542594
0 0.41188604469854473 0.8483952702702702 0.012587707900207856 0.016648258835758933
0 0.382650077962578 0.8203774688149688 0.01583614864864863 0.01746036902286896
0 0.3814319126819127 0.7915475571725571 0.01583614864864863 0.019896699584199595
0 0.042984992203742245 0.7458663591476091 0.012181652806652808 0.020302754677754775
0 0.028163981288981337 0.7472875519750519 0.011775597713097708 0.019896699584199595
0 0.05496361746361751 0.8002777416839917 0.01664825883575883 0.01705431392931389
0 0.0892752728690229 0.6484131366943867 0.01624220374220374 0.011369542619542594
0 0.29270887474012475 0.8349954521829521 0.013805873180873174 0.016648258835758822
0 0.24621556652806656 0.8394620582120582 0.015024038461538491 0.014211928274428298
0 0.0669799541036717 0.7404495140388769 0.01012419006479482 0.020670221382289355
0 0.7774716624685138 0.5344379722921915 0.015251102015113371 0.010331391687657399
