0 0.014748086734693876 0.196906887755102 0.02949617346938775 0.01753826530612243
0 0.016741071428571428 0.22640306122448978 0.02232142857142857 0.01594387755102039
0 0.09606186224489796 0.235969387755102 0.018335459183673478 0.011160714285714274
0 0.19451530612244897 0.2694515306122449 0.022321428571428548 0.01434948979591838
0 0.1953125 0.2834024234693877 0.02072704081632651 0.013552295918367319
0 0.2543048469387755 0.16780931122448978 0.022321428571428575 0.015146683673469385
0 0.22919323979591835 0.3208705357142857 0.02311862244897961 0.013552295918367374
0 0.2515146683673469 0.30253507653061223 0.01992984693877553 0.013552295918367374
0 0.2638711734693877 0.2893813775510204 0.022321428571428548 0.012755102040816313
0 0.3567442602040816 0.32126913265306123 0.01992984693877553 0.012755102040816368
0 0.41733099489795916 0.35355548469387754 0.01992984693877553 0.016741071428571452
0 0.41055484693877553 0.3962053571428571 0.027104591836734693 0.01434948979591838
1 0.40258290816326525 0.41214923469387754 0.07174744897959179 0.03507653061224486
0 0.45121173469387754 0.3519610969387755 0.019132653061224525 0.016741071428571397
0 0.4699457908163265 0.373485331632653 0.021524234693877542 0.015146683673469385
0 0.5333227040816326 0.392219387755102 0.01913265306122447 0.017538265306122458
0 0.627391581632653 0.4540019132653061 0.022321428571428492 0.011957908163265252
0 0.6389508928571428 0.42490433673469385 0.023118622448979664 0.01594387755102039
0 0.6724330357142857 0.4201211734693877 0.021524234693877542 0.01434948979591838
0 0.568797831632653 0.4727359693877551 0.023118622448979553 0.01434948979591838
0 0.6740274234693877 0.5121970663265306 0.021524234693877542 0.013552295918367374
0 0.7605229591836734 0.46954719387755095 0.025510204081632626 0.01434948979591838
0 0.8506058673469388 0.40656887755102034 0.023915816326530615 0.01434948979591838
0 0.7892219387755102 0.5125956632653061 0.01913265306122447 0.012755102040816424
0 0.9028220663265305 0.5755739795918366 0.021524234693877542 0.015943877551020447
0 0.9630102040816326 0.4480229591836734 0.023915816326530615 0.01594387755102039
0 0.9779509774881517 0.24761181872037918 0.019438684834123254 0.017587381516587702
