0 0.1907009548611111 0.2851019965277778 0.013563368055555552 0.0146484375
0 0.17008463541666669 0.2471245659722222 0.013563368055555552 0.017903645833333343
0 0.1028103298611111 0.1877170138888889 0.01790364583333333 0.016276041666666657
0 0.09847005208333333 0.2080620659722222 0.011393229166666657 0.02007378472222221
1 0.0857204861111111 0.2398003472222222 0.02604166666666667 0.02387152777777779
1 0.07459852430555555 0.19151475694444442 0.0244140625 0.023871527777777762
0 0.078125 0.21104600694444442 0.015190972222222224 0.013020833333333343
1 0.04611545138888889 0.1397026909722222 0.029296875 0.026584201388888895
0 0.6901533018867925 0.0983195754716981 0.013266509433962237 0.014740566037735853
0 0.6796506485849056 0.08947523584905659 0.012897995283018826 0.015477594339622633
0 0.6647258254716981 0.07676149764150943 0.016214622641509413 0.015109080188679236
0 0.65625 0.06791715801886791 0.012529481132075526 0.012897995283018882
0 0.655491504854369 0.1480582524271845 0.00872269417475724 0.014032160194174775
0 0.6568188713592233 0.12776850728155342 0.01289441747572817 0.012135922330097082
0 0.6651623179611651 0.13231947815533984 0.01289441747572817 0.011377427184466021
0 0.7013804611650485 0.16493476941747576 0.014032160194174748 0.014411407766990292
0 0.6827973300970873 0.14597239077669907 0.011756674757281593 0.012135922330097082
0 0.6692856634396356 0.14163048120728927 0.011122579726651427 0.013791998861047844
0 0.043545926781002636 0.007472377968337731 0.014944755936675463 0.008760718997361477
0 0.06493238786279683 0.03504287598944591 0.014429419525065955 0.016490765171503954
0 0.04792628627968338 0.05359498680738786 0.014429419525065962 0.013398746701846966
