0 0.05620216836734694 0.9574298469387754 0.02152423469387755 0.011160714285714302
0 0.11479591836734693 0.940688775510204 0.015943877551020405 0.011160714285714302
0 0.42051977040816324 0.8561862244897959 0.01992984693877553 0.012755102040816313
0 0.43327487244897955 0.8653539540816326 0.015146683673469385 0.011957908163265363
0 0.6257971938775511 0.9036192602040816 0.014349489795918324 0.016741071428571397
0 0.8127391581632653 0.982142857142857 0.01992984693877542 0.014349489795918324
0 0.904815051020408 0.8334661989795917 0.012755102040816424 0.01992984693877553
0 0.8147321428571428 0.7605229591836734 0.017538265306122458 0.014349489795918435
0 0.8223054846938775 0.7696906887755102 0.015146683673469385 0.016741071428571397
0 0.766501913265306 0.7362085459183674 0.016741071428571397 0.011957908163265363
0 0.6883769132653061 0.8721301020408163 0.01992984693877553 0.014349489795918324
0 0.606265943877551 0.7796556122448979 0.016741071428571397 0.01913265306122447
0 0.3545496323529412 0.7915900735294117 0.012408088235294157 0.00965073529411764
0 0.5665838068181818 0.8116122159090908 0.01716382575757569 0.012428977272727293
0 0.9591608621987953 0.9523955195783133 0.013530685240963902 0.01176581325301207
