0 0.556640625 0.3257921006944444 0.01302083333333326 0.022243923611111105
0 0.5362955729166667 0.37082248263888884 0.00813802083333337 0.017903645833333315
0 0.5824110243055556 0.3634982638888889 0.02224392361111105 0.01085069444444442
0 0.5794270833333333 0.37570529513888884 0.02170138888888895 0.012478298611111105
0 0.15380859375 0.1483832465277778 0.015733506944444448 0.010308159722222238
0 0.3567165798611111 0.11908637152777779 0.02332899305555558 0.012478298611111119
0 0.9231228298611112 0.00732421875 0.01898871527777779 0.009223090277777776
0 0.37070434190031154 0.3667494158878505 0.010343652647975099 0.018253504672897214
0 0.3606649143302181 0.3679663161993769 0.009735202492211825 0.019470404984423706
0 0.3515381619937695 0.3679663161993769 0.010952102803738317 0.017036604361370722
0 0.34180295950155765 0.3697916666666667 0.009735202492211825 0.018253504672897214
0 0.33206775700934577 0.3710085669781932 0.008518302180685333 0.01825350467289716
0 0.27791569314641745 0.2420171339563863 0.01581970404984423 0.013385903426791301
0 0.2754818925233645 0.25388191199376947 0.014602803738317738 0.016428154205607476
0 0.2709185163551402 0.26544246495327106 0.01764505451713394 0.02007885514018687
0 0.26757204049844235 0.27852414330218067 0.01581970404984423 0.01581970404984423
0 0.2633128894080997 0.2906931464174455 0.01581970404984423 0.01947040498442365
0 0.25935796339563866 0.3010367990654206 0.015211253894081012 0.01581970404984423
0 0.2557072624610592 0.3125973520249221 0.013994353582554492 0.01581970404984423
0 0.25144811137071654 0.32659170560747663 0.015211253894081012 0.017036604361370722
0 0.2423213590342679 0.3305466316199377 0.01399435358255452 0.010343652647975099
0 0.23988755841121495 0.2499269859813084 0.018861954828660432 0.01216900311526481
0 0.23927910825545173 0.2630086643302181 0.017645054517133968 0.010343652647975099
0 0.23623685747663553 0.2745692172897196 0.016428154205607476 0.011560552959501591
0 0.23106503115264798 0.285521320093458 0.019470404984423678 0.009126752336448607
0 0.22102560358255452 0.30499172507788164 0.018861954828660432 0.009126752336448607
0 0.21524532710280375 0.31716072819314645 0.018253504672897186 0.010343652647975043
0 0.21037772585669784 0.32932973130841126 0.018253504672897186 0.009126752336448607
0 0.19638337227414332 0.26878894080996885 0.02068730529595017 0.009735202492211825
0 0.18908197040498442 0.28095794392523366 0.017036604361370722 0.008518302180685389
0 0.18664816978193147 0.29160582165109034 0.01581970404984423 0.007909852024922115
0 0.17904254283489096 0.30255792445482865 0.017645054517133968 0.009126752336448607
0 0.1659608644859813 0.32415790498442365 0.014602803738317766 0.008518302180685333
0 0.16322283878504673 0.3360226830218069 0.01764505451713394 0.010343652647975099
0 0.15713833722741433 0.35610153816199375 0.02129575545171339 0.010343652647975043
