0 0.3894304281345566 0.2568329510703364 0.016724006116207946 0.020307721712538224
0 0.22696865443425077 0.2666881689602446 0.016724006116207946 0.01612672018348621
0 0.20546636085626913 0.25026280581039756 0.01791857798165139 0.016724006116207946
0 0.18336678134556575 0.23324015672782875 0.01911314984709478 0.019710435779816515
0 0.1582807721712538 0.2081541475535168 0.019113149847094807 0.017321292048929654
0 0.13498662079510704 0.19023556957186544 0.019113149847094807 0.017321292048929654
0 0.2144097222222222 0.04796006944444445 0.010416666666666657 0.016059027777777783
0 0.23328993055555555 0.0779079861111111 0.01519097222222221 0.016059027777777776
0 0.22265625 0.08463541666666666 0.018229166666666685 0.013020833333333329
0 0.12515024038461536 0.027493990384615374 0.017027243589743585 0.015024038461538457
0 0.8157369206460674 0.5485538096910112 0.016458918539325906 0.0175561797752809
0 0.8053129389044944 0.553491485252809 0.015361657303370801 0.018653441011235894
0 0.8390537219101124 0.7142402563202248 0.018104810393258397 0.013167134831460703
0 0.8450886587078652 0.698878599016854 0.018104810393258397 0.013167134831460703
0 0.3873963647959183 0.5484295280612244 0.01594387755102039 0.015146683673469385
0 0.36288265306122447 0.5243144132653061 0.014748086734693855 0.015545280612244805
0 0.34574298469387754 0.5438456632653061 0.015545280612244916 0.015545280612244805
0 0.29650099734042556 0.44464760638297873 0.01620678191489361 0.01329787234042551
0 0.2890209441489362 0.4569065824468085 0.01620678191489361 0.012882313829787218
0 0.28091755319148937 0.46417885638297873 0.0166223404255319 0.014128989361702093
0 0.1877391581632653 0.0665656887755102 0.016741071428571425 0.019929846938775503
