3 0.570247228470437 0.8083627892030848 0.07104554948586117 0.06677779562982011
3 0.6117950674807198 0.8845547477506426 0.0687861503856042 0.06702883997429299
3 0.6699846360861182 0.97186546031491 0.07018697782776351 0.05236282937018
1 0.8712347399150744 0.7394713707537155 0.019489782377919318 0.023429206475583886
1 0.8594164676220807 0.7417520899681529 0.01907510615711261 0.023429206475583886
1 0.9431810642250531 0.06624452627388536 0.020319134819532847 0.015965034501061577
1 0.9502305599787686 0.0768187699044586 0.019489782377919318 0.01596503450106157
1 0.9555176817940552 0.08760035164543525 0.020111796709129437 0.01679438694267517
1 0.961737825106157 0.10086999071125266 0.021355825371549897 0.01472100583864118
1 0.9646405586518048 0.10864516985138004 0.021355825371549897 0.014098991507431005
1 0.8318359375 0.2490234375 0.024218750000000067 0.016406249999999983
1 0.83935546875 0.2640625 0.021289062499999956 0.014453125000000011
1 0.81123046875 0.21826171875 0.0166015625 0.02128906250000001
1 0.80439453125 0.22275390625 0.0166015625 0.02128906250000001
1 0.7982421875 0.22763671875 0.014843750000000044 0.0205078125
1 0.791796875 0.23173828125 0.016015624999999978 0.020117187499999994
1 0.7872070312499999 0.23642578125000002 0.016210937500000022 0.020117187499999994
1 0.77998046875 0.23984375 0.015820312499999933 0.021093749999999967
1 0.76513671875 0.14716796875 0.01816406249999991 0.023242187499999983
1 0.79736328125 0.28359375 0.0166015625 0.021093749999999967
1 0.79150390625 0.2869140625 0.01621093749999991 0.021484375
1 0.796875 0.1189453125 0.029296875 0.017187499999999994
1 0.9328125 0.6357421875 0.023046875000000022 0.01796875000000009
1 0.9646484375 0.5912109375000001 0.023046875000000022 0.017187500000000022
1 0.8174424983745123 0.843856672626788 0.017524788686606008 0.0231124024707412
1 0.7822659297789336 0.8207442701560468 0.015238946684005161 0.01854071846553973
1 0.7975048764629389 0.845634549739922 0.01422301690507155 0.018032753576072813
