0 0.0682738846801347 0.07485006313131316 0.01578282828282828 0.010521885521885516
0 0.08602956649831653 0.07254840067340071 0.010521885521885516 0.020386153198653202
0 0.045914877946127974 0.1679029882154882 0.011837121212121215 0.017755681818181795
0 0.26851851851851855 0.18598747895622897 0.019070917508417495 0.010521885521885543
0 0.27706755050505055 0.20144149831649832 0.024331860269360295 0.013809974747474751
0 0.6124526515151514 0.010074705387205419 0.011179503367003352 0.016440446127946127
0 0.5792429503367003 0.12252735690235692 0.01972853535353536 0.011179503367003338
0 0.7258917297979797 0.11956807659932663 0.01841329966329963 0.01578282828282826
0 0.9363294402356901 0.03243371212121215 0.01841329966329963 0.011179503367003362
0 0.9054214015151514 0.0636705597643098 0.010521885521885488 0.018413299663299666
0 0.9484953703703702 0.05545033670033673 0.01644044612794604 0.011179503367003366
0 0.8791166877104376 0.1557370580808081 0.015782828282828287 0.010521885521885543
0 0.631523569023569 0.3622290614478115 0.011179503367003352 0.01841329966329963
0 0.07846696127946132 0.5473484848484849 0.015125210437710437 0.02170138888888895
0 0.14751683501683505 0.6706518308080808 0.023016624579124595 0.010521885521885599
0 0.49934238215488214 0.8764862163299663 0.013809974747474696 0.017098063973064015
0 0.6275778619528619 0.8912826178451179 0.015125210437710424 0.009864267676767624
0 0.5233454335016834 0.975457702020202 0.011837121212121215 0.017755681818181768
