0 0.27279303451178455 0.23662405303030304 0.015782828282828287 0.010521885521885543
0 0.32211437289562295 0.10181239478114482 0.015782828282828287 0.015782828282828287
0 0.33132102272727276 0.14159827441077444 0.01841329966329963 0.019070917508417523
0 0.38129997895622897 0.16658775252525254 0.015782828282828287 0.016440446127946123
0 0.3974116161616162 0.10115477693602697 0.013809974747474696 0.014467592592592587
0 0.4191130050505051 0.08602956649831653 0.015125210437710424 0.013152356902356901
0 0.427990845959596 0.06334175084175087 0.01709806397306396 0.012494739057239065
0 0.440814393939394 0.06860269360269364 0.01644044612794615 0.01644044612794613
0 0.39543876262626265 0.13765256734006737 0.01644044612794615 0.017755681818181795
0 0.5631313131313131 0.10674452861952866 0.015125210437710535 0.016440446127946123
