0 0.13495749370277083 0.11331076826196475 0.015251102015113344 0.009347449622166243
0 0.1411071316120907 0.1231501889168766 0.014759130982367752 0.010331391687657454
0 0.32043057304785894 0.3834028652392947 0.018202928211586866 0.014267159949622188
0 0.32608823992443325 0.3907824307304786 0.015743073047858935 0.014267159949622132
0 0.17480714735516373 0.5191868702770781 0.01721898614609571 0.012299275818639877
0 0.39299630037783373 0.5122992758186398 0.02263066750629722 0.011315333753148638
0 0.4810591152392947 0.5669080604534005 0.009839420654911835 0.014267159949622243
0 0.4933583910579345 0.5634642632241813 0.009839420654911835 0.019186870277078105
0 0.5054116813602014 0.5533788570528967 0.010331391687657399 0.015743073047858935
0 0.34232328400503775 0.6901468041561714 0.01672701511335012 0.013775188916876568
0 0.3642159949622166 0.6871949779596978 0.013283217884131004 0.013775188916876568
0 0.34724299433249367 0.6997402392947103 0.013775188916876568 0.013283217884130893
0 0.3578203715365239 0.7199110516372795 0.0162350440806045 0.01721898614609574
0 0.40578754722921917 0.7172052109571787 0.010823362720403018 0.013775188916876568
0 0.4020977644836272 0.7041679785894206 0.013283217884130949 0.013283217884131004
0 0.15070056675062976 0.8109256926952141 0.01426715994962216 0.018202928211586977
0 0.10691514483627206 0.8069899244332494 0.018202928211586894 0.011315333753148638
0 0.2568766276041667 0.8699408637152777 0.01491970486111116 0.01898871527777779
0 0.24873860677083334 0.87841796875 0.016276041666666685 0.018310546875
0 0.23653157552083331 0.8818088107638888 0.014919704861111105 0.01695421006944442
0 0.5322129991319444 0.9123263888888888 0.01898871527777768 0.01559787326388895
0 0.554931640625 0.9126654730902777 0.01559787326388884 0.01898871527777779
1 0.07343207465277776 0.7143012152777777 0.03865559895833333 0.02780490451388895
0 0.06359863281249999 0.6729329427083333 0.01356336805555556 0.01559787326388895
0 0.1612548828125 0.5885009765625 0.016276041666666657 0.01627604166666663
0 0.9406312835120644 0.9445584785522788 0.010996146112600469 0.01570878016085797
