2 0.018595950704225327 0.31018926056338025 0.03025968309859155 0.017422241784037562
2 0.05344043427230045 0.3244021420187793 0.03576144366197183 0.022007042253521125
2 0.3143155809859155 0.2611318955399061 0.04584800469483569 0.02384096244131456
2 0.38079518779342725 0.24370965375586853 0.048598884976525814 0.02384096244131456
2 0.4454408744131455 0.22857981220657275 0.04584800469483569 0.024757922535211252
2 0.5082526408450704 0.21024061032863847 0.033927523474178434 0.02659184272300469
2 0.569230487089202 0.1822733274647887 0.04768192488262912 0.020173122065727717
2 0.6302083333333335 0.16072476525821594 0.03392752347417838 0.021090082159624435
2 0.6953125 0.136425322769953 0.03759536384976536 0.01833920187793428
2 0.745286825117371 0.43489583333333337 0.036678403755868505 0.017422241784037562
2 0.9016285211267606 0.41105487089201875 0.03759536384976525 0.019256161971831
2 0.8576144366197184 0.09470363849765256 0.03759536384976525 0.02109008215962442
2 0.922718603286385 0.07544747652582157 0.044931044600938885 0.024757922535211266
2 0.972692928403756 0.5160468016431925 0.038512323943661886 0.023840962441314617
2 0.8333149941314555 0.5288842429577465 0.034844483568075124 0.020173122065727744
2 0.655424735915493 0.5861942488262911 0.02934272300469487 0.02109008215962449
2 0.5596024061032865 0.49449823943661975 0.03392752347417838 0.019256161971831054
2 0.46744791666666663 0.5939884096244132 0.029342723004694815 0.018339201877934252
2 0.8475278755868545 0.6448796948356808 0.03392752347417838 0.015588321596244126
2 0.9130905223004695 0.6357100938967136 0.05868544600938963 0.024757922535211252
2 0.980487089201878 0.6192048122065729 0.03392752347417838 0.011920481220657253
2 0.9772777288732395 0.6943955399061033 0.038512323943662 0.02109008215962438
2 0.8589898767605635 0.7214458626760564 0.04034624413145538 0.020173122065727744
2 0.8401921948356808 0.7989289906103287 0.044931044600938885 0.032093603286385
2 0.7617921068075117 0.812224911971831 0.049515845070422615 0.022007042253521125
2 0.7223628227699531 0.753080985915493 0.05501760563380276 0.028425762910798125
2 0.6366270539906104 0.6898107394366197 0.04859888497652576 0.017422241784037618
2 0.596280809859155 0.772337147887324 0.032093603286385 0.015588321596244126
2 0.6334176936619719 0.832856514084507 0.03301056338028174 0.015588321596244126
2 0.5701474471830986 0.705399061032864 0.049515845070422504 0.02109008215962438
2 0.4958736795774648 0.7214458626760564 0.049515845070422615 0.018339201877934252
2 0.5614363262910799 0.8456939553990611 0.044931044600938996 0.013754401408450745
2 0.4908303990610329 0.8644916373239437 0.04676496478873243 0.018339201877934252
2 0.4275601525821596 0.7255721830985916 0.05043280516431925 0.019256161971831
2 0.4183905516431925 0.8768705985915494 0.05593456572769956 0.032093603286385
2 0.395925029342723 0.8154342723004695 0.034844483568075124 0.017422241784037618
2 0.34411678403755863 0.8924589201877935 0.035761443661971815 0.019256161971831
2 0.2978102992957746 0.8282717136150235 0.051349765258215996 0.02109008215962438
2 0.34411678403755863 0.7425359448356808 0.06693808685446007 0.023840962441314617
2 0.19052596830985913 0.7347417840375587 0.03301056338028169 0.024757922535211252
2 0.20519732981220656 0.836524354460094 0.03667840375586853 0.015588321596244126
2 0.27534477699530513 0.903462441314554 0.048598884976525814 0.019256161971830887
2 0.32458043981481477 0.5700774016203705 0.028935185185185175 0.0244140625
2 0.08089192708333334 0.7133969907407407 0.031647858796296294 0.02712673611111105
2 0.010362413194444477 0.8372757523148149 0.017180266203703703 0.01265914351851849
