0 0.01988022334293951 0.8869664085014408 0.015197226224783861 0.01238292507204608
0 0.040706051873198874 0.9041336455331412 0.01744866714697406 0.012945785302593715
0 0.05477755763688763 0.925522334293948 0.014071505763688756 0.011820064841498557
0 0.17016390489913547 0.9018822046109509 0.01632294668587897 0.012945785302593715
0 0.18761257204610954 0.9117322586455331 0.010694344380403453 0.010131484149855874
0 0.18113967939481268 0.9207380223342938 0.015760086455331418 0.01238292507204608
0 0.20506123919308358 0.941845280979827 0.01632294668587897 0.014071505763688763
1 0.10599783861671472 0.9728025936599423 0.025328710374639768 0.02082582853025927
0 0.051479196685878977 0.9897869011167146 0.014229106628242047 0.01651994776657062
0 0.9227080331412103 0.9410009906340058 0.017448667146974017 0.011257204610951033
0 0.9491624639769451 0.9480367435158501 0.0073171829971181435 0.018574387608069176
0 0.5728931633574007 0.9614028655234657 0.0190376805054151 0.016217283393501813
