0 0.8251953125 0.2574327256944444 0.02278645833333337 0.013563368055555525
0 0.7454427083333333 0.06700303819444445 0.009765624999999889 0.014648437500000007
0 0.8289930555555556 0.044487847222222224 0.01410590277777779 0.011935763888888888
0 0.5523003472222222 0.14729817708333331 0.02170138888888884 0.013563368055555552
0 0.2842881944444444 0.03146701388888889 0.01953125 0.013020833333333332
0 0.09064627165841585 0.26662090037128716 0.01982131806930694 0.0140199566831683
0 0.0896793780940594 0.2772567295792079 0.015953743811881194 0.012086169554455461
0 0.08532835705445545 0.28644221844059403 0.01788753094059406 0.011119275990099042
0 0.08218595297029702 0.29417736695544555 0.02030476485148515 0.011119275990098987
0 0.05462948638613861 0.25187577351485146 0.010635829207920791 0.01837097772277227
0 0.06937461324257427 0.5414603960396039 0.012086169554455448 0.018370977722772297
0 0.05124535891089109 0.5344504176980198 0.011602722772277224 0.01982131806930698
0 0.03142404084158416 0.527923886138614 0.0135365099009901 0.019337871287128716
0 0.015953743811881187 0.5206721844059405 0.012569616336633662 0.019337871287128716
0 0.07420908106435643 0.4977084622524752 0.01305306311881188 0.017887530940594087
0 0.10007348391089109 0.5100363551980198 0.011602722772277224 0.01450340346534651
