0 0.01880787037037037 0.45536747685185186 0.01736111111111111 0.009403935185185175
0 0.01519097222222222 0.47562210648148145 0.02025462962962963 0.01229745370370372
0 0.07776331018518517 0.47055844907407407 0.02097800925925926 0.015190972222222265
0 0.05750868055555555 0.4759837962962963 0.016637731481481483 0.014467592592592615
0 0.053168402777777776 0.4937065972222222 0.01808449074074074 0.012297453703703665
0 0.21882233796296294 0.4029224537037037 0.01953125 0.013020833333333315
0 0.24658203125 0.4291449652777778 0.01898871527777779 0.011935763888888895
0 0.2460394965277778 0.439453125 0.014648437500000028 0.009765625
0 0.8100460737179487 0.1715244391025641 0.024205395299145338 0.01418936965811965
0 0.9085369925213675 0.24664463141025644 0.024205395299145338 0.012520032051282076
0 0.9440104166666667 0.2178485576923077 0.018362713675213693 0.013354700854700863
0 0.9669638087606838 0.3138354700854701 0.02086672008547008 0.011685363247863234
0 0.7482805822649574 0.5216680021367521 0.012520032051282048 0.016693376068376065
0 0.7566272702991453 0.5270933493589745 0.01085069444444442 0.015858707264957306
0 0.785032460387324 0.5288567341549296 0.007564920774647876 0.013754401408450745
0 0.7922535211267606 0.535733934859155 0.008252640845070491 0.01650528169014087
0 0.8039447623239437 0.5364216549295775 0.0096280809859155 0.019256161971831
0 0.8084149427816902 0.557740977112676 0.010315801056338114 0.01788072183098588
0 0.6894393705985915 0.6536779269366197 0.02131932218309862 0.010315801056338003
0 0.6935656910211268 0.6357972051056338 0.018568441901408383 0.011691241197183122
0 0.7059446522887325 0.696316571302817 0.010315801056338114 0.018568441901408383
0 0.7135095730633803 0.7007867517605635 0.010315801056338114 0.013754401408450634
0 0.8421132262323945 0.8465834066901409 0.017193001760563376 0.011003521126760507
0 0.6299993221258133 0.731892285791757 0.017794197396963196 0.008049755965292782
0 0.6280928009761388 0.7418485629067244 0.019912554229934876 0.011015455531453333
0 0.6268217868763557 0.7526521827548807 0.016523183297179944 0.009744441431670303
0 0.6251271014099782 0.7604901030368763 0.015675840563991295 0.010168112798264572
0 0.6208903877440347 0.7708700515184381 0.018217868763557465 0.012286469631236363
0 0.6191957022776572 0.782521014099783 0.018217868763557465 0.011015455531453444
0 0.6198312093275488 0.7916299484815619 0.014404826464208265 0.011439126898047713
0 0.6185601952277657 0.8007388828633405 0.016946854663774436 0.009320770065075923
0 0.6136879745119306 0.810695159978308 0.019065211496746226 0.008897098698481543
0 0.61072227494577 0.8206514370932755 0.019912554229934987 0.009320770065075923
0 0.609451260845987 0.8289130287418655 0.019065211496746115 0.010591784164859064
0 0.6086039181127982 0.8384456344902385 0.019912554229934987 0.011862798264642094
0 0.6062737255965291 0.8477664045553145 0.020336225596529256 0.010168112798264684
0 0.6024606832971799 0.8592055314533622 0.015252169197396914 0.010168112798264684
0 0.5984358053145336 0.8776352359002169 0.019065211496746226 0.013133812364425124
0 0.6399555992407808 0.9361018844902386 0.015675840563991295 0.009744441431670303
0 0.6416502847071583 0.9261456073752711 0.019065211496746226 0.010168112798264684
0 0.6433449701735356 0.9172485086767894 0.016523183297180055 0.011862798264642094
0 0.6454633270065075 0.907292231561822 0.017370526030368705 0.009744441431670303
0 0.6480053552060737 0.8967004473969631 0.019065211496746226 0.009744441431670303
0 0.6494882049891539 0.8875915130151844 0.016946854663774436 0.009320770065075923
0 0.651818397505423 0.8776352359002169 0.017370526030368816 0.009744441431670303
0 0.6537249186550975 0.8704328226681128 0.017794197396963196 0.011439126898047713
0 0.6558432754880694 0.8604765455531453 0.017794197396963196 0.011015455531453333
0 0.6571142895878525 0.8505202684381779 0.018641540130151846 0.008897098698481543
0 0.6592326464208242 0.8416231697396963 0.018641540130151846 0.009744441431670192
0 0.6628338530368763 0.8312432212581344 0.014828497830802534 0.010168112798264684
0 0.7293502575921909 0.8026454040130151 0.012286469631236363 0.022454582429501047
0 0.7251135439262473 0.8346325921908894 0.011439126898047713 0.018641540130151846
0 0.7073193465292842 0.906021217462039 0.010591784164858953 0.019065211496746226
0 0.7018116187635575 0.9297468139913232 0.011439126898047713 0.017370526030368816
0 0.6969393980477223 0.9509303823210411 0.010168112798264684 0.019912554229934876
0 0.638896420824295 0.948388354121475 0.017794197396963085 0.009744441431670192
0 0.12764747920997924 0.9190488565488565 0.017460369022869 0.010151377338877277
0 0.1270383965696466 0.930012344074844 0.017866424116424126 0.010151377338877277
0 0.1282565618503119 0.9401637214137213 0.014617983367983381 0.010151377338877388
0 0.12460206600831604 0.949299961018711 0.01705431392931392 0.011369542619542594
0 0.11912032224532229 0.9572180353430353 0.01746036902286903 0.010963487525987525
0 0.1183082120582121 0.9691966606029105 0.016648258835758836 0.011369542619542594
0 0.11445068866943871 0.9793480379417878 0.01705431392931392 0.015430093555093616
0 0.11039013773388778 0.9874691398128898 0.01624220374220374 0.012181652806652732
0 0.10429931133056136 0.9939660213097712 0.01624220374220374 0.008121101871101932
0 0.08074811590436595 0.904024818087318 0.014617983367983367 0.011775597713097774
0 0.07871784043659048 0.9143792229729729 0.014617983367983367 0.011369542619542594
0 0.8722685620300752 0.9526697603383458 0.019090695488721887 0.012482377819548862
0 0.7492804276315789 0.9897497650375939 0.022761983082706827 0.013216635338345828
0 0.12114081325301208 0.3479268637048193 0.011765813253012042 0.017060429216867457
