0 0.19999296171171174 0.39178631756756754 0.02375422297297297 0.013196790540540515
0 0.2788628472222222 0.35771122685185186 0.0180844907407407 0.009403935185185175
0 0.367115162037037 0.3880931712962963 0.016637731481481455 0.01229745370370372
0 0.4716435185185185 0.36313657407407407 0.01880787037037035 0.013020833333333315
0 0.38700810185185186 0.3985821759259259 0.021701388888888895 0.01157407407407407
0 0.48972800925925924 0.30635127314814814 0.01880787037037035 0.01229745370370372
0 0.640552662037037 0.27054398148148145 0.0209780092592593 0.01157407407407407
0 0.7685908564814814 0.2372685185185185 0.02242476851851849 0.013020833333333343
0 0.7758246527777777 0.25028935185185186 0.02242476851851849 0.010127314814814825
0 0.8485243055555556 0.21303530092592593 0.01880787037037035 0.010850694444444448
0 0.925564236111111 0.1909722222222222 0.0224247685185186 0.01157407407407407
0 0.9497974537037037 0.2904369212962963 0.02025462962962965 0.01519097222222221
0 0.7747395833333333 0.9592013888888888 0.01446759259259256 0.01736111111111116
0 0.791015625 0.9682436342592592 0.012297453703703609 0.0166377314814814
0 0.7989728009259258 0.9765625 0.01374421296296291 0.01736111111111105
1 0.09659276832460736 0.46165330497382195 0.06851276178010472 0.03579024869109948
1 0.7055382853403142 0.32309391361256545 0.034767670157068054 0.022496727748691103
1 0.8711960078534031 0.26480693717277487 0.03067735602094246 0.0163612565445026
1 0.8691508507853403 0.22390379581151837 0.051128926701570765 0.02454188481675393
1 0.8533008835078535 0.28628108638743455 0.048061191099476486 0.0245418848167539
