0 0.09801793981481481 0.014467592592592591 0.022424768518518517 0.013020833333333334
0 0.22352430555555552 0.03761574074074074 0.020254629629629622 0.011574074074074077
0 0.35083912037037035 0.10127314814814814 0.017361111111111105 0.010127314814814811
0 0.3685619212962963 0.045211226851851846 0.020978009259259245 0.01085069444444444
0 0.5454282407407407 0.03689236111111111 0.01880787037037046 0.013020833333333332
0 0.7335069444444444 0.035807291666666664 0.01880787037037035 0.012297453703703706
0 0.8383969907407407 0.01953125 0.01591435185185186 0.008680555555555554
0 0.9273726851851851 0.09657118055555555 0.01591435185185186 0.009403935185185189
0 0.6622540509259258 0.19929108796296297 0.01808449074074081 0.010850694444444448
0 0.8517795138888888 0.4134114583333333 0.0180844907407407 0.01229745370370372
0 0.9675202546296295 0.5490451388888888 0.01374421296296291 0.01446759259259256
0 0.923755787037037 0.7960792824074074 0.01591435185185186 0.01519097222222221
0 0.5407262731481481 0.8901186342592592 0.01229745370370372 0.0166377314814814
0 0.5830439814814814 0.9338831018518519 0.01880787037037035 0.01012731481481477
0 0.6065538194444444 0.9273726851851851 0.01663773148148151 0.01157407407407407
0 0.10054976851851852 0.949074074074074 0.015914351851851846 0.01157407407407407
0 0.11682581018518517 0.7233796296296295 0.016637731481481496 0.01012731481481477
0 0.078125 0.6441695601851851 0.020254629629629636 0.01085069444444442
0 0.1294849537037037 0.6094473379629629 0.010127314814814811 0.0180844907407407
0 0.14250578703703703 0.6575520833333333 0.013020833333333343 0.01880787037037035
0 0.12369791666666666 0.5866608796296295 0.01157407407407407 0.01736111111111105
0 0.03616898148148148 0.5750868055555556 0.02025462962962963 0.01157407407407407
0 0.23401331018518517 0.6456163194444444 0.01953125 0.01229745370370372
0 0.21665219907407407 0.7034866898148148 0.010850694444444448 0.0180844907407407
0 0.046657986111111105 0.7273582175925926 0.013744212962962958 0.01953125
0 0.10247878086419752 0.3757555298353909 0.008841306584362135 0.016878858024691357
