2 0.8970072940503433 0.3345341104118993 0.027710240274599562 0.038883724256292884
2 0.8618551587301587 0.5035884796626984 0.024026537698412787 0.03061445932539686
2 0.981019035218254 0.459991939484127 0.022088913690476275 0.03875248015873012
2 0.8139250268240343 0.6389401153433476 0.023471030042918395 0.0431699302575107
2 0.5852920466738197 0.6527712580472103 0.031434415236051505 0.04400818133047213
2 0.45584806514476617 0.7636066258351892 0.02348969933184858 0.027404649220489907
2 0.5426294543429844 0.7884013084632517 0.036104537861915365 0.043064448775055664
2 0.6753027561247216 0.7936212416481069 0.030014615812917533 0.03349457126948785
2 0.907092747813411 0.6841631741982508 0.028471209912536488 0.030179482507288635
2 0.8379077077259475 0.7977633017492711 0.0347348760932944 0.03302660349854225
2 0.761153536977492 0.956466036977492 0.03140072347266876 0.04521704180064301
2 0.6066619774919615 0.9360555667202572 0.028888665594855367 0.028260651125401992
2 0.46378868569131837 0.9319734726688103 0.029516680064308687 0.030144694533762117
2 0.9895027381430868 0.9781293961012862 0.017088273713826374 0.03202245779742763
