0 0.04231770833333333 0.2513744212962963 0.007957175925925923 0.01953125
0 0.24486400462962962 0.009765625 0.013744212962962965 0.016637731481481483
0 0.27922453703703703 0.14286747685185186 0.02025462962962965 0.010850694444444448
0 0.3370949074074074 0.1421440972222222 0.02170138888888884 0.013744212962962965
0 0.3653067129629629 0.16782407407407407 0.023148148148148195 0.01157407407407407
0 0.3414351851851852 0.2517361111111111 0.01157407407407407 0.018807870370370378
0 0.43438946759259256 0.011935763888888888 0.01229745370370372 0.01953125
0 0.5269820601851851 0.14576099537037035 0.0180844907407407 0.012297453703703692
0 0.5381944444444444 0.17107928240740738 0.02025462962962954 0.010850694444444448
0 0.5910011574074074 0.14503761574074076 0.01880787037037035 0.010850694444444448
0 0.8434606481481481 0.1616753472222222 0.01591435185185186 0.018084490740740755
0 0.9884982638888888 0.12876157407407407 0.01085069444444442 0.021701388888888895
0 0.9190538194444444 0.279224537037037 0.01519097222222221 0.017361111111111105
0 0.7371238425925926 0.3219039351851851 0.01880787037037035 0.010127314814814825
0 0.44198495370370366 0.46549479166666663 0.01880787037037035 0.01229745370370372
0 0.3428819444444444 0.3515625 0.02314814814814814 0.010127314814814825
0 0.37290219907407407 0.34975405092592593 0.01953125 0.010850694444444475
