0 0.48071238305613306 0.27951208419958423 0.025175415800415823 0.01827247920997921
0 0.5030454132016632 0.3233660343035343 0.019490644490644415 0.011775597713097719
0 0.5686233108108107 0.33514163201663205 0.014211928274428298 0.02070880977130979
0 0.6037470764033264 0.3036723622661123 0.020302754677754664 0.013805873180873174
0 0.6138984537422036 0.33006594334719336 0.020302754677754664 0.016242203742203754
0 0.6122742333679834 0.3528050285862786 0.010557432432432456 0.01786642411642414
0 0.02181965258855586 0.5875340599455041 0.012772479564032699 0.011708106267030005
0 0.01303857288828338 0.622658378746594 0.012240292915531338 0.025544959128065425
0 0.016763879427792915 0.6490016178474114 0.015433412806539508 0.021819652588555782
0 0.07157910422343325 0.7120657356948229 0.017562159400544966 0.015965599455040946
0 0.011708106267029974 0.7184519754768393 0.019158719346049048 0.017029972752043543
0 0.030068545640326978 0.7352158549046321 0.020755279291553137 0.016497786103542245
0 0.05082382493188011 0.7479883344686649 0.01969090599455041 0.015433412806539426
0 0.07823143732970028 0.7647522138964578 0.019158719346049055 0.014901226158038128
0 0.04736461171662125 0.774597666893733 0.02022309264305177 0.013304666212534011
0 0.10031718324250682 0.7825804666212535 0.017562159400544966 0.014369039509536718
0 0.12559604904632155 0.8006748126702997 0.018094346049046334 0.016497786103542245
0 0.11069482288828339 0.8200996253405994 0.019158719346049055 0.014901226158038128
0 0.17482331403269757 0.8360652247956404 0.018626532697547687 0.014901226158038128
0 0.33793852179836514 0.8956701294277929 0.020223092643051777 0.015965599455040835
0 0.33314884196185285 0.9539445674386922 0.020223092643051777 0.016497786103542245
0 0.48189501021798364 0.9672492336512262 0.02075527929155313 0.012240292915531414
0 0.31807053257042256 0.3644916373239437 0.014442121478873249 0.01650528169014087
0 0.23485640404929578 0.4012846610915493 0.015817561619718312 0.01306668133802813
0 0.1430457746478873 0.2358879841549296 0.013754401408450717 0.020631602112676062
0 0.5350462147887324 0.031635123239436624 0.015129841549295753 0.013754401408450707
0 0.008598663522012578 0.9885392099056602 0.009827044025157232 0.016583136792452824
0 0.022884728773584904 0.9934465900157232 0.008918042452830191 0.009200569968553562
