3 0.57109375 0.3091796875 0.068359375 0.0625
3 0.23048580786026202 0.5108743859170306 0.05757027838427953 0.060555403930130924
3 0.13911964383187775 0.5670587131550218 0.06247441320960698 0.07228268286026196
3 0.610546875 0.38554687499999996 0.0703125 0.06718750000000001
3 0.6700195312499999 0.47548828125 0.06777343749999998 0.060351562499999956
3 0.712890625 0.544921875 0.06992187499999991 0.06484375000000009
3 0.76025390625 0.6114257812499999 0.0634765625 0.06308593750000002
3 0.80283203125 0.68173828125 0.07402343749999996 0.060742187500000044
3 0.8517578125 0.7388671874999999 0.08085937500000007 0.08554687500000002
3 0.9521484375 0.66572265625 0.060546875 0.06816406250000007
