2 0.6182238520408163 0.8274872448979591 0.026307397959183687 0.035076530612244916
2 0.533721301020408 0.9088010204081632 0.023118622448979553 0.025510204081632626
2 0.38305165816326525 0.9103954081632653 0.02630739795918363 0.03029336734693877
2 0.19092793367346939 0.957828443877551 0.019929846938775503 0.024713010204081565
2 0.8506058673469388 0.705516581632653 0.022321428571428492 0.027104591836734637
2 0.9311224489795917 0.8765146683673468 0.023915816326530615 0.024713010204081676
2 0.7672991071428571 0.80078125 0.024713010204081565 0.023118622448979553
2 0.7593271683673468 0.9725765306122448 0.024713010204081676 0.027104591836734748
2 0.2326193820224719 0.5930696980337079 0.032917837078651674 0.0274315308988764
2 0.2819961376404494 0.46578739466292135 0.02852879213483145 0.0252370084269663
2 0.5513737710674157 0.6095286165730337 0.0318205758426966 0.0318205758426966
2 0.4383558637640449 0.39172226123595505 0.03401509831460675 0.028528792134831504
2 0.6133690308988764 0.419702422752809 0.03730688202247201 0.03401509831460675
2 0.703344452247191 0.5222963483146067 0.026334269662921406 0.0351123595505618
2 0.8245918188202248 0.3516722261235955 0.0252370084269663 0.0252370084269663
2 0.9441932935393258 0.3939167837078652 0.0252370084269663 0.02852879213483145
2 0.8827466643258427 0.5442415730337078 0.023042485955056202 0.021945224719101097
