2 0.12486396144278605 0.31240282960199006 0.03206623134328357 0.03595304726368159
2 0.4367809390547263 0.22932213930348255 0.03206623134328357 0.029151119402985065
2 0.41054493159203975 0.3881957400497512 0.0281794154228856 0.028179415422885545
2 0.2764497823383084 0.4703047263681592 0.030122823383084585 0.031094527363184077
2 0.13506685323383083 0.4848802860696517 0.027207711442786053 0.02526430348258707
2 0.1462414490049751 0.6301500310945273 0.028179415422885573 0.030122823383084585
2 0.2890819340796019 0.5713619402985074 0.02623600746268656 0.02332089552238803
2 0.41248833955223874 0.5796214241293531 0.024292599502487577 0.030122823383084585
2 0.4309507151741293 0.6743625621890545 0.022349191542288538 0.031094527363184077
2 0.34787002487562185 0.7657027363184079 0.025264303482587014 0.034981343283582045
2 0.48488028606965167 0.7972831156716417 0.019434079601990062 0.03206623134328357
2 0.5237484452736318 0.8944535136815919 0.03886815920398001 0.03595304726368165
2 0.34787002487562185 0.8871657338308456 0.025264303482587014 0.03303793532338306
2 0.15304337686567163 0.8478117226368158 0.02623600746268656 0.03400963930348255
2 0.02477845149253731 0.8191464552238805 0.02623600746268656 0.025264303482587014
2 0.24195429104477612 0.9853078358208954 0.023320895522388058 0.025264303482587014
2 0.45427161069651734 0.9833644278606963 0.024292599502487577 0.02720771144278611
2 0.6909989632701423 0.5401177428909953 0.023141291469194303 0.0305465047393364
