0 0.026475694444444448 0.5503472222222223 0.016493055555555556 0.01215277777777779
0 0.21397569444444445 0.4079861111111111 0.01996527777777779 0.01215277777777779
0 0.1870659722222222 0.4049479166666667 0.016493055555555552 0.01128472222222221
0 0.07942708333333334 0.3585069444444444 0.011284722222222224 0.020833333333333315
0 0.17274305555555555 0.3719618055555556 0.017361111111111105 0.011284722222222265
0 0.01171875 0.3467881944444444 0.013020833333333336 0.018229166666666685
0 0.2573784722222222 0.18880208333333331 0.016493055555555552 0.013020833333333343
0 0.2591145833333333 0.13802083333333334 0.019965277777777762 0.013888888888888895
0 0.2365451388888889 0.1410590277777778 0.018229166666666657 0.013020833333333343
0 0.14192708333333331 0.03776041666666667 0.014756944444444448 0.01649305555555556
0 0.1531834112149533 0.684816734813084 0.018253504672897214 0.015515478971962593
0 0.054614485981308435 0.6442026869158879 0.012777453271028041 0.025554906542056055
0 0.07058630257009349 0.6619998539719626 0.019166179906542055 0.010039427570093462
0 0.024952540887850493 0.6273181950934579 0.01369012850467289 0.019166179906542014
