1 0.7378447349570201 0.29209571991404015 0.06435798710601714 0.02574319484240689
1 0.7440007163323782 0.3150407414040115 0.06547725644699143 0.02574319484240689
1 0.745959437679083 0.9152489255014327 0.03245881088825209 0.06435798710601714
1 0.11902783054711247 0.7779848974164134 0.04927336626139818 0.019590615501519748
1 0.12080879559270516 0.7972786854103344 0.049273366261398166 0.02018427051671734
1 0.09082921732522797 0.7296020136778115 0.03443199088145897 0.0166223404255319
0 0.17144988449691992 0.8069173511293635 0.017245251540041084 0.009625256673511329
0 0.17405672484599588 0.8159410292607803 0.018448408624229973 0.007619994866529867
0 0.1822782982546201 0.8329857546201231 0.018849460985626287 0.010427361396303847
0 0.18388250770020534 0.8444157469199178 0.02045367043121149 0.010026309034907532
0 0.23762352412731005 0.82356102412731 0.022859984599589322 0.01163051848049279
0 0.22378721765913756 0.8047115631416837 0.016844199178644742 0.008422099589322385
0 0.23361300051334702 0.8133341889117043 0.018047356262833658 0.009625256673511329
0 0.24103246919917864 0.8412073280287474 0.019250513347022574 0.01243262320328542
0 0.24684772843942504 0.8506320585215605 0.017245251540041057 0.0088231519507187
0 0.2516603567761807 0.8694815195071868 0.016443146817248483 0.010427361396303847
0 0.24504299281314168 0.9007636036960985 0.012031570841889105 0.01684419917864477
0 0.2173703798767967 0.9109904389117043 0.012031570841889133 0.018047356262833603
0 0.28641149580335734 0.5231752098321343 0.009835881294963988 0.01779826139088725
