0 0.7907548803526447 0.962944741813602 0.020170812342569344 0.012299275818639765
0 0.9656505824937027 0.6227467726700251 0.013775188916876568 0.020662783375314908
0 0.9929180769836272 0.6927001338161209 0.010257596032745675 0.020849732367758222
0 0.9649126259445844 0.5014759130982367 0.0162350440806045 0.0221386964735516
0 0.8753738979848866 0.40431163413098237 0.012299275818639765 0.020662783375314853
0 0.9058761020151134 0.36765979219143574 0.013283217884131004 0.018202928211586922
0 0.8748819269521411 0.28746851385390426 0.012299275818639877 0.02312263853904284
0 0.78681911209068 0.16890349496221663 0.012299275818639877 0.02017081234256926
0 0.7789475755667505 0.039023142317380376 0.010331391687657399 0.01721898614609572
0 0.7742738507556675 0.4697437814861461 0.01967884130982367 0.011807304785894202
0 0.7772256769521411 0.4793372166246851 0.01967884130982367 0.010331391687657454
0 0.7902629093198992 0.5049197103274559 0.01721898614609574 0.013283217884131004
0 0.7575468356423174 0.48548685453400503 0.015743073047858935 0.009839420654911835
0 0.7612366183879093 0.49532627518891686 0.018202928211586866 0.01279124685138544
0 0.7691081549118388 0.5140211744332494 0.01721898614609574 0.011807304785894202
0 0.7782096190176322 0.5319781171284634 0.017710957178841302 0.012299275818639765
0 0.7208949937027708 0.508363507556675 0.020170812342569233 0.014267159949622243
0 0.7236008343828715 0.5260744647355164 0.01869489924433254 0.010331391687657399
0 0.7299964578085643 0.5425554943324937 0.020662783375314908 0.011807304785894202
0 0.7511512122166246 0.5912606265743072 0.01869489924433243 0.014759130982367696
0 0.6889168765743072 0.4421934036523929 0.020170812342569344 0.011807304785894257
0 0.6574307304785894 0.44735909949622166 0.014267159949622132 0.02017081234256929
0 0.6429175850125944 0.4537547229219143 0.01279124685138533 0.018202928211586922
0 0.6308642947103273 0.46679195528967254 0.021154754408060472 0.010823362720403018
0 0.6033139168765743 0.46851385390428213 0.011315333753148638 0.022138696473551656
1 0.4899145938287154 0.5651861618387909 0.03542191435768266 0.01869489924433254
0 0.3628296604046243 0.7647444002890174 0.013547687861271696 0.021450505780346907
