0 0.4125478316326531 0.22999043367346939 0.011957908163265307 0.019929846938775503
0 0.01953125 0.22002551020408162 0.016741071428571428 0.01594387755102039
0 0.03667091836734694 0.20607461734693877 0.01913265306122449 0.010363520408163268
0 0.05062181122448979 0.04344706632653061 0.01833545918367347 0.010363520408163268
0 0.28898278061224486 0.024713010204081634 0.015146683673469385 0.017538265306122448
0 0.6389508928571428 0.11639030612244897 0.01833545918367352 0.011160714285714288
0 0.6042729591836734 0.11080994897959183 0.014349489795918435 0.017538265306122458
0 0.5947066326530612 0.12037627551020408 0.012755102040816313 0.017538265306122458
0 0.5831473214285714 0.11519451530612244 0.011957908163265252 0.02152423469387757
0 0.957828443877551 0.008370535714285714 0.013552295918367374 0.015146683673469389
