0 0.7606336805555556 0.09729456018518517 0.01663773148148151 0.015190972222222224
0 0.7906539351851851 0.13093171296296297 0.01591435185185186 0.01736111111111112
0 0.8188657407407407 0.14033564814814814 0.01302083333333326 0.01591435185185186
0 0.9147135416666666 0.04448784722222222 0.01229745370370372 0.01953125
0 0.7635271990740741 0.34107349537037035 0.01229745370370372 0.01229745370370372
0 0.747974537037037 0.3833912037037037 0.01591435185185186 0.014467592592592615
0 0.9103732638888888 0.3515625 0.01374421296296302 0.017361111111111105
0 0.8623589409722222 0.7774522569444444 0.01356336805555558 0.01736111111111116
0 0.87158203125 0.7701280381944444 0.01030815972222221 0.01573350694444442
0 0.892314430778032 0.7589030320366132 0.012961241418764202 0.020559210526315708
0 0.9032644450800915 0.7528693506864987 0.009832665903890092 0.01474899885583525
0 0.9133205806636155 0.7461652602974829 0.013855120137299837 0.015642877574370773
0 0.9240471252860412 0.7412489273455377 0.01474899885583525 0.01564287757437066
0 0.961330661525974 0.2720297280844156 0.011414366883116922 0.01395089285714285
0 0.8763570413961039 0.41217278814935066 0.015219155844155896 0.017755681818181823
