0 0.2317135989010989 0.3765882554945055 0.017170329670329665 0.027901785714285754
0 0.21937242445054947 0.3846368475274725 0.02253605769230771 0.03112122252747257
0 0.959838493883792 0.6280461582568807 0.009556574923547334 0.024488723241590238
0 0.9699923547400611 0.6313312308868502 0.009556574923547445 0.02508600917431192
0 0.9804448585626911 0.6313312308868502 0.008959288990825653 0.023891437308868557
0 0.9914946483180428 0.6319285168195719 0.007167431192660612 0.023891437308868557
0 0.9458022744648318 0.7158471903669725 0.008959288990825653 0.022099579510703404
0 0.9571507071865444 0.7143539755351682 0.010153860856269126 0.022696865443425085
0 0.9732774273700306 0.7164444762996942 0.011348432721712487 0.01971043577981657
0 0.9825353593272171 0.7176390481651376 0.007167431192660612 0.023294151376146766
0 0.9487887041284404 0.743919629204893 0.010153860856269126 0.02687786697247696
0 0.9613317087155964 0.7442182721712538 0.011348432721712487 0.02508600917431192
0 0.9729787844036697 0.7427250573394495 0.009556574923547445 0.024488723241590127
0 0.9801462155963303 0.7421277714067278 0.009556574923547445 0.022099579510703293
0 0.9816394304281346 0.8899560397553516 0.013737576452599431 0.009556574923547445
0 0.9111596903669725 0.974471999235474 0.020905007645260043 0.011348432721712598
0 0.9129515481651376 0.964019495412844 0.024488723241590238 0.01314029051987764
0 0.9147434059633027 0.9532683486238532 0.020905007645259932 0.011945718654434279
0 0.9123542622324159 0.932960626911315 0.0185158639143731 0.011945718654434279
0 0.9159379778287462 0.9248972668195719 0.014932148318042793 0.008959288990825653
0 0.29477719907407407 0.9172453703703702 0.013744212962962965 0.01880787037037035
0 0.37724247685185186 0.8242910879629629 0.012297453703703665 0.0209780092592593
