3 0.04325996143958869 0.9640830856362468 0.061917577120822624 0.06792757872750643
3 0.1206268075192802 0.9261025867609254 0.06401630784061696 0.06577361825192807
3 0.2307097525706941 0.8698686535989717 0.06175690874035991 0.06276108611825193
3 0.3057720115681234 0.8263124598329048 0.06276108611825193 0.0705434607969152
3 0.3812108370822622 0.7912917737789202 0.060501687017994854 0.06928823907455006
3 0.018953848007712083 0.7161039926092545 0.036903518637532134 0.06903719473007708
3 0.11974815231362468 0.664388857647815 0.06426735218508996 0.07857687982005135
3 0.19556354434447298 0.6229665408097687 0.06175690874035991 0.07857687982005135
3 0.2725086359254499 0.5840546674164524 0.06502048521850903 0.08259358933161953
3 0.59267578125 0.49140625 0.10332031249999996 0.11054687499999993
3 0.71513671875 0.42861328125 0.10292968749999998 0.1103515625
3 0.67265625 0.9022460937500001 0.03515625 0.04238281249999998
3 0.79130859375 0.82841796875 0.05097656249999993 0.05839843750000007
3 0.9154296875 0.76572265625 0.051953125000000044 0.060351562499999956
