0 0.6568287037037037 0.5392795138888888 0.01157407407407407 0.0180844907407407
0 0.6351273148148148 0.5396412037037037 0.01880787037037046 0.01157407407407407
0 0.556640625 0.5960648148148148 0.01085069444444442 0.02025462962962954
0 0.6018518518518519 0.5870225694444444 0.01157407407407407 0.0166377314814814
0 0.9172453703703703 0.673828125 0.00868055555555558 0.01808449074074081
0 0.6995081018518519 0.7421875 0.01157407407407407 0.01880787037037035
0 0.791015625 0.8119936342592592 0.01953125 0.01085069444444442
0 0.9118200231481481 0.8199508101851851 0.01808449074074081 0.0180844907407407
0 0.8521412037037037 0.9476273148148147 0.02025462962962965 0.01157407407407407
0 0.6633391203703702 0.8666087962962963 0.01012731481481477 0.01446759259259267
0 0.4408998842592592 0.8948206018518519 0.016637731481481455 0.01302083333333337
0 0.3620515046296296 0.8666087962962963 0.01663773148148151 0.02170138888888895
0 0.11067708333333331 0.861183449074074 0.015914351851851846 0.01374421296296291
0 0.11610243055555555 0.8716724537037037 0.013744212962962965 0.01012731481481477
0 0.2076099537037037 0.6958912037037037 0.017361111111111105 0.02025462962962965
0 0.21701388888888887 0.8868634259259258 0.017361111111111105 0.01157407407407407
0 0.0415943287037037 0.673828125 0.013744212962962965 0.01953125
0 0.057870370370370364 0.68359375 0.015914351851851853 0.01157407407407407
0 0.44921875 0.8116319444444444 0.013020833333333315 0.01591435185185186
