0 0.02126409774436093 0.03619400062656644 0.008321585213032584 0.01860119047619047
0 0.17331484641638223 0.12548661476109213 0.01799808020477814 0.01233201791808873
0 0.3119800332778702 0.11764247088186355 0.01169925124792015 0.018848793677204642
0 0.16120952760084922 0.2516089437367304 0.008293524416135872 0.013269639065817407
0 0.15295983640939598 0.2607749580536913 0.0196623322147651 0.00983116610738255
0 0.016151913099870296 0.3369862597276264 0.015199416342412448 0.008359678988326846
0 0.2402604940564636 0.31324874628528976 0.018573551263001475 0.010737834323922724
1 0.17878971651445968 0.3171732305936073 0.009810216894977158 0.020214992389649966
0 0.2766927083333333 0.3542342275943396 0.00859866352201255 0.008905758647798745
0 0.32737613341968913 0.40200979598445596 0.013155764248704682 0.017709682642487068
0 0.049833131067961195 0.5166868932038835 0.013273665048543694 0.016307645631068013
0 0.3168130423898532 0.4243783377837116 0.013559746328437872 0.008605223631508674
0 0.18862744057724956 0.4630265810696095 0.007295203735144307 0.012932406621392223
1 0.04048143696581197 0.6072215544871795 0.02003205128205128 0.012520032051282048
0 0.33188562225877194 0.4847947505482456 0.021415844298245612 0.013706140350877194
0 0.30202699318910253 0.5496106270032051 0.020032051282051266 0.008764022435897467
0 0.2802734375 0.553967927631579 0.02239485432330829 0.010279605263157854
0 0.27616197839046197 0.5705861121460506 0.008732302533532021 0.01193414679582716
0 0.22214933206106868 0.6249503021628499 0.015903307888040702 0.015406329516539419
0 0.23643746024173026 0.62308663326972 0.010685034987277353 0.01764273218829515
0 0.35731839817880795 0.7371106684602649 0.01552152317880795 0.014551427980132536
0 0.3424130027602524 0.7424339511041009 0.015711257886435348 0.01109029968454256
0 0.08884302219796215 0.8096797671033479 0.012224799854439583 0.021606622998544323
0 0.10732237081513829 0.8277326692139737 0.01108760917030567 0.01961653930131002
0 0.11641989628820962 0.8598583060407569 0.011656204512372634 0.01847934861717615
0 0.14201644199346405 0.974328533496732 0.014680351307189532 0.013403799019607865
0 0.16371783088235292 0.9751263786764706 0.015956903594771227 0.02138225081699341
0 0.22355621936274508 0.9709775837418301 0.012446384803921573 0.02138225081699341
0 0.22641434892541087 0.8707480641592921 0.012345922882427307 0.017531210493046734
0 0.2441924778761062 0.8819828539823009 0.012839759797724365 0.009876738305941823
0 0.13667168674698799 0.7867328689759037 0.01270707831325299 0.012942394578313254
0 0.16020331325301207 0.7884977409638554 0.013177710843373491 0.02117846385542166
0 0.17632247740963858 0.8040286144578314 0.01058923192771083 0.017413403614457756
0 0.20773719879518074 0.7806146460843374 0.008471385542168697 0.01953125
1 0.3536405051150895 0.8559083280051152 0.013986572890025528 0.024476502557544744
0 0.40943255687974 0.826402525731311 0.010580308775731295 0.014600826110509169
0 0.32778462136929465 0.8143099498616875 0.024582901106500687 0.009995245504840988
0 0.509434154699739 0.9807594239556136 0.017848400783289864 0.016063560704960844
0 0.39972441763727123 0.4175982737104825 0.012349209650582393 0.0194987520798669
1 0.4903936148086523 0.6346843801996672 0.018848793677204656 0.024048460898502544
1 0.46065801788685523 0.6572704346921797 0.01787385607321129 0.029573107321131387
0 0.6668825200534759 0.87890625 0.015666778074866272 0.020540886809269243
0 0.8685904122162884 0.7887965203604806 0.011473631508678195 0.01773197596795728
0 0.9926425337950601 0.7254698973631508 0.010808682409879866 0.017810205273698254
0 0.5986179911467117 0.7909662204890389 0.012186446037099508 0.015480080101180405
0 0.6746824770378874 0.7558571326061998 0.01210892652123996 0.013005884041331739
0 0.7494170776157805 0.6782268439108061 0.011390437392795882 0.020435784734133766
0 0.6483503526902887 0.6976911089238845 0.017685777559055094 0.009739993438320216
0 0.5632590343601896 0.6744529398696684 0.012959123222748836 0.011339232819905232
0 0.69296875 0.6361328125000001 0.010937500000000044 0.019921874999999978
0 0.7132564045936396 0.6107691033568905 0.019554255005889254 0.012882803297997625
0 0.84638671875 0.67529296875 0.008007812499999933 0.009960937500000044
0 0.8014550907911803 0.5781503323605706 0.011652885862516227 0.015452739948119354
0 0.679761449053452 0.5700341035634744 0.015877296770601235 0.010439866369710504
0 0.5392971096096096 0.5884184966216217 0.019941816816816837 0.01319679054054046
0 0.5185693826949385 0.5951179890560875 0.01977171682626533 0.009351487688098459
0 0.6928581762566137 0.37172929067460314 0.01446759259259267 0.009817294973544943
0 0.7248935598544974 0.36320374503968256 0.018601190476190466 0.011367394179894186
0 0.7302386483169705 0.35152962833099577 0.016983695652173836 0.00903970897615708
0 0.4701487897877984 0.3736581979442971 0.022277022546419112 0.010102370689655193
0 0.5599044678381964 0.34866130636604775 0.012174651856763918 0.009843335543766596
0 0.6634311457247133 0.28054532716371217 0.008350169447341016 0.013238073514077187
0 0.6550809762773723 0.27555559176225236 0.009164820125130424 0.014663712200208567
0 0.510550800879397 0.221998665201005 0.020120131909547645 0.010796168341708545
0 0.4251953125 0.27216796875000004 0.010937499999999989 0.013476562500000011
0 0.6345542478354979 0.215886544011544 0.010427940115440126 0.012400793650793634
0 0.4325394081858407 0.14533208886430676 0.009506360619469023 0.013539362094395296
0 0.66015625 0.15011160714285715 0.01116071428571419 0.016741071428571425
0 0.6910954646776406 0.17227151920438957 0.009377143347050754 0.018218449931412917
0 0.7225743365006554 0.10975896952817824 0.0209903342070773 0.014334862385321098
0 0.7063844524119948 0.1799064944589309 0.011713657105606234 0.016551906779661008
0 0.7030740710560626 0.16437316655801826 0.014769393741851378 0.01807977509778358
0 0.6969355955678671 0.14264845914127425 0.014337344182825507 0.024075917590027696
0 0.7389905290387182 0.13193111648865152 0.009387516688918462 0.0135597463284379
0 0.747802734375 0.144775390625 0.01513671875 0.0126953125
0 0.85693359375 0.0467529296875 0.01318359375 0.022705078125
0 0.8472900390625 0.019775390625 0.011474609375 0.02001953125
0 0.7611853868660597 0.00876239434330299 0.015746911573472078 0.01092124512353706
0 0.7448035191807543 0.01028628901170351 0.011937174902470704 0.01498496423927178
0 0.8777153201219513 0.7849418826219513 0.010956554878048808 0.0164348323170731
0 0.6050399201596807 0.01754303892215569 0.02261102794411185 0.012475049900199603
0 0.4394284018987342 0.059928797468354444 0.01689411919831224 0.011125395569620243
0 0.21292994966442952 0.862278471057047 0.011797399328859065 0.017368393456375864
0 0.2129704697327044 0.5705827437106918 0.007063187893081746 0.012283805031446549
0 0.1260588695899772 0.18701060649202733 0.012012386104783612 0.02002064350797267
0 0.06420103287092882 0.5358724743667068 0.010602005428226778 0.009659604945717826
0 0.21094887190684133 0.41535889737991266 0.013077692867540014 0.010803311499272161
0 0.26826832706766923 0.7663886278195489 0.011454417293233099 0.016741071428571508
