0 0.006189480633802817 0.12636856294014084 0.01031580105633803 0.0147859815140845
0 0.06939492449664429 0.11723993288590603 0.017040687919463088 0.016385276845637578
0 0.05333735318791946 0.10216547818791946 0.009175755033557047 0.012452810402684561
0 0.13461178296232879 0.06856003852739725 0.01906303510273974 0.01739083904109589
0 0.26568321535022354 0.035732581967213115 0.015135991058122189 0.009314456035767516
0 0.3273914865871833 0.02438058867362146 0.010478763040238426 0.017464605067064085
0 0.40752779770444764 0.035957675753228106 0.010928532998565332 0.015972471305595412
0 0.44915261709932286 0.011903922121896164 0.014769681151241498 0.015871896162528217
0 0.4780306503950339 0.013447023137697517 0.014328795146726858 0.01499012415349887
0 0.42309423769507803 0.010663640456182477 0.010551095438175284 0.0194609093637455
0 0.20123291015625003 0.21145629882812503 0.01617431640625 0.0115966796875
0 0.27752685546875 0.22671508789062503 0.01800537109375 0.01220703125
0 0.22568139097744364 0.1722274436090226 0.010867011278195504 0.012629229323308289
0 0.4574610792019347 0.18751889359129387 0.016531892382104008 0.017004232164449823
0 0.4285279155266758 0.20168754274965803 0.014428009575923384 0.016565492476060206
0 0.5679813508064516 0.056388608870967735 0.018271169354838745 0.01008064516129032
0 0.6709220912629758 0.05355887759515571 0.014530168685121136 0.020612564878892736
0 0.907174129614094 0.33237861786912754 0.010814282718120904 0.012125104865771785
0 0.9306066176470588 0.27421469506920415 0.014868079584775096 0.010475237889273348
0 0.9900151466836735 0.9409378985969388 0.00996492346938771 0.012456154336734748
0 0.877264968487395 0.9529690782563025 0.009847689075630273 0.0209263392857143
0 0.8922416622899161 0.9591238839285714 0.011078650210084029 0.012719931722689037
0 0.9041409532563025 0.9591238839285714 0.00943736869747902 0.020105698529411797
0 0.49027790676077265 0.8594272381129271 0.011318257800891574 0.018863763001485956
0 0.47155924962852896 0.8291001114413076 0.00986719910846956 0.015091010401188765
0 0.44573040490341753 0.8251822529717682 0.01857355126300153 0.01538122213967319
0 0.4518248514115899 0.8350494520802377 0.011608469539375887 0.011898681277860312
0 0.49935408464566927 0.7318836122047243 0.018762303149606363 0.021838090551181133
0 0.4589074803149606 0.7191190944881889 0.012918307086614123 0.019685039370078705
0 0.6827240378498727 0.7483251828880406 0.01565481870229013 0.01565481870229013
0 0.6898059796437659 0.7411189965012722 0.01689726463104324 0.01565481870229002
0 0.6624080260487145 0.7534569519621109 0.012421769282814576 0.017971921515561595
0 0.6524970399188093 0.7558355886332881 0.011100304465493926 0.017443335588633313
0 0.5949010579937304 0.6486273021159874 0.016225019592476464 0.01591888714733536
0 0.6131159384796239 0.6699035070532915 0.020204741379310387 0.016225019592476464
0 0.6565268208661417 0.7057394192913385 0.013225885826771644 0.016301673228346525
0 0.605510640080429 0.5983107825067024 0.013090650134048198 0.015970593163538882
0 0.7495702574047955 0.6621066202397743 0.01101904090267991 0.017905941466854647
0 0.7940596350493654 0.6289117595204513 0.015151181241184752 0.019283321579689705
0 0.8019897818914956 0.6091115285923754 0.012314424486803532 0.014891862170087977
0 0.291755850456621 0.5986967275494672 0.0127830098934551 0.023782343987823418
0 0.3194028253424658 0.6116283770928463 0.015161244292237475 0.019323154490106575
0 0.3878020406420765 0.6877081198770492 0.008805071721311508 0.013607838114754078
0 0.4783116371548619 0.6022283913565427 0.015474939975990365 0.010551095438175229
0 0.4881593262304922 0.5847604666866747 0.015006002400960394 0.011723439375750377
0 0.4581473214285714 0.5661201980792318 0.012661314525810319 0.020867722088835583
0 0.4477134603841536 0.5696372298919568 0.011020033013205255 0.01524047118847538
0 0.31403186274509803 0.5376412717864923 0.019999319172113283 0.019999319172113283
0 0.5285746583601285 0.4304473975080386 0.019154441318327886 0.013816318327974308
0 0.39393071227080395 0.36762275211565587 0.013222849083215804 0.016804037376586756
0 0.528011485042735 0.4692508012820512 0.016359508547008517 0.017027243589743557
0 0.7834100334691503 0.39790090221187424 0.014779176367869629 0.010913853317811417
0 0.7935280849825379 0.4069957799767171 0.018644499417927896 0.013187572759022104
0 0.830909522804054 0.35153610641891897 0.016715934684684686 0.02001513231981983
0 0.6807443633952255 0.3340258206233422 0.016060179045092826 0.017355354774535814
0 0.7905451307285547 0.2897556183901293 0.017672223854289126 0.019508299059929513
0 0.7222877358490566 0.24506191037735847 0.018671383647798745 0.009090015723270423
0 0.6854212721061093 0.2610404943729904 0.008164188102893877 0.01538635450160769
0 0.5965572246784565 0.25460334606109325 0.02198050643086813 0.010676245980707377
0 0.5150024241889986 0.33015801304654446 0.010743564880112744 0.013498325105782805
0 0.7112387405183314 0.41629464285714285 0.010617493678887535 0.018765802781289476
0 0.8456911426380369 0.8131390593047035 0.014778246421267904 0.011982361963190247
0 0.026041666666666664 0.21614583333333331 0.019965277777777776 0.018229166666666657
0 0.05772569444444445 0.2608506944444444 0.011284722222222217 0.012152777777777735
0 0.07269965277777778 0.2816840277777778 0.016927083333333343 0.01909722222222221
0 0.10611979166666667 0.3387586805555556 0.012586805555555552 0.015190972222222265
0 0.05164930555555555 0.2747395833333333 0.013020833333333336 0.01215277777777779
0 0.26747985455974843 0.5346526139937107 0.009827044025157217 0.019039897798742045
0 0.3403059398854962 0.680860368956743 0.013169926844783686 0.01590330788804073
0 0.015097541585127201 0.8773773850293541 0.017199730919765167 0.015670865949119372
0 0.030768407534246575 0.8882705479452054 0.018728595890410957 0.01605308219178081
0 0.044145976027397255 0.8959148727984344 0.011848703522504896 0.013759784735812186
0 0.06488459106239461 0.9319337584317032 0.015150716694772338 0.011527719224283306
0 0.030381944444444444 0.7838541666666666 0.013020833333333336 0.01649305555555558
0 0.09795128398791542 0.8625318636706949 0.017111971299093656 0.007965917673716016
0 0.05045081193353474 0.7716613953927492 0.016521903323262838 0.01386659743202423
0 0.03653185364041608 0.7463897659732541 0.013349739970282323 0.008706352154531971
