0 0.05881076388888888 0.008029513888888888 0.01866319444444444 0.014322916666666666
0 0.1325954861111111 0.04709201388888889 0.012586805555555552 0.016059027777777776
0 0.19791666666666669 0.10004340277777778 0.018229166666666657 0.014322916666666657
0 0.30924479166666663 0.09223090277777778 0.018663194444444475 0.013454861111111105
0 0.28289508179530204 0.0903680788590604 0.00819263842281881 0.01376363255033558
0 0.21765216503267973 0.14313342524509803 0.015318627450980393 0.014361213235294101
0 0.28209295050055616 0.11936874304783093 0.00803844549499444 0.012818061735261399
0 0.28515625 0.1603515625 0.018359374999999956 0.011328124999999994
0 0.2625633445945946 0.23078547297297297 0.019636824324324287 0.013091216216216228
0 0.25133536341853036 0.21753527689030885 0.011024028221512244 0.015808040468583584
0 0.30088711668759 0.24531672120579945 0.010485705977919757 0.015283841954977895
0 0.40146484375 0.23095703125 0.018945312500000033 0.013867187499999989
0 0.37265625 0.24365234375 0.01835937500000001 0.0146484375
0 0.3440886921965318 0.2625767702312139 0.01128973988439308 0.012192919075144526
0 0.32599024110218144 0.0734966991963261 0.014799799081515463 0.015696756601607353
0 0.31512360074626866 0.31949626865671643 0.013409514925373123 0.012826492537313439
0 0.3292370393786127 0.34758286669075145 0.014394418352601135 0.015523392341040498
0 0.3432080924855491 0.33699873554913296 0.016370122832369938 0.013547687861271696
0 0.5070324500768049 0.3781742031490015 0.019801267281105983 0.018901209677419317
0 0.5611859158986175 0.44957877304147464 0.015901017665130635 0.018901209677419317
0 0.4954817108294931 0.517983150921659 0.009900633640552992 0.019501248079877076
0 0.5139328917050692 0.5607358870967742 0.019801267281105983 0.01620103686635943
0 0.6074568302572707 0.5295721476510067 0.010268106823266177 0.01616680648769575
0 0.7649739583333333 0.40205550254452926 0.018636688931297773 0.018885178117048318
0 0.8052292064249365 0.3497485289440203 0.019133667302798973 0.016151797073791385
0 0.8226234494274809 0.3624214774173028 0.019630645674300284 0.01615179707379133
0 0.8370358222010178 0.36366392334605596 0.01714575381679384 0.012175970101781175
0 0.7201560385656292 0.16910520974289583 0.008985960757780798 0.016914749661705003
0 0.7443388447225981 0.16870877029769962 0.013478941136671141 0.023522073748308503
0 0.7564963210419486 0.1718802858592693 0.010307425575101559 0.014007527063599451
1 0.6810773413009403 0.014320875783699052 0.023266065830720994 0.02265380094043887
0 0.8095703125 0.12041015625 0.014843750000000044 0.015039062500000006
0 0.8197265625 0.11396484374999999 0.016796875000000044 0.017382812499999997
0 0.9267578125 0.05615234375 0.017578125 0.016992187500000006
0 0.90888671875 0.1185546875 0.020117187500000022 0.01640625000000001
0 0.992993401092233 0.2637666868932039 0.010106947815533895 0.0193416262135922
0 0.8415711671802774 0.24690629815100154 0.012940581664098616 0.014746244221879812
0 0.9231269260400616 0.30032381548536213 0.014144356702619376 0.021667950693374405
0 0.9023618066255779 0.32695733821263484 0.01835756933744226 0.014746244221879812
0 0.8193094817432273 0.2574122128975265 0.01909415488810362 0.017483804475853987
0 0.9830777571251549 0.3379656521065675 0.01694160470879802 0.01960385687732341
0 0.9481054445477075 0.36567727695167285 0.016699581784386575 0.01790969640644363
0 0.987935564159292 0.5857300884955752 0.01797566371681425 0.015555862831858391
0 0.9071410809018567 0.5456575348143236 0.013987897877984157 0.014765003315649783
0 0.7716091390824622 0.6846145470383276 0.01882803426248547 0.020869628339140522
0 0.6651059814169571 0.7052573315911731 0.01678644018583042 0.01633275261324041
0 0.6785524981563422 0.7615170999262537 0.01757236356932157 0.01699622050147498
0 0.6937720070422535 0.6908835827464788 0.013754401408450745 0.013479313380281632
0 0.6926406463748289 0.8008507181942544 0.014695194938440514 0.013626453488372103
0 0.5826938696990424 0.77453295998632 0.013359268125854973 0.013893638850889123
0 0.58843835499316 0.7683876966484267 0.01950453146374831 0.01870297537619703
0 0.5912148483510011 0.8055064782096584 0.015183303886925792 0.01495325382803303
0 0.5983080158509455 0.7993777808676307 0.010862764182424933 0.011080019466073399
0 0.6375 0.81826171875 0.013281250000000022 0.011523437499999956
0 0.6383463541666666 0.8330775669642857 0.021623883928571397 0.012555803571428603
0 0.628271955385852 0.857340233118971 0.010676245980707377 0.015386354501607746
0 0.6649178832116788 0.9567461222627736 0.016537408759124128 0.016252281021897796
0 0.680599908759124 0.9451984489051094 0.013115875912408814 0.012545620437956151
0 0.6509658760186263 0.9681497380675204 0.015461292200232846 0.015006548311990664
0 0.6881581959706959 0.6718821543040294 0.015024038461538436 0.01895890567765568
0 0.40939262218045114 0.8665413533834586 0.019971804511278224 0.015566259398496207
0 0.46064379699248126 0.7884163533834585 0.017328477443609047 0.013804041353383423
0 0.25509105009191174 0.9747673483455881 0.015438304227941207 0.020823759191176516
0 0.3166647518382353 0.8887795840992647 0.01507927389705882 0.008975758272058765
0 0.8785991548742138 0.9510736045597483 0.01842570754716988 0.010441234276729605
0 0.8376761199421965 0.8425307080924855 0.013999277456647308 0.012418713872832332
0 0.60671875 0.56015625 0.013437499999999991 0.014687499999999964
0 0.5800000000000001 0.55640625 0.009375000000000022 0.012187500000000018
0 0.3329262990998363 0.8766686272504092 0.014384717675941128 0.012466755319148981
0 0.3971780380523732 0.8319161722585924 0.01310607610474629 0.011188113747954254
0 0.1510750534188034 0.868194667022792 0.016693376068376092 0.02086672008547008
0 0.17722800925925924 0.9469317574786325 0.01613693019943019 0.01975382834757833
0 0.09946469907407407 0.9778145032051282 0.013632923789173787 0.020310274216524316
0 0.005524646422628952 0.8607074147254576 0.010399334442595675 0.017223897670549104
0 0.027380257009345793 0.9508554809190031 0.013994353582554516 0.0094309774143303
0 0.06910198152562577 0.9775728173420738 0.0083805125148987 0.014200312872467258
0 0.17066271551724138 0.9684806034482758 0.012661637931034475 0.012392241379310387
0 0.07918176328502416 0.8286659621578101 0.010693438003220604 0.011951489533011284
0 0.21536584138486312 0.7332113023349437 0.019499798711755223 0.018556260064412244
0 0.19414406158357772 0.7624690707478006 0.00973698680351906 0.012887188416422335
0 0.18583898460410558 0.7640441715542522 0.010882514662756582 0.012028042521994076
0 0.2735770089285714 0.8603515625 0.01534598214285715 0.015904017857142794
0 0.28334263392857145 0.8761160714285714 0.013671875 0.015625
0 0.29931640625 0.85419921875 0.015820312500000044 0.016210937500000022
0 0.26240234375 0.85673828125 0.009179687499999978 0.009960937499999933
0 0.34326171875 0.8078125 0.011914062500000044 0.012500000000000067
0 0.344921875 0.7974609374999999 0.010156249999999978 0.011328125000000022
0 0.36630859375 0.815625 0.0166015625 0.019140625000000022
0 0.35888671875 0.8251953125 0.015039062499999978 0.014843750000000044
0 0.35439453125 0.79921875 0.011523437500000011 0.014843750000000044
0 0.3950892857142857 0.7893415178571428 0.01339285714285715 0.0161830357142857
0 0.49111328125 0.7144531249999999 0.011523437500000011 0.014062499999999978
0 0.47100163755458513 0.7134364765283843 0.010661162663755441 0.013646288209607005
0 0.4445285926870749 0.6639229910714286 0.010961415816326536 0.023915816326530615
0 0.38297281121751026 0.6210349692202461 0.013626453488372103 0.016298307113543076
0 0.3930817610062893 0.6129618710691824 0.013512185534591215 0.01474056603773588
0 0.07023141788766789 0.6147931929181929 0.016454899267399264 0.01812423687423681
0 0.031836652930402935 0.5734174679487181 0.019316620879120883 0.014547084859584891
0 0.04912622100122101 0.5623282967032968 0.013354700854700856 0.010969932844932861
0 0.13268849206349204 0.5684730489417988 0.015707671957671948 0.017567791005291045
0 0.14188574735449733 0.5618592923280423 0.016741071428571425 0.012194113756613834
0 0.27714724657012196 0.5125047637195121 0.019054878048780477 0.011611566310975596
0 0.18499209630350194 0.5891699092088196 0.008866326199740593 0.015199416342412397
0 0.13526119402985076 0.47997318097014924 0.01340951492537315 0.013118003731343308
0 0.33505757649739587 0.5550384521484375 0.010935465494791685 0.01347859700520837
0 0.32513936360677087 0.551605224609375 0.008392333984375 0.01322428385416663
0 0.21068744593425603 0.3821772275086505 0.017909277681660896 0.014868079584775096
0 0.11184850778546712 0.32439446366782004 0.016219723183391002 0.020274653979238777
0 0.12803819444444445 0.2456597222222222 0.019097222222222224 0.01909722222222221
0 0.018880208333333336 0.17903645833333331 0.014322916666666668 0.015190972222222238
0 0.1919002183860233 0.2967060108153078 0.01592398086522462 0.013649126455906824
0 0.1556755514705882 0.4118795955882353 0.022594975490196095 0.016467524509803877
0 0.10917094216417911 0.6506529850746268 0.01195195895522387 0.013409514925373123
0 0.8459979363207547 0.9912969241352201 0.018941627358490587 0.013499901729559838
0 0.33673898157370513 0.40054625249003983 0.012061130478087656 0.014395542828685215
0 0.18061337586505188 0.2260623918685121 0.015205990484429083 0.017571366782006936
0 0.18787846020761245 0.20223967344290655 0.015543901384083042 0.017909277681660896
0 0.20492356115107918 0.16803900629496404 0.012997414568345328 0.015807666366906475
0 0.05917589092872569 0.4502227321814255 0.012233396328293733 0.013920761339092924
0 0.2882322129101284 0.44091587910128394 0.015324090584878713 0.016995809557774633
0 0.07708087657232704 0.6587190448113207 0.01965408805031446 0.014126375786163603
0 0.9126160434100418 0.3160548509414226 0.012666710251046043 0.013483917364016718
