0 0.008973817567567568 0.027977195945945946 0.017947635135135136 0.013724662162162164
0 0.029887354651162802 0.10710392441860467 0.018168604651162785 0.011355377906976744
0 0.09442375242248063 0.14836179748062017 0.023846293604651153 0.013626453488372076
0 0.24798387096774194 0.05286825856854838 0.01968876008064513 0.01614478326612903
0 0.18408469945355194 0.445924408014572 0.012451616575591962 0.015297700364298727
0 0.20329576502732244 0.4877262636612022 0.013874658469945372 0.019211065573770503
0 0.2616279069767442 0.40743095930232553 0.016351744186046513 0.0178657945736434
0 0.30944573045267487 0.3464184670781893 0.015539266117969797 0.01446759259259256
0 0.36035022290809327 0.35325038580246915 0.013931755829903969 0.015271347736625529
0 0.36182377400548693 0.33784507887517146 0.017950531550068594 0.01821844993141286
0 0.23277810534591192 0.3976881878930817 0.009212853773584911 0.017197327044025157
0 0.2727229420731707 0.2691501524390244 0.015879065040650397 0.023024644308943076
0 0.3547424623115578 0.3021111416457286 0.01766645728643218 0.01496741520100503
0 0.3377070414490862 0.2938509709530026 0.016063560704960844 0.010454063315926854
0 0.30200790777439024 0.28057116996951226 0.019948075457317083 0.015184355945121963
0 0.3396126443001443 0.26196676587301587 0.01691017316017318 0.013246302308802305
0 0.3505078636959371 0.2908645969855832 0.015614760812581896 0.014590842070773269
0 0.29873260961214165 0.2015704047217538 0.02239671163575041 0.012515809443507608
0 0.29000447934232715 0.181314555227656 0.016797533726812808 0.014821353288364258
0 0.27254821880269814 0.1763741041315346 0.010868992411467104 0.014162626475548085
0 0.337921626984127 0.11639835858585859 0.012400793650793662 0.016910173160173153
0 0.37583705357142855 0.0718238467261905 0.0146484375 0.019996279761904767
0 0.49396595528455284 0.023786839430894338 0.01619664634146345 0.009527439024390242
0 0.5079395325203252 0.0815866361788618 0.017466971544715493 0.01524390243902439
0 0.49301321138211385 0.0769817073170732 0.018102134146341486 0.011115345528455278
0 0.43973214285714285 0.04045758928571429 0.012834821428571397 0.015625
0 0.5179664317507418 0.14501808234421365 0.018256212908011826 0.01709708827893175
0 0.550487873783032 0.15293593532684283 0.016027034075104307 0.01358223226703753
0 0.47255816100443127 0.11583156388478581 0.01384785819793205 0.010674390694239283
0 0.5543755941064639 0.25342353849809884 0.018565826996197687 0.01967977661596959
0 0.6141575570342206 0.28888426806083656 0.015595294676806093 0.02005109315589354
0 0.4541068989071039 0.2403837943989071 0.01067281420765026 0.01334101775956284
0 0.6281373727375565 0.09213270644796381 0.019000989819004555 0.023419824660633484
0 0.7025947398190046 0.14869379242081449 0.01414027149321262 0.015465921945701344
0 0.6968502545248869 0.16195029694570137 0.019442873303167407 0.019884756787330315
0 0.713199943438914 0.17675339366515838 0.019442873303167407 0.014140271493212675
0 0.8014102224576272 0.15224443855932207 0.017876059322033955 0.017213983050847453
0 0.7599079056291391 0.07728425082781457 0.014874793046357637 0.011641142384105962
0 0.8995909584367245 0.09604722394540946 0.018174240074441683 0.019143532878411904
0 0.91094970703125 0.05512237548828125 0.014495849609375 0.0148773193359375
0 0.9675979614257812 0.179290771484375 0.0164031982421875 0.01068115234375
0 0.9855270385742188 0.17528533935546875 0.0156402587890625 0.0087738037109375
0 0.9777069091796875 0.185394287109375 0.019073486328125 0.008392333984375
0 0.9584426879882812 0.19283294677734375 0.0164031982421875 0.0087738037109375
0 0.9420394897460938 0.20084381103515625 0.0202178955078125 0.0141143798828125
0 0.9061813354492188 0.19664764404296875 0.0156402587890625 0.0080108642578125
0 0.9549541170634921 0.22346230158730157 0.013330853174603252 0.013640873015873023
0 0.868994384359401 0.2926437707986689 0.014299084858569122 0.013324147254575702
0 0.8558872767857142 0.34891183035714285 0.010323660714285698 0.010323660714285698
0 0.8083857633111482 0.3847753743760399 0.014624064059900133 0.015599001663893552
0 0.7674383839434277 0.3376533901830283 0.012024230449251272 0.015599001663893497
0 0.6907779379675811 0.3292549875311721 0.018751948254363993 0.016560162094763076
0 0.737214649822695 0.44447676566193856 0.015468011229314516 0.017314937943262443
0 0.7975534886172007 0.40824594224283306 0.010868992411467215 0.024043528667790914
0 0.8888482655993433 0.2453432881773399 0.02084616174055831 0.011545566502463078
0 0.7735739628820961 0.7191309588791849 0.01648926491994185 0.015067776564774427
0 0.8098219159388647 0.7680301582969433 0.01847934861717615 0.016204967248908297
0 0.7512565957059679 0.7683144559679767 0.020185134643377012 0.016773562590975177
0 0.7079156839622641 0.8278056210691824 0.019408411949685567 0.015968946540880435
0 0.7924282625786163 0.8359129323899371 0.01989976415094341 0.016951650943396235
