0 0.7010844216417911 0.1561406833022388 0.012389225746268662 0.022227728544776115
0 0.6624591884328358 0.21116342117537312 0.018219449626865725 0.012753614738805985
0 0.673191573926868 0.3188965620031796 0.011799483306836223 0.01800973767885533
0 0.6342939972714869 0.45043912005457026 0.011457622783083266 0.01731966234652116
0 0.5921913485221675 0.5122142472290641 0.011545566502462967 0.015634621305418706
0 0.5681380849753694 0.5080049261083743 0.013469827586206962 0.015875153940886677
0 0.5633990575396826 0.5230964781746033 0.018291170634920695 0.012710813492063489
0 0.5697544642857144 0.4815538194444444 0.017981150793650813 0.009610615079365115
0 0.5247353001644737 0.46193333675986836 0.008030941611842035 0.0128495065789474
0 0.5620882872750643 0.6170669987146529 0.011045951156812284 0.020083547557840586
0 0.523427458226221 0.6379036793059125 0.019581458868894508 0.013556394601542343
0 0.49380896226415094 0.6547706789083558 0.01684636118598387 0.011845097708894858
0 0.491703167115903 0.6678002863881402 0.02000505390835583 0.008423180592991963
0 0.4531475794797688 0.7859691112716762 0.01128973988439308 0.011741329479768803
0 0.43745484104046245 0.8149837427745664 0.012418713872832332 0.012870303468208055
0 0.4465995303468208 0.8093388728323698 0.016257225433526035 0.020095736994219737
0 0.38786114386792453 0.7849351415094339 0.00921285377358494 0.015267014824797864
1 0.5054543963254593 0.786504470144357 0.026144192913385822 0.039216289370078705
0 0.548984625400641 0.8627679286858975 0.013146033653846145 0.020971053685897356
0 0.5711099549672489 0.8753795373908296 0.020256209061135455 0.01684463700873362
0 0.6380620564956332 0.8852944186681222 0.02068265556768567 0.011087609170305712
0 0.55084228515625 0.9386929598721592 0.02080743963068188 0.010265003551136354
0 0.6630637428977273 0.9257923473011364 0.016645951704545414 0.010542436079545414
0 0.6452152445280437 0.9685095331737346 0.01015304377564974 0.016565492476060206
0 0.6510933225034199 0.9522112260601914 0.012290526675786562 0.014962380300957645
0 0.582132711038961 0.9600750811688312 0.00817325036075034 0.013246302308802305
0 0.8064562592182891 0.9736817846607669 0.01699622050147498 0.012099004424778848
0 0.8570848313053097 0.9673802198561946 0.010802682522123908 0.013611379977876092
0 0.7428412656903766 0.9038310669456067 0.010351290097629029 0.016344142259414274
0 0.7327623779637378 0.90178804916318 0.011440899581590003 0.017161349372384893
0 0.6748768741283124 0.8369562848675035 0.011713301952580135 0.01443732566248257
0 0.6456194645732689 0.7335258152173914 0.020128824476650542 0.012266002415458832
0 0.8079511321626618 0.9471248267097967 0.01155268022181144 0.01769004158964882
0 0.9155124653739612 0.8067650623268698 0.019747662742382266 0.015419407894736836
0 0.9230869113573408 0.7983790685595569 0.02028869459833793 0.017042503462603942
0 0.65440033105939 0.6812048555377208 0.017242676565008108 0.0200642054574639
0 0.7677232896959459 0.7188951646959459 0.009897592905405483 0.019135346283783772
0 0.757495777027027 0.7228542018581081 0.007918074324324231 0.019795185810810745
0 0.7098991297468354 0.6836926424050633 0.009642009493670889 0.013597705696202556
0 0.6729035687869822 0.6227752866124261 0.011556952662721831 0.019357895710059192
0 0.6596130732248521 0.6573016826923077 0.009245562130177465 0.013868343195266197
0 0.7467371919584954 0.6350214818417639 0.007093060959792563 0.015199416342412508
0 0.7639631971465628 0.6299550097276264 0.010132944228275043 0.013679474708171213
0 0.7960781729294477 0.5838405866564417 0.016475747699386534 0.009585889570552064
0 0.9549942484662577 0.61020178297546 0.01797354294478526 0.01917177914110424
0 0.73234375 0.48109375 0.01781250000000001 0.009687500000000016
0 0.8211050045018007 0.5257915666266506 0.01781962785114055 0.010551095438175229
0 0.9231000687757909 0.4829081413342503 0.013970082530949113 0.016387981430536436
0 0.7775808345375723 0.4652784049855492 0.018063583815028816 0.012136470375722574
0 0.7524611632947977 0.4436867774566474 0.012983200867051958 0.009031791907514464
0 0.763468659682081 0.44820267341040465 0.010160765895953827 0.016370122832369938
0 0.7671378251445087 0.43479610729768786 0.008467304913294837 0.011571983381502893
0 0.7179978649068324 0.42660617236024845 0.012859083850931596 0.016741071428571397
0 0.7792604813664596 0.3906977872670807 0.014557453416149002 0.02159355590062112
0 0.7672991071428571 0.4203664638932496 0.007665325745682905 0.01533065149136581
0 0.8513110773155417 0.43401074372056514 0.015024038461538436 0.013797586342229162
0 0.8755335066718994 0.45639349489795916 0.013184360282574636 0.01809016875981162
0 0.8390465561224489 0.4602261577708006 0.01992984693877553 0.012264521193092626
0 0.7927479886185242 0.3536781299058085 0.02176952511773933 0.012571134222919944
0 0.8168171114599685 0.36640257064364207 0.021462912087912067 0.011651295133437989
0 0.9700999540441175 0.20267262178308823 0.014361213235294046 0.02118278952205882
0 0.9708180147058822 0.1638973460477941 0.009334788602941235 0.01472024356617646
0 0.9783619456366237 0.027086686337625197 0.015367936337625232 0.011735515021459229
0 0.9016766728243022 0.3059575123152709 0.011224856321839005 0.011545566502463023
0 0.970210999015748 0.4092642716535433 0.01730130413385833 0.010380782480314987
0 0.905894319089457 0.7068378095047924 0.00904802316293929 0.014664037539936059
0 0.503492503894081 0.8153232087227414 0.010952102803738373 0.016428154205607504
0 0.9914581859971711 0.31228452086280056 0.00828765912305518 0.015194041725601126
