0 0.6559244791666667 0.244140625 0.01410590277777779 0.020616319444444448
0 0.5734592013888888 0.2560763888888889 0.01736111111111105 0.01953125
0 0.5959743923611112 0.2907986111111111 0.01247829861111105 0.01410590277777779
0 0.606183406964657 0.29879970114345117 0.00893321205821207 0.01705431392931389
0 0.6126802884615384 0.30428144490644493 0.012181652806652732 0.017460369022869016
0 0.5915654235966736 0.3420445686070686 0.010557432432432345 0.014211928274428298
0 0.6015137733887734 0.35057172557172556 0.010151377338877388 0.017460369022869016
0 0.3483758223684211 0.15489896616541354 0.011748120300751896 0.013216635338345856
0 0.3175370065789474 0.21492451832706772 0.016153665413533802 0.011380991541353386
0 0.33295641447368424 0.3503950305451128 0.01835643796992481 0.015052279135338353
0 0.24470964566929132 0.4582846333661417 0.021914985236220458 0.014609990157480324
0 0.23413662647637795 0.4727023868110236 0.017685777559055094 0.013456569881889757
0 0.2285617618110236 0.4821219857283464 0.016532357283464555 0.012303149606299246
0 0.22394808070866143 0.4925027682086614 0.018070250984251968 0.013072096456692939
0 0.21587413877952755 0.5092273622047243 0.018839197834645688 0.01422551673228345
0 0.21049151082677164 0.5192236712598425 0.015763410433070862 0.012687623031496065
0 0.15220298423423423 0.5100559543918919 0.0149563626126126 0.015396255630630629
1 0.03473487609329445 0.5059334001457726 0.02847120991253644 0.03929026967930033
0 0.8197490985576923 0.09170923477564102 0.01815404647435903 0.013146033653846145
0 0.7111378205128205 0.02003205128205128 0.013772035256410353 0.02003205128205128
0 0.02426895080321289 0.8561119477911647 0.01411897590361445 0.02117846385542166
0 0.009365587349397634 0.886703062248996 0.01411897590361446 0.02588478915662651
