1 0.6594122023809523 0.44549851190476186 0.025111607142857095 0.04278273809523808
3 0.03911232461734694 0.7179727359693877 0.07722815688775511 0.12057557397959184
3 0.16418700199203184 0.9734499501992031 0.03735059760956175 0.038906872509960166
3 0.3063916210159362 0.9004995642430278 0.09687811254980078 0.09843438745019917
3 0.4585174925298804 0.8588692106573704 0.1124408615537848 0.14512263446215146
0 0.013469827586206896 0.3241824850795756 0.017614389920424404 0.009066230106100803
0 0.015412591180371353 0.3336372679045093 0.017873425066312995 0.012951757294429711
0 0.018521012931034482 0.3423149452917772 0.017355354774535807 0.013210792440318309
0 0.02175895225464191 0.35021551724137934 0.018132460212201593 0.010361405835543736
0 0.02357219827586207 0.36109499336870027 0.017614389920424404 0.010361405835543791
0 0.027846278183023876 0.36951363561007955 0.017873425066313 0.009584300397877998
0 0.03147277022546419 0.3785798657161804 0.020981846816976128 0.008548159814323608
0 0.03613540285145889 0.3872575431034483 0.02149991710875332 0.0093252652519894
0 0.036782990716180367 0.3978779840848806 0.01865053050397878 0.010361405835543791
0 0.04170465848806366 0.4064261438992043 0.021240881962864718 0.01087947612732093
0 0.08845186781609193 0.4344019396551724 0.012122844827586202 0.02020474137931033
0 0.0975440014367816 0.4339529454022988 0.012347341954022983 0.019755747126436796
0 0.10629938936781608 0.4301364942528735 0.012796336206896547 0.022000718390804586
0 0.11617726293103448 0.42676903735632177 0.012347341954022997 0.019306752873563204
0 0.12381016522988504 0.4226158405172413 0.011000359195402293 0.01953125
0 0.13357579022988503 0.4183503951149425 0.011673850574712624 0.020878232758620663
0 0.14311691810344826 0.41599317528735624 0.009653376436781602 0.01930675287356326
0 0.15142331178160917 0.41397270114942525 0.012347341954022983 0.019755747126436796
0 0.16062769396551724 0.4135237068965517 0.01189834770114942 0.018408764367816077
0 0.16971982758620688 0.4094827586206896 0.009877873563218398 0.016163793103448287
0 0.17847521551724135 0.40645204741379304 0.010775862068965525 0.01728627873563221
0 0.1876795977011494 0.40263559626436773 0.011673850574712624 0.019082255747126464
0 0.1976697198275862 0.3993803879310345 0.012796336206896547 0.020653735632183923
0 0.20698635057471262 0.3962374281609195 0.010775862068965525 0.019306752873563204
0 0.2145070043103448 0.3933189655172413 0.014592313218390801 0.02155172413793105
0 0.2255073635057471 0.39073724856321834 0.011898347701149448 0.020878232758620663
0 0.2339260057471264 0.3891657686781609 0.01122485632183906 0.01593929597701149
0 0.24256914511494249 0.3851248204022988 0.00965337643678163 0.018633261494252873
0 0.2511000359195402 0.38119612068965514 0.011449353448275856 0.016612787356321823
0 0.26120240660919536 0.3795123922413793 0.011898347701149392 0.017735272988505746
0 0.27018229166666663 0.37760416666666663 0.008306393678160884 0.017061781609195414
0 0.27759069683908044 0.37412446120689646 0.012347341954022983 0.020429238505747127
0 0.28645833333333326 0.3691855244252873 0.011673850574712652 0.021327227011494254
0 0.29543821839080453 0.36873653017241376 0.009877873563218398 0.018184267241379337
0 0.30352011494252873 0.362787356321839 0.012571839080459724 0.02020474137931033
0 0.31339798850574707 0.3605423850574712 0.010326867816091934 0.018857758620689613
0 0.32260237068965514 0.36166487068965514 0.009877873563218398 0.016163793103448287
0 0.33191900143678155 0.3570626795977011 0.011449353448275856 0.020878232758620663
0 0.3485317887931034 0.3511135057471264 0.011898347701149448 0.019306752873563204
0 0.35885865660919536 0.34931752873563215 0.012347341954022983 0.01885775862068967
0 0.3837778376436781 0.33607219827586204 0.014592313218390829 0.023347701149425304
0 0.4008396192528735 0.33203125 0.013694324712643702 0.020653735632183923
0 0.08442695504926107 0.3847319504310345 0.023091133004926115 0.013229294950738935
0 0.10571409328817732 0.377636237684729 0.01707781711822659 0.012988762315270963
0 0.07865417179802955 0.37619304187192115 0.02116687192118226 0.01106450123152708
0 0.09813731527093594 0.3706607912561576 0.02164793719211823 0.012026631773399021
0 0.07588804649014777 0.3669325354064039 0.020926339285714288 0.010823968596059108
0 0.09549145628078817 0.36043815424876846 0.02116687192118226 0.011786099137930994
0 0.09525092364532019 0.35033578355911327 0.021647937192118216 0.011305033866995107
0 0.073121921182266 0.35803282789408863 0.022129002463054187 0.012267164408866993
0 0.07179899168719212 0.3487723214285714 0.0218884698275862 0.01106450123152708
0 0.09200373306650245 0.341436076046798 0.01996420874384236 0.009861838054187166
0 0.09068080357142856 0.3328971674876847 0.021166871921182273 0.01106450123152708
0 0.08899707512315269 0.3217123999384236 0.022129002463054173 0.010342903325123165
0 0.06891260006157635 0.33698622229064035 0.02285060036945813 0.010102370689655138
0 0.06746940424876846 0.328928379002463 0.021407404556650238 0.011305033866995107
0 0.08130003078817732 0.31509775246305416 0.020204741379310345 0.011545566502463078
0 0.06265875153940886 0.3190665409482758 0.0218884698275862 0.011305033866995051
0 0.0780528402093596 0.304875115455665 0.01996420874384236 0.009861838054187166
0 0.05905076200738915 0.3111289639778325 0.017558882389162554 0.010342903325123165
0 0.0768501770320197 0.2958551416256157 0.01996420874384236 0.012507697044334964
0 0.0560441040640394 0.3027103217364532 0.017318349753694576 0.01178609913793105
0 0.073121921182266 0.2867149014778325 0.018280480295566504 0.010583435960591137
0 0.052917179802955655 0.292126885775862 0.0230911330049261 0.013229294950738935
0 0.07047606219211822 0.2755301339285714 0.021166871921182266 0.011305033866995107
0 0.050151054495073885 0.2841893088054187 0.020926339285714288 0.010823968596059108
0 0.06674780634236452 0.26735202432266003 0.018039947660098518 0.011786099137930994
0 0.047024130233990144 0.2738464054802955 0.022850600369458123 0.01419142549261082
0 0.06365493007990868 0.2590789098173516 0.019843393264840185 0.010702054794520577
0 0.04403449628995434 0.2639840182648402 0.019397474315068497 0.011147973744292217
0 0.06086793664383562 0.2490457334474886 0.01917451484018265 0.012931649543378998
0 0.042808219178082196 0.2550656392694064 0.02140410958904109 0.011147973744292217
0 0.05640874714611872 0.2396814355022831 0.016499001141552512 0.010702054794520549
0 0.03901790810502283 0.2461472602739726 0.01872859589041096 0.011147973744292217
0 0.05239547659817352 0.23087453624429224 0.023633704337899547 0.013154609018264818
0 0.03244060359589041 0.23845515839041095 0.019843393264840182 0.010479095319634701
0 0.04793628710045662 0.2227365154109589 0.022295947488584475 0.01159389269406394
0 0.029765089897260275 0.22942529965753428 0.018505636415525117 0.011147973744292244
0 0.048716645262557076 0.2102507848173516 0.02296482591324201 0.013377568493150693
0 0.02820437357305936 0.21838880565068494 0.02118115011415525 0.010479095319634701
0 0.04715592893835617 0.20255868293378995 0.022072988013698634 0.010925014269406397
0 0.026978096461187213 0.2093589469178082 0.019174514840182646 0.009364297945205463
0 0.023522224600456623 0.199660209760274 0.02207298801369863 0.012262771118721455
0 0.04436893550228311 0.19453214183789955 0.01917451484018265 0.00958725742009131
0 0.0413589825913242 0.1842760059931507 0.019843393264840185 0.011816852168949787
0 0.022741866438356163 0.19063035102739728 0.020512271689497718 0.010702054794520549
0 0.03890642836757991 0.1763609446347032 0.02073523116438356 0.00936429794520549
0 0.01917451484018265 0.1818234517694064 0.021850028538812787 0.011816852168949787
0 0.03244060359589041 0.1653244506278539 0.02118115011415525 0.011370933219178092
0 0.013934967180365297 0.1730165525114155 0.019397474315068493 0.010702054794520549
0 0.030322488584474887 0.1562945918949772 0.020958190639269406 0.01248573059360733
0 0.01170537243150685 0.1634292950913242 0.02162706906392694 0.011593892694063912
0 0.028427333047945206 0.14570401683789955 0.020735231164383562 0.012708690068493178
0 0.010590575057077627 0.15216984160958905 0.019397474315068493 0.011816852168949787
0 0.0057267868798955715 0.10759015992167104 0.008414246083550915 0.01733844647519582
0 0.01159126142297651 0.10287308257180158 0.01045406331592689 0.01810337793733681
0 0.02077043896866842 0.1008332653394256 0.010454063315926892 0.014533697780678853
0 0.03007710509138382 0.09726358518276762 0.01070904046997389 0.02065314947780679
0 0.04053116840731071 0.09445883648825065 0.014788674934725854 0.02116310378590079
0 0.048307971605744134 0.0907616677545692 0.010454063315926895 0.01682849216710182
0 0.058124592036553534 0.08846687336814622 0.011728949086161886 0.01886830939947781
0 0.06628386096605744 0.08515217036553525 0.014278720626631845 0.019378263707571813
0 0.07610048139686684 0.0818374673629243 0.010964017624020897 0.0193782637075718
0 0.08374979601827677 0.07737536716710183 0.008924200391644904 0.016063560704960844
0 0.09369390502610966 0.07737536716710183 0.010454063315926895 0.01708346932114882
0 0.10274559399477806 0.07240331266318539 0.013258812010443863 0.018868309399477798
0 0.1102674200391645 0.06845116677545693 0.01249388054830286 0.01759342362924282
0 0.1198290633159269 0.06564641808093996 0.010199086161879894 0.01810337793733681
0 0.1290082408616188 0.06322413511749347 0.009179177545691905 0.017848400783289822
0 0.1383149069843342 0.058507057767624035 0.01045406331592691 0.019123286553524806
0 0.14647417591383813 0.054809889033942565 0.00994410900783288 0.01682849216710182
0 0.15514339915143605 0.05315253753263709 0.010964017624020883 0.017593423629242814
0 0.16432257669712794 0.048307971605744134 0.011983926240208886 0.016573515013054832
0 0.17324677708877284 0.044865780026109664 0.011983926240208859 0.017338446475195828
0 0.18357335182767626 0.0421885199086162 0.012238903394255873 0.01861333224543081
0 0.19237006364229764 0.03976623694516972 0.011473971932114885 0.016318537859007838
0 0.20014686684073107 0.03696148825065275 0.01376876631853785 0.022947943864229766
0 0.21009097584856398 0.034539205287206276 0.012238903394255873 0.015553606396866843
0 0.21812275620104438 0.030332082245430818 0.009944109007832908 0.01631853785900783
0 0.2260270479765013 0.02599747062663186 0.009434154699738906 0.01580858355091384
0 0.0709566401648999 0.13168985571260305 0.023235055948174328 0.010352252650176696
0 0.08993577002355713 0.1261686542991755 0.021164605418138985 0.012192653121319189
0 0.0741773409893993 0.14261723351001176 0.020014355123674915 0.010582302709069485
0 0.09131607037691403 0.13698100706713778 0.018404004711425198 0.010812352767962302
0 0.07762809187279153 0.15158918580683156 0.019094154888103648 0.010582302709069513
0 0.09798752208480566 0.1461830094228504 0.020244405182567718 0.011272452885747936
0 0.07981356743227327 0.16056113810365136 0.022084805653710238 0.010122202591283852
0 0.0999429475853946 0.15573008686690223 0.016793654299175495 0.008281802120141346
0 0.0846446186690224 0.1691880153121319 0.018404004711425212 0.010352252650176669
0 0.10028802267373382 0.16596731448763252 0.016103504122497045 0.009432052414605402
0 0.08793244780513919 0.17900160599571735 0.01986583244111348 0.01045570128479656
0 0.10758916622055675 0.1736691983404711 0.018611148286937898 0.010246587259100659
0 0.09050474208515286 0.18933371997816595 0.019829762554585142 0.009808269650655038
0 0.10926838837336245 0.1840031386462882 0.017697530021834065 0.00895537663755458
0 0.09210391648471616 0.19796926173580787 0.02260166484716157 0.010021492903930146
0 0.11118739765283844 0.1931717385371179 0.01727108351528385 0.00895537663755458
0 0.09754110944323145 0.20628496861353712 0.02409422762008734 0.010447939410480361
0 0.11427913482532752 0.20212711517467247 0.01791075327510916 0.009381823144104823
0 0.09850061408296945 0.2161998498908297 0.023028111353711786 0.011087609170305657
0 0.11726426037117904 0.21065604530567683 0.018337199781659375 0.010661162663755469
0 0.1030849140283843 0.22526183815502182 0.02366778111353711 0.010021492903930118
0 0.12003616266375547 0.21939819868995633 0.01919009279475982 0.008528930131004364
0 0.10532375818777294 0.23389737991266374 0.020895878820960695 0.01236694868995633
0 0.12408740447598254 0.22792712882096067 0.02089587882096068 0.0115140556768559
0 0.12494029748908297 0.2394411844978166 0.01876364628820959 0.00980826965065501
0 0.10521714656113537 0.24402548444323144 0.021109102074235817 0.010447939410480334
0 0.10873533024017468 0.25415358897379914 0.021322325327510924 0.01407273471615722
0 0.12941798580786026 0.24828994950873362 0.020042985807860236 0.011727278930131035
0 0.13293616948689957 0.25777838427947597 0.020256209061135358 0.011087609170305657
0 0.11470558133187773 0.2636420237445415 0.02132232532751091 0.010021492903930118
0 0.13389567412663755 0.2671602074235808 0.01961653930131002 0.010234716157205226
0 0.11609153247816595 0.2727040120087336 0.016418190502183405 0.00980826965065501
0 0.13784030431222705 0.2761155840611354 0.020256209061135372 0.010661162663755497
0 0.11897004639737992 0.28176600027292575 0.020042985807860264 0.01258017194323141
0 0.13922625545851527 0.2861370769650655 0.01705786026200873 0.008102483624454149
0 0.12014277429039302 0.2918941048034934 0.01897686954148471 0.009381823144104795
0 0.12302128820960698 0.2998899768013101 0.018763646288209576 0.01215372543668125
0 0.1443436135371179 0.29242716293668125 0.020895878820960695 0.013433064956331897
0 0.14754196233624453 0.30202220933406115 0.02217521834061137 0.010021492903930174
0 0.13165682996724892 0.31662800218340614 0.021961995087336234 0.01321984170305679
0 0.15244609716157204 0.3124701487445415 0.018763646288209618 0.012153725436681195
0 0.13506840201965065 0.32760899972707425 0.018976869541484698 0.010447939410480334
0 0.15223287390829693 0.3236643695414847 0.015778520742358082 0.010661162663755441
0 0.1551113878275109 0.3314470182860262 0.018976869541484698 0.011300832423580764
0 0.13645435316593885 0.3368842112445415 0.01961653930131005 0.00980826965065501
0 0.15745684361353712 0.3404023949235808 0.017271083515283864 0.010021492903930118
0 0.14007914847161573 0.34615942276200873 0.018337199781659402 0.010021492903930118
0 0.16225436681222705 0.3499974413209607 0.018763646288209618 0.010874385917030605
0 0.1429576623908297 0.3557544691593887 0.019403316048034913 0.010021492903930118
0 0.14530311817685587 0.3657759620633188 0.020256209061135372 0.012580171943231466
0 0.16513288073144106 0.36023215747816595 0.01855042303493451 0.01130083242358082
0 0.1978626501091703 0.37409166894104806 0.02217521834061134 0.014285957969432328
0 0.13349609375 0.11162109375 0.022070312499999994 0.013085937500000006
0 0.1529296875 0.10771484375 0.017578125 0.0107421875
0 0.1552734375 0.11640624999999999 0.01953125 0.010546874999999997
0 0.13486328125 0.12324218749999999 0.0166015625 0.008593749999999997
0 0.159765625 0.12548828125 0.021484375 0.011132812499999992
0 0.137890625 0.13193359375000002 0.018359374999999983 0.010351562499999994
0 0.16220703125000002 0.13525390625 0.018945312500000006 0.009570312500000011
0 0.1431640625 0.14111328125 0.021484375 0.0087890625
0 0.163671875 0.14462890625000002 0.02070312499999999 0.010351562499999994
0 0.14580078125 0.15048828125000002 0.017773437500000017 0.009179687500000006
0 0.1677734375 0.15263671875 0.019921875000000006 0.009570312499999983
0 0.14980468749999998 0.1599609375 0.019921875000000006 0.010156250000000006
0 0.1697265625 0.16201171875 0.021484375 0.0107421875
0 0.1505859375 0.16982421875 0.019921875000000006 0.0107421875
0 0.17392578125 0.17236328125 0.01777343749999999 0.011132812499999978
0 0.15390625 0.17812499999999998 0.01874999999999999 0.009374999999999994
0 0.15986328125 0.18671875 0.020117187499999994 0.010937500000000017
0 0.15966796875 0.1970703125 0.018164062500000022 0.010937500000000017
0 0.16396484375 0.20419921875 0.01972656249999999 0.009570312500000011
0 0.1840031386462882 0.19839570824235808 0.020895878820960695 0.010447939410480361
0 0.16555932723799127 0.21353455922489084 0.015565297489082974 0.010021492903930146
0 0.18602875955240172 0.20831058951965065 0.020682655567685587 0.00895537663755458
0 0.18698826419213974 0.21918497543668122 0.017484306768558944 0.009381823144104795
0 0.16715850163755458 0.22408911026200873 0.022601664847161584 0.010661162663755441
0 0.1935981850436681 0.22664778930131002 0.01961653930131005 0.010234716157205254
0 0.1724609375 0.23330078125 0.02070312499999999 0.0087890625
0 0.19882812500000002 0.2353515625 0.021093749999999994 0.01171875
0 0.17568359374999998 0.2423828125 0.020898437500000006 0.009374999999999994
0 0.17705078125 0.25224609375 0.018164062499999994 0.0107421875
0 0.19755859375 0.2466796875 0.019335937499999983 0.009374999999999967
0 0.18388671875 0.259375 0.021679687500000017 0.010937499999999989
0 0.2033203125 0.2537109375 0.020312499999999983 0.010156250000000006
0 0.20439453125 0.263671875 0.0205078125 0.009375000000000022
0 0.184375 0.27001953125 0.016796875000000017 0.009960937500000044
0 0.19033203124999998 0.27851562500000004 0.018945312500000006 0.010546875000000011
0 0.2078125 0.27275390624999996 0.017187499999999994 0.009960937499999989
0 0.20947265625 0.28144531250000004 0.0185546875 0.010546875000000011
0 0.190625 0.2888671875 0.019921875000000006 0.009765625
0 0.21572265625 0.2916015625 0.0205078125 0.010937499999999989
0 0.19658203125 0.2966796875 0.018945312500000006 0.010156249999999978
0 0.21474609375 0.30224609375 0.01738281250000001 0.0087890625
0 0.19736328125 0.3072265625 0.01933593750000001 0.009374999999999967
0 0.2208984375 0.30908203125 0.018359374999999983 0.009179687499999978
0 0.20400390625 0.31640625 0.01933593750000001 0.008593749999999956
0 0.2234375 0.31943359375 0.020312499999999983 0.0107421875
0 0.203125 0.326171875 0.01679687499999999 0.010937500000000044
0 0.2236328125 0.32939453124999996 0.019921874999999978 0.009570312500000011
0 0.2052734375 0.3375 0.018750000000000017 0.009765625
0 0.2275390625 0.33828125 0.019921874999999978 0.011328124999999967
0 0.20712890625 0.34697265624999996 0.01738281250000001 0.009570312500000011
0 0.21967648237179485 0.08420973557692307 0.021784855769230782 0.013772035256410256
0 0.19751602564102563 0.09072015224358973 0.021033653846153855 0.010767227564102574
0 0.21967648237179488 0.09622896634615384 0.017778445512820512 0.009765625
0 0.19989483173076922 0.10186298076923075 0.01577524038461539 0.010016025641025647
0 0.20337301587301587 0.111297123015873 0.020254629629629622 0.011780753968253968
0 0.2218708664021164 0.10592344576719576 0.015914351851851832 0.010540674603174593
0 0.22693452380952378 0.11419064153439151 0.016947751322751337 0.009300595238095247
0 0.20843667328042326 0.12090773809523808 0.015500992063492036 0.009093915343915349
0 0.22951802248677244 0.12349123677248676 0.020461309523809507 0.01219411375661375
0 0.2105034722222222 0.1310350529100529 0.015500992063492064 0.010747354497354505
0 0.21360367063492058 0.1396122685185185 0.0212880291005291 0.01095403439153439
0 0.23396164021164018 0.14229910714285712 0.019427910052910058 0.011780753968253954
0 0.21370701058201058 0.14891286375661372 0.019014550264550262 0.010127314814814797
0 0.23819857804232802 0.1505663029100529 0.017567791005291017 0.01095403439153439
0 0.21990740740740738 0.15738673941798942 0.02066798941798942 0.008473875661375668
0 0.24243551587301582 0.1606936177248677 0.015707671957671948 0.010540674603174593
0 0.2223875661375661 0.1673073743386243 0.019014550264550262 0.011367394179894158
0 0.22621114417989416 0.17547123015873012 0.01839451058201058 0.008680555555555552
0 0.24315889550264547 0.17877810846560843 0.01219411375661375 0.009507275132275145
0 0.22838128306878303 0.18528852513227512 0.0177744708994709 0.008473875661375668
0 0.24672719594594594 0.18866131756756754 0.01414695945945943 0.0086570945945946
0 0.22994087837837837 0.19425675675675674 0.014358108108108114 0.009290540540540543
0 0.2535695043103448 0.1976697198275862 0.01998024425287359 0.009204382183908039
0 0.23291576867816088 0.2049658764367816 0.023572198275862072 0.013020833333333343
0 0.2563757183908046 0.20698635057471262 0.020653735632183895 0.011673850574712652
0 0.2413344109195402 0.22146641522988503 0.022000718390804586 0.010102370689655166
0 0.26153915229885055 0.2255073635057471 0.019755747126436796 0.012796336206896575
0 0.24212015086206895 0.2316810344827586 0.019082255747126436 0.009428879310344807
0 0.24503861350574707 0.24189565373563215 0.01818426724137931 0.011449353448275856
0 0.24795707614942525 0.2495285560344827 0.0186332614942529 0.009204382183908039
0 0.25233477011494254 0.2587329382183908 0.020653735632183923 0.012796336206896575
0 0.25435524425287354 0.2689475574712643 0.019306752873563204 0.010326867816091989
0 0.2784886853448275 0.27119252873563215 0.019082255747126464 0.01302083333333337
0 0.2568247126436781 0.27759069683908044 0.01751077586206895 0.008755387931034475
0 0.280060165229885 0.28118265086206895 0.0154903017241379 0.007408405172413757
0 0.26120240660919536 0.28713182471264365 0.01908225574712641 0.009877873563218342
0 0.2632228807471264 0.29644845545977005 0.020429238505747127 0.012347341954022983
0 0.2860093390804597 0.29903017241379304 0.01751077586206895 0.01122485632183906
0 0.26861081178160917 0.3048670977011494 0.01683728448275862 0.009428879310344862
0 0.2706312859195402 0.31474497126436773 0.02177622126436779 0.01122485632183906
0 0.2727640086206896 0.32574533045977005 0.019755747126436796 0.010326867816091989
0 0.291180173992674 0.31812805250305254 0.016693376068376065 0.010492979242979261
0 0.25921792328042326 0.07204344411375663 0.021443039021164012 0.014467592592592601
0 0.28117766203703703 0.06377624834656087 0.018342840608465583 0.011884093915343917
0 0.28643524045020463 0.08406164733969987 0.02131650750341063 0.013056360845839013
0 0.26791652455661663 0.08899108969986358 0.018918400409276948 0.011191166439290592
0 0.2880339785129604 0.09538604195088678 0.019717769440654842 0.011191166439290579
0 0.28163902626193726 0.13721968792633016 0.018651944065484316 0.01332281718963163
0 0.31054953956343795 0.15986847714870395 0.01945131309686221 0.013322817189631658
0 0.3162783509549795 0.1763887704638472 0.020783594815825368 0.012789904502046368
0 0.3258707793315143 0.193974889154161 0.020783594815825368 0.013855729877216921
0 0.3092172578444748 0.21942146998635745 0.020517138472032737 0.011990535470668473
0 0.31494606923601637 0.24766584242837655 0.015987380627558 0.010924710095497947
0 0.33173281889495226 0.2950950716234652 0.022382332878581157 0.013056360845839055
0 0.336024426286509 0.3066868045897079 0.016298678720445103 0.010322496522948532
0 0.35286639429763555 0.3024763125869263 0.019558414464534046 0.014397166203059808
0 0.28796290600393704 0.008258489173228354 0.013072096456692883 0.015763410433070866
0 0.2992606963087248 0.007471686241610738 0.010748741610738244 0.012846057046979865
0 0.34324919871794873 0.04652443910256409 0.017528044871794823 0.011017628205128208
0 0.330478766025641 0.0703125 0.02253605769230771 0.012019230769230768
0 0.334735576923077 0.09034455128205128 0.01752804487179488 0.009515224358974367
0 0.34237279647435903 0.11826422275641024 0.017277644230769218 0.011768830128205135
0 0.39044971955128205 0.19275841346153844 0.018780048076923073 0.012019230769230754
0 0.3747996794871795 0.2077824519230769 0.02053285256410259 0.012019230769230782
0 0.37617688301282054 0.2210536858974359 0.01928084935897434 0.011518429487179488
0 0.38631810897435903 0.2454677483974359 0.02053285256410259 0.012269631410256415
0 0.3901993189102564 0.2752654246794872 0.020282451923076927 0.012269631410256443
0 0.4503769373315364 0.16425202156334232 0.02158440026954178 0.013161219676549873
0 0.4584052813342318 0.18386223888140163 0.01605668800539084 0.013950892857142877
0 0.4635381570080862 0.20018215128032346 0.018952156334231807 0.011845097708894886
0 0.9229992030965392 0.6001465733151183 0.018143784153005438 0.011384335154826952
0 0.9270904485428051 0.6093963456284153 0.016364981785063737 0.009249772313296933
0 0.7011761117136659 0.9469055043383947 0.016099511930585786 0.017794197396963085
0 0.7502931183001531 0.8944594659264931 0.012263112557427291 0.02003972052067382
0 0.6614603273353752 0.8812990524502298 0.010468510719754964 0.02003972052067382
0 0.673125239280245 0.8787566998468606 0.011066711332312407 0.017347817764165385
0 0.6581702239663093 0.8664935872894334 0.019441519908116378 0.009571209800918856
0 0.7342912519142419 0.819385289050536 0.011964012251148626 0.017646918070444162
0 0.6789576952526799 0.8376304077335375 0.020338820826952597 0.012263112557427291
0 0.6851594562243501 0.8035225718194254 0.02217638508891928 0.013092082763337953
0 0.6601776248290012 0.7824149281805745 0.01870297537619703 0.012023341313269542
0 0.6545667322161421 0.7713267356361149 0.018168604651162767 0.011756155950752412
0 0.6743384490424076 0.7657158430232558 0.01923734610123118 0.011221785225718262
0 0.6734033002735977 0.7544940577975375 0.018970160738714048 0.01122178522571815
0 0.21389486336032387 0.45012809969635625 0.01423329959514169 0.009884235829959509
0 0.12256330385852088 0.7320513464630225 0.014758340032154357 0.011618267684887496
0 0.2232400253690037 0.4911640913284133 0.009008879151291505 0.013693496309963138
0 0.2821667729591837 0.4701052295918367 0.010363520408163296 0.017139668367346927
0 0.21933439960629922 0.42579662893700787 0.012687623031496065 0.018070250984251968
0 0.3179518331692913 0.4077263779527559 0.01230314960629919 0.016532357283464583
0 0.3294860359251969 0.4059962475393701 0.009996309055118113 0.016916830708661457
0 0.3442882627952756 0.39907572588582674 0.012687623031496065 0.0169168307086614
0 0.35447680856299213 0.4002291461614173 0.00922736220472442 0.013072096456692939
0 0.3289824695121951 0.4537919207317073 0.010162601626016232 0.01778455284552849
0 0.35184832317073167 0.46189024390243905 0.010797764227642281 0.013020833333333315
0 0.3607405995934959 0.45966717479674796 0.011432926829268275 0.017466971544715437
0 0.3712207825203252 0.4577616869918699 0.010797764227642281 0.016831808943089444
0 0.3790015243902439 0.4541095020325203 0.009845020325203235 0.018419715447154483
0 0.6063108484005564 0.818872783379694 0.01521210013908203 0.010050851877607792
