0 0.05227481617647058 0.7096354166666666 0.011871936274509803 0.016850490196078427
0 0.034275428921568624 0.7680376838235293 0.009574142156862742 0.02029718137254899
0 0.14782234251968507 0.12167814960629922 0.013841043307086603 0.016916830708661443
0 0.19215210355987056 0.24177032766990292 0.01200950647249191 0.020226537216828516
0 0.1739798240291262 0.3071905339805825 0.012957625404530743 0.02022653721682849
0 0.25630815129449835 0.4105354975728156 0.012009506472491938 0.020858616504854377
0 0.20827012540453077 0.4245992617313916 0.015169902912621352 0.0224388147249191
0 0.3515868633056133 0.6662795608108107 0.013805873180873174 0.01786642411642403
0 0.3936135654885655 0.774087188149688 0.010963487525987525 0.01827247920997921
0 0.41009540498442365 0.8486358547507789 0.012169003115264754 0.01673237928348914
0 0.35837714174454827 0.8559372566199377 0.01399435358255452 0.02220843068535827
0 0.23156920475746268 0.03224842583955224 0.009838502798507454 0.015668726679104475
0 0.3262560959958932 0.03789944815195072 0.018849460985626287 0.011630518480492819
0 0.34650924024640656 0.09905993326488706 0.00802104722792607 0.01764630390143737
0 0.3437018737166324 0.11831044661190965 0.011229466119096532 0.014437885010266938
0 0.44071810233160624 0.0403106109671848 0.013155764248704627 0.021926273747841105
0 0.469919925124792 0.040459910565723796 0.015599001663893497 0.010724313643926786
0 0.49331842762063227 0.08254471713810316 0.015599001663893552 0.016248960066555754
0 0.45253040703275527 0.2624864523121387 0.021450505780346796 0.013171363198458574
0 0.4362521701388889 0.2104220920138889 0.01718026620370372 0.011302806712962965
0 0.503682842287695 0.29635371533795496 0.011508882149046828 0.013878357885615256
0 0.4801573331889081 0.3193714796360485 0.016586330155979156 0.009816399480069293
0 0.49606667027729634 0.31615576256499134 0.017263323223570215 0.010154896013864823
0 0.5246696273830156 0.28315235051993065 0.012862868284228779 0.02064828856152512
0 0.5509031087521663 0.30549312175043325 0.018617309358752165 0.010493392547660352
0 0.6133557192374349 0.25861135181975736 0.01895580589254764 0.013539861351819782
0 0.5148532279029463 0.33274209272097055 0.014216854419410674 0.020986785095320648
0 0.577707777036048 0.3453667389853138 0.016428154205607504 0.01069133845126835
0 0.5744482226301735 0.33467540053404543 0.01929656208277708 0.009126752336448607
0 0.4666415127840909 0.3945090553977273 0.017385771780302983 0.009247750946969668
0 0.9092699579831933 0.1212496717436975 0.02051601890756305 0.014361213235294115
0 0.9745108981092437 0.2394219406512605 0.014771533613445298 0.02010569852941177
0 0.5521993318485523 0.49869501670378624 0.014354816258351888 0.011744849665924317
0 0.5222172113752122 0.5512322262308997 0.017243208828522927 0.009616404923599275
0 0.5447867531446541 0.554153154481132 0.01781151729559749 0.010134139150943411
0 0.5251326650943395 0.5615234375 0.015968946540880435 0.009519948899371022
0 0.5178664241164241 0.580601936070686 0.01827247920997921 0.00893321205821207
0 0.5918728849407784 0.6753185807952624 0.014541032148900124 0.010244818104906961
0 0.5933242237008871 0.684296775982256 0.014852661596958083 0.008168963878326996
0 0.6194026625172891 0.7043622493084372 0.01242652143845091 0.01918006569847852
0 0.6181806144067796 0.5302899894067796 0.008938029661016977 0.01588983050847459
0 0.6322807331424936 0.544936784351145 0.01664877544529253 0.009442589058524131
0 0.6335231790712468 0.556615776081425 0.019133667302798973 0.009442589058524242
0 0.7404542072510822 0.5973518668831168 0.010568858225108224 0.021983225108225146
0 0.6520985524891775 0.621871617965368 0.017332927489177585 0.011837121212121215
0 0.6683745941558441 0.6396272997835497 0.018601190476190466 0.01014610389610382
0 0.6838051271645021 0.6495620265151515 0.02156047077922074 0.010568858225108224
0 0.6611877705627706 0.6508302895021645 0.022828733766233844 0.010568858225108224
0 0.7814243861607142 0.5747767857142857 0.019182477678571397 0.011858258928571397
0 0.7784598214285714 0.5861118861607142 0.018833705357142905 0.011509486607142905
0 0.894775390625 0.5489676339285714 0.012904575892857095 0.018833705357142794
0 0.9059361049107142 0.5458286830357142 0.010114397321428603 0.016741071428571508
0 0.9265136718749999 0.5421665736607142 0.012904575892857206 0.0156947544642857
0 0.9007045200892856 0.6154087611607142 0.0156947544642857 0.01708984375
0 0.9064592633928571 0.6288364955357142 0.0146484375 0.011858258928571397
0 0.9031459263392856 0.640869140625 0.0205775669642857 0.012904575892857095
0 0.913783482142857 0.6497628348214286 0.020228794642857095 0.011160714285714302
0 0.8082798549107142 0.6328473772321428 0.019880022321428603 0.019182477678571397
0 0.8400181361607142 0.679931640625 0.026157924107142794 0.012904575892857095
0 0.943080357142857 0.6895228794642856 0.016741071428571508 0.009068080357142905
0 0.992431640625 0.7303292410714286 0.010811941964285698 0.013253348214285698
0 0.9762137276785714 0.7359095982142856 0.0209263392857143 0.013253348214285698
0 0.9734235491071428 0.7498604910714286 0.0181361607142857 0.013253348214285698
0 0.8626883370535714 0.7802036830357142 0.012904575892857095 0.012555803571428603
0 0.872802734375 0.7857840401785714 0.011509486607142905 0.013253348214285698
0 0.7045200892857142 0.7859584263392856 0.0181361607142857 0.009416852678571508
0 0.7097516741071428 0.7945033482142856 0.018833705357142794 0.0146484375
0 0.7655552455357142 0.8592006138392856 0.013950892857142794 0.016392299107142905
1 0.7763671875 0.8647809709821428 0.0160435267857143 0.022670200892857206
0 0.7899693080357142 0.8935546875 0.01953125 0.0160435267857143
0 0.6211364412568305 0.7968821152094718 0.02134562841530052 0.013518897996357082
0 0.6385687044626593 0.8490010245901639 0.01778802367941712 0.011028574681238634
0 0.6455659776645768 0.8665936030564263 0.01346982758620685 0.009183973354231934
0 0.6506171630094044 0.8765429075235109 0.018061814263322873 0.009490105799373039
0 0.6695973746081505 0.9114420062695925 0.015612754702194365 0.014388224921630055
0 0.7328137245297806 0.987975117554859 0.01530662225705326 0.019286344043887182
0 0.7566920552507836 0.9715970317398119 0.01530662225705337 0.01714341692789967
0 0.7712333463949843 0.9775666144200628 0.013163695141065856 0.019286344043887182
0 0.8933801920062696 0.9495554956896552 0.018061814263322873 0.013469827586206962
