0 0.017894071691176457 0.20387178308823528 0.01349954044117647 0.01780790441176469
0 0.14540954205974843 0.2541212165880503 0.010748329402515716 0.017504422169811323
0 0.1666393979057592 0.37192203861256545 0.017383835078534055 0.011759653141361237
0 0.1633160176701571 0.3545382035340314 0.01380481020942409 0.00971449607329844
0 0.15951993778280543 0.3303079044117647 0.01060520361990952 0.011047087104072428
0 0.16835760746606335 0.3331801470588235 0.01060520361990952 0.009721436651583704
0 0.2066085587686567 0.4443723763992537 0.013846781716417927 0.012753614738805985
0 0.2230060634328358 0.4675110774253731 0.016033115671641784 0.011660447761194015
0 0.09057493676222597 0.6150861614671164 0.01976180438448566 0.01350389966273191
0 0.16649320193929174 0.648681228920742 0.021408621416526136 0.0135038996627318
0 0.1890545952782462 0.6434114144182126 0.013174536256323782 0.026019709106239408
0 0.2606911361720068 0.6200266125632379 0.02272607504215854 0.015480080101180405
0 0.14096753794266442 0.7030261909780776 0.01515071669477236 0.010868992411467104
0 0.13734454047217537 0.7280578098650927 0.017785623946037082 0.012845172849915598
0 0.1482135328836425 0.7894840851602024 0.01515071669477236 0.012515809443507608
0 0.14837821458684655 0.8102339797639123 0.01548008010118046 0.011198355817875205
0 0.37981955963665087 0.9640600315955765 0.019747235387045814 0.013267673775671507
0 0.21538772380636606 0.5534285891909814 0.01062044098143236 0.011656581564986834
0 0.2940048905835544 0.4932029177718833 0.016060179045092826 0.01761438992042441
0 0.28688142407161804 0.500067349137931 0.012174651856763918 0.015283073607427033
0 0.32016744031830235 0.5648261356100797 0.01191561671087532 0.018909565649867344
0 0.3055319545755968 0.5466936753978779 0.015283073607427033 0.015801143899204173
0 0.3105831399204244 0.537109375 0.01657824933687002 0.011656581564986723
0 0.31809515915119363 0.5285612151856764 0.0186505305039788 0.016837284482758563
0 0.32353489721485407 0.5213082311007957 0.013469827586206906 0.011138511273209528
0 0.3283270474137931 0.5135371767241379 0.02046377652519893 0.015801143899204284
0 0.34089025198938994 0.49903120855437666 0.014505968169761296 0.014246933023872643
0 0.3464595076259947 0.4906125663129973 0.01942763594164454 0.017096319628647216
0 0.3875950788123167 0.5216218383431086 0.01804206378299117 0.014032716275659829
0 0.4007686491935484 0.529783724340176 0.015178244134897378 0.019473973607038175
0 0.41064882697947214 0.5347954087243402 0.011455278592375384 0.014605480205278631
0 0.4243951612903226 0.5475394061583578 0.012600806451612934 0.018901209677419373
0 0.4329866202346041 0.5536966184017595 0.010882514662756582 0.017469299853372422
0 0.44587380865102644 0.5568468200146628 0.01431909824046923 0.018614827712610027
0 0.4561451099537037 0.5828872492283952 0.014166184413580252 0.01989293981481477
0 0.4273606288580247 0.6371407214506173 0.018084490740740755 0.01989293981481477
0 0.4749831211419753 0.5846956983024691 0.016276041666666685 0.018687307098765427
0 0.4837239583333333 0.5907238618827161 0.01265914351851849 0.01627604166666674
0 0.49140986689814814 0.5964506172839507 0.012960551697530853 0.017481674382715973
0 0.49879436728395066 0.6032323013117284 0.010850694444444475 0.01718026620370372
0 0.4689549575617284 0.60986328125 0.01085069444444442 0.015974633487654377
0 0.47875072337962965 0.6163435570987654 0.013563368055555525 0.01808449074074081
0 0.5091929494598766 0.6073013117283951 0.012357735339506126 0.0180844907407407
0 0.5179337866512346 0.6161928530092593 0.014166184413580196 0.02079716435185186
0 0.5048225308641975 0.63427734375 0.012659143518518545 0.01718026620370372
0 0.5250168788580247 0.6217689043209877 0.01085069444444442 0.01627604166666663
0 0.5355661651234569 0.6258379147376544 0.01446759259259267 0.020194347993827133
0 0.5426492573302469 0.6317153742283951 0.009343653549382713 0.015673225308642014
0 0.45136538143989435 0.6499029887714662 0.012126403566710742 0.013932463672390982
0 0.45820260898282694 0.6588042850066049 0.008772291941875843 0.016770558124174384
0 0.46813593956406874 0.6637064481505944 0.010062334874504641 0.01780259247027738
0 0.4766502229194188 0.6701566628137383 0.011610386393659189 0.01728657529722588
0 0.4847774933949802 0.6764778731836195 0.012384412153236435 0.017028566710700188
0 0.4927757595772787 0.681251032034346 0.009804326287978837 0.014190472258916786
0 0.5007740257595773 0.6856371780052839 0.012384412153236435 0.01728657529722588
0 0.5067082232496698 0.6944094699471598 0.013416446499339485 0.018318609643328987
0 0.5153515108982827 0.6987956159180977 0.007998266182298486 0.015222506605019781
0 0.5252848414795244 0.7034397704755613 0.011868394980184993 0.01728657529722588
0 0.5457965241083222 0.7141471268163804 0.013674455085865289 0.01857661822985468
0 0.5565038804491413 0.72756357331572 0.011352377807133496 0.01238441215323649
0 0.6203539723816356 0.716749237804878 0.013450502152080435 0.012890064562410375
0 0.5842681623931624 0.6568843482905982 0.019364316239316226 0.015691773504273532
0 0.5932825854700854 0.6742454594017093 0.014022435897435903 0.012353098290598274
0 0.6004607371794871 0.6812566773504273 0.019698183760683774 0.014356303418803451
0 0.6119791666666666 0.6971153846153846 0.019364316239316226 0.014022435897435903
0 0.6141493055555555 0.6411925747863247 0.019698183760683774 0.017027243589743613
0 0.5830996260683761 0.6316773504273503 0.02036591880341876 0.012686965811965822
0 0.6746711256660747 0.6365106016873889 0.020121003552397876 0.01595803730017764
0 0.6481322158081705 0.6151753996447602 0.016304951154529235 0.015611123445825936
0 0.5771149727414331 0.533915011682243 0.01947040498442376 0.017036604361370777
0 0.5597253477905073 0.516091704173486 0.01150777414075288 0.0156633592471358
0 0.551254347381342 0.511936119067103 0.011188113747954143 0.01566335924713591
0 0.5445414791325696 0.505862571603928 0.012466755319148981 0.018220642389525366
0 0.5320747238134206 0.5018668166939444 0.013106076104746345 0.01790098199672674
0 0.5250421951718494 0.49291632569558097 0.015024038461538436 0.017900981996726628
0 0.5168908551554827 0.48668294803600654 0.015983019639934537 0.023335208674304442
0 0.5085796849427169 0.4822077025368249 0.01150777414075288 0.015024038461538491
0 0.49930953355155483 0.4785316080196399 0.013425736497545027 0.019179623567921467
0 0.46430672054009814 0.4714990793780687 0.011827434533551562 0.021097585924713613
0 0.4844453252864157 0.4475245499181669 0.020777925531914876 0.01406505728314239
0 0.5908064013532763 0.4821603454415954 0.013632923789173801 0.015024038461538436
0 0.6017962072649572 0.46588430377492873 0.012241809116809166 0.018084490740740755
0 0.5940059650997151 0.4594851762820512 0.015024038461538436 0.01752804487179488
0 0.5556781137589928 0.46135903776978415 0.014051258992805793 0.015105103417266175
0 0.5783357688848921 0.4495911083633094 0.012997414568345356 0.015456384892086339
0 0.5716614208633093 0.4455513714028777 0.012294851618705027 0.017915355215827322
0 0.5474229991007195 0.45503597122302164 0.011592288669064699 0.01721279226618705
0 0.5518140175359711 0.43097319019784175 0.01475382194244601 0.020374325539568305
0 0.5396205357142857 0.4521484375 0.008928571428571397 0.016462053571428603
0 0.5876116071428572 0.5401785714285714 0.011160714285714302 0.015625
0 0.7181919642857143 0.5718470982142857 0.018415178571428603 0.016462053571428603
0 0.7444962211277174 0.5337922469429348 0.02043350883152173 0.017779806385869512
0 0.5349864130434783 0.38717518682065216 0.017514436141304324 0.013268512228260865
0 0.5932351817255435 0.4032300866168478 0.014064622961956541 0.018841287364130432
0 0.6119437839673912 0.4142429517663043 0.01432999320652173 0.01857591711956519
0 0.6187107252038043 0.41941767153532605 0.013003141983695565 0.015656844429347838
0 0.628662109375 0.42525581691576086 0.015391474184782594 0.016718325407608703
0 0.6380827530570652 0.43149201766304346 0.012472401494565188 0.014860733695652217
0 0.6451150645380435 0.43759553328804346 0.01008406929347827 0.015922214673913082
0 0.6066248052959502 0.3845404984423676 0.01216900311526481 0.01947040498442365
0 0.6143825447819315 0.3895602122274143 0.012473228193146446 0.017340829439252303
0 0.6335487246884735 0.40112076518691586 0.015515478971962593 0.019774630062305343
0 0.6414585767133957 0.4079658294392523 0.010647877725856736 0.016428154205607448
0 0.6607768691588785 0.44781931464174457 0.01399435358255452 0.01581970404984423
0 0.6770529108255452 0.42713200934579443 0.013081678348909609 0.016428154205607448
0 0.6791709125905796 0.4594443500905797 0.01238394474637683 0.01733752264492755
0 0.6981006567028984 0.4711206408514492 0.013445425724637694 0.01946048460144928
0 0.5995598392210144 0.3366663836050724 0.017337522644927494 0.01521456068840582
0 0.6492148951480263 0.3591372841282895 0.01220703125 0.01413445723684209
0 0.664634303042763 0.37038060238486836 0.014134457236842146 0.013491981907894746
0 0.6733077199835527 0.3769659745065789 0.01606188322368418 0.014455694901315819
0 0.6823023745888157 0.3824270148026315 0.011564555921052544 0.011885793585526272
0 0.6917788856907895 0.38563939144736836 0.011885793585526327 0.014455694901315763
0 0.7007735402960527 0.394152189555921 0.013170744243421129 0.014776932565789491
0 0.7080013877467105 0.40089818050986836 0.012849506578947345 0.01413445723684209
0 0.7794767680921053 0.48538368626644735 0.0195954975328948 0.015419407894736836
0 0.7842953330592105 0.4739797491776315 0.016383120888157965 0.0176680715460526
0 0.7931293688322367 0.4661094263980263 0.01606188322368418 0.019274259868421073
0 0.8207310267857143 0.4270368303571429 0.017578125 0.01590401785714285
0 0.8265904017857143 0.4158761160714286 0.021484375 0.01590401785714285
0 0.8364955357142857 0.4009486607142857 0.01953125 0.0200892857142857
0 0.8676060267857142 0.3585379464285714 0.0209263392857143 0.01785714285714285
0 0.7802734375 0.4044363839285714 0.015345982142857206 0.017020089285714246
0 0.7604631696428572 0.3924386160714286 0.012555803571428492 0.01925223214285715
0 0.7438616071428572 0.3814174107142857 0.014508928571428492 0.0200892857142857
0 0.7200055803571429 0.3646763392857143 0.013671875 0.01729910714285715
0 0.6943359375 0.3484933035714286 0.017578125 0.01729910714285715
0 0.6756417410714286 0.33761160714285715 0.014787946428571397 0.0189732142857143
0 0.8029978586723769 0.3693999263918629 0.014219753747323316 0.017356464132762317
0 0.787314306745182 0.35612118576017127 0.012965069593147693 0.016729122055674506
0 0.7693305005353319 0.34618826953961457 0.014637981798715227 0.018611148286937884
0 0.7520785934154176 0.3332231999464668 0.011919499464668082 0.01693823608137046
1 0.8018169981060606 0.3332149621212121 0.018051609848484862 0.022490530303030276
0 0.7572798295454545 0.3102805397727273 0.013612689393939448 0.016276041666666685
0 0.7328657670454545 0.2901574337121212 0.016867897727272707 0.01982717803030304
0 0.7179214015151515 0.31338778409090906 0.014204545454545414 0.014204545454545414
0 0.7821560889175256 0.2711219394329897 0.012685244845360821 0.015906894329896892
0 0.7741019652061856 0.26649081829896903 0.014698775773195893 0.018323131443299
0 0.8045062822164948 0.25773195876288657 0.013490657216494895 0.01691365979381443
0 0.8063184600515463 0.19621858891752575 0.014698775773195893 0.012685244845360821
0 0.7865858569587627 0.20487677190721648 0.015906894329896892 0.020336662371134018
0 0.6857383578431373 0.23862591911764708 0.018601190476190466 0.016139268207282925
0 0.6799938725490196 0.2261795343137255 0.016412815126050417 0.014224439775910369
0 0.6715139180672269 0.2205718224789916 0.014224439775910369 0.012856705182072825
0 0.7061176032913166 0.22016150210084034 0.012856705182072825 0.01750700280112044
0 0.7242309411573471 0.21004348179453836 0.015492929128738564 0.011175227568270496
0 0.7305805022756826 0.17905762353706112 0.018032753576072813 0.015238946684005189
0 0.7185163361508453 0.19874126300390116 0.018286736020806216 0.013461069570871259
0 0.7044203104681404 0.18451824609882964 0.013461069570871342 0.011429210013003899
0 0.6964198634590377 0.16724743985695706 0.02031859557867366 0.014476999349804925
0 0.6736928181475904 0.17614599021084337 0.012059958584337283 0.01882530120481926
0 0.6519260636295181 0.19555958207831325 0.017942865210843317 0.01470726656626506
0 0.650308264307229 0.18291133283132532 0.014707266566265087 0.013530685240963847
0 0.6367775790662651 0.1729103915662651 0.01882530120481929 0.017060429216867457
0 0.7021059782608696 0.14965062111801247 0.01552795031055898 0.014072204968944096
0 0.6682927707373272 0.1365087365591398 0.017701132872503855 0.015000960061443941
0 0.6794273676310043 0.15351221342794757 0.013859511462882113 0.01236694868995633
0 0.6865703466157205 0.16129486217248906 0.013646288209607005 0.010021492903930146
0 0.6579984306768558 0.1185435998908297 0.018337199781659375 0.014499181222707408
0 0.6492562772925763 0.11278657205240175 0.014925627729257651 0.01023471615720524
0 0.6404075122816594 0.09487581877729259 0.014712404475982543 0.012366948689956345
0 0.603626501091703 0.12995104394104803 0.019190092794759916 0.015991743995633176
0 0.5723086254345306 0.09206166714947858 0.01629490150637314 0.014031720741599071
0 0.6296802578215527 0.03310580822711476 0.010184313441483184 0.017426491888760137
0 0.5595404044607191 0.9089443242343542 0.018985103195739095 0.01612433422103865
0 0.5852873252330226 0.8926899550599201 0.0169045439414115 0.0158642643142477
0 0.5995911701065246 0.8803366344873502 0.013783705059920104 0.01560419440745675
0 0.6196165529294275 0.8584907623169108 0.017424683754993286 0.017684753661784347
0 0.6258582306924101 0.8495183505326231 0.009622586551265022 0.01586426431424759
0 0.6334002579893475 0.8447070572569907 0.012223285619174407 0.018204893475366246
0 0.6471839630492676 0.8305332473368842 0.013783705059920104 0.0158642643142477
0 0.7416834677419355 0.834929435483871 0.010080645161290258 0.019657258064516125
0 0.7380292338709677 0.779233870967742 0.009828629032258007 0.019153225806451624
0 0.7251764112903225 0.7478578629032258 0.018901209677419373 0.009324596774193616
0 0.7681451612903226 0.7554183467741935 0.02318548387096775 0.011844758064516125
0 0.9454831042921688 0.9210690417921686 0.01735457454819278 0.010295086596385561
0 0.9435711596385542 0.9353350903614458 0.014707266566265087 0.010589231927710774
0 0.9400414156626506 0.9612198795180723 0.02059017319277101 0.01176581325301207
1 0.8890072006777109 0.9494540662650602 0.0244140625 0.013530685240963791
0 0.8857716020331325 0.9728386201054218 0.02264919051204828 0.010883377259036098
0 0.8822418580572289 0.9863693053463856 0.021472609186746983 0.009706795933734913
0 0.8680931012110726 0.4453665657439446 0.014192257785467177 0.013516435986159148
0 0.8878608888408304 0.4198542928200692 0.013854346885813107 0.016557634083045003
0 0.9223278006055362 0.3646058607266436 0.013854346885813107 0.016219723183391044
0 0.9512191825259515 0.308850562283737 0.010813148788927363 0.019598832179930803
0 0.9845034061418685 0.24177524870242212 0.019936743079584707 0.016557634083044975
0 0.9522329152249134 0.18923010380622837 0.01757136678200688 0.014192257785467122
0 0.9042495674740484 0.1922713019031142 0.015543901384083014 0.015543901384083042
0 0.8050938548657718 0.024990824244966438 0.013108221476510029 0.014746749161073824
0 0.7456152999161074 0.02613779362416107 0.015402160234899265 0.014419043624161076
0 0.9530686598557692 0.08934294871794873 0.015024038461538436 0.01283303285256411
0 0.9472781450320513 0.08151792868589745 0.013459034455128194 0.01220703125
0 0.8195206925675675 0.2837309966216216 0.01319679054054057 0.011217271959459485
0 0.8478937922297297 0.3028663429054054 0.015836148648648685 0.011217271959459485
0 0.9568004523633677 0.5351620199409157 0.01529034342688329 0.010385893648448996
0 0.48868791239002934 0.8221797104105572 0.014032716275659829 0.011455278592375384
0 0.6472824572808321 0.7948551263001485 0.011898681277860312 0.011608469539375887
