0 0.005981934245660896 0.903402453271028 0.011473631508678236 0.021643441255006612
0 0.016542890520694273 0.9024897780373831 0.012255924566088117 0.019818090787716902
0 0.026582318090787732 0.903272071094793 0.011473631508678236 0.01408127503337786
0 0.03583945260347131 0.8987086949265687 0.013298981975967957 0.017992740320427192
0 0.04522696929238987 0.896492197930574 0.01382051068090788 0.016688918558077526
0 0.05435372162883846 0.8933630257009345 0.010691338451268358 0.015124332443257726
0 0.0977709863150868 0.8715892022696929 0.013038217623498008 0.016428154205607393
0 0.08955690921228304 0.8773260180240321 0.014342039385847785 0.01590662550066757
0 0.9664062499999999 0.9177734375 0.009375000000000022 0.019140625000000022
0 0.9593750000000001 0.9287109375 0.013281250000000022 0.022265624999999956
0 0.9717016680064309 0.9923005426045016 0.013627913987138252 0.011492664790996754
0 0.9518471348468271 0.9340040344638949 0.009188662472647713 0.015385667396061287
0 0.942765317286652 0.9421242478118161 0.010684491247264782 0.022223741794310747
0 0.9340040344638949 0.9455432850109409 0.008974972647702417 0.017522565645514243
0 0.9193662814551422 0.9607152625820569 0.009188662472647713 0.017095185995623652
0 0.910925533369803 0.9668054225929977 0.007692833698030643 0.016881496170678245
0 0.9021642505470459 0.9728955826039387 0.010684491247264782 0.017949945295404723
0 0.885185917721519 0.9565120648734178 0.016564477848101333 0.01730617088607589
0 0.8771509098101267 0.9624456091772151 0.014833860759493667 0.01730617088607589
0 0.8859770569620253 0.9880340189873418 0.013202136075949333 0.020025712025316444
0 0.8780038568037974 0.991618868670886 0.009617286392405111 0.012856012658227889
