0 0.4020615065028902 0.2296107297687861 0.024272940751445038 0.014676661849710976
0 0.3916184971098266 0.21493406791907513 0.021450505780346796 0.012418713872832388
0 0.22301962209302326 0.04905523255813954 0.01665455426356588 0.010901162790697673
0 0.23028706395348836 0.06555838178294573 0.0178657945736434 0.009387112403100778
0 0.23180111434108527 0.07691375968992248 0.0178657945736434 0.010295542635658905
0 0.2386143410852713 0.09235707364341085 0.016351744186046485 0.007873062015503862
0 0.23982558139534882 0.10401526162790697 0.016351744186046513 0.011809593023255821
0 0.24406492248062017 0.1141593992248062 0.018168604651162795 0.011506782945736427
0 0.2460331879844961 0.12354651162790697 0.015443313953488358 0.007873062015503876
0 0.2507267441860465 0.13202519379844962 0.017562984496124034 0.010901162790697666
0 0.25254360465116277 0.1426235465116279 0.016351744186046513 0.010295542635658905
0 0.2868572767275098 0.07091855443285527 0.016042617340286836 0.009931144067796618
0 0.31792393252933504 0.07792128422425032 0.016042617340286836 0.011204367666232076
0 0.28991301336375486 0.08747046121251631 0.01909835397653198 0.011459012385919162
0 0.29182284876140807 0.09752892764015644 0.02037157757496738 0.00814863102998696
0 0.3749444232723577 0.11274136178861789 0.017069994918699205 0.008336509146341459
0 0.37236407520325204 0.10519880589430894 0.015879065040650397 0.009130462398373992
0 0.36829506478658536 0.09428194867886179 0.01726848323170732 0.007939532520325199
0 0.3659132050304878 0.08425828887195122 0.01806243648373984 0.010519880589430902
0 0.35668349847560976 0.06718829395325203 0.019848831300813052 0.012107787093495935
0 0.35330919715447157 0.04803417174796748 0.019054878048780477 0.011115345528455285
0 0.3510265815548781 0.03711731453252033 0.01726848323170732 0.009130462398373985
0 0.3430870490345529 0.019948075457317076 0.0204442962398374 0.013695693597560978
3 0.6990685096153846 0.823016826923077 0.1169728708791209 0.1953125
