0 0.06398380612864078 0.40293632433252424 0.011377427184466014 0.017066140776699046
0 0.10688618780339806 0.38835899575242716 0.013273665048543687 0.020147527305825252
3 0.5893707275390625 0.2277374267578125 0.04730224609375 0.042724609375
0 0.2731667698019802 0.14321627475247523 0.01353650990099009 0.021271658415841582
0 0.2760580598021583 0.1896428169964029 0.013348696043165464 0.014753821942446038
0 0.28923111510791366 0.18630564298561153 0.011592288669064754 0.02072560701438847
0 0.29450033723021585 0.20685560926258995 0.011592288669064754 0.017564073741007213
0 0.3261981716646267 0.1735579865361077 0.011235847613219108 0.015777998776009772
0 0.33970509485924116 0.19220471236230108 0.011953029375764979 0.02055921052631579
0 0.32155410921625543 0.19356630986937592 0.011622369375907105 0.018142235123367212
0 0.31177431059506533 0.19852707728592164 0.010771952104499272 0.015024038461538436
0 0.5169532370875178 0.2556492109038737 0.010087876614060298 0.01653290889526543
0 0.5363429588607596 0.17699268196202533 0.011619857594936778 0.015328322784810139
0 0.48442444620253167 0.1394135680379747 0.010136471518987333 0.01780063291139239
0 0.1332264072847682 0.22506208609271522 0.009700951986754969 0.016814983443708603
0 0.6106906467013888 0.023396809895833336 0.02237955729166663 0.01627604166666667
