0 0.07189223345588233 0.7042164522058824 0.011776194852941166 0.01780790441176472
0 0.0717486213235294 0.7395450367647058 0.01206341911764705 0.01953125
0 0.3520720108695652 0.8845108695652174 0.00985054347826092 0.015625
0 0.24039613688650305 0.7388623945552146 0.015277511503067498 0.020070456288343475
0 0.22826399539877298 0.6506422546012269 0.011982361963190191 0.01917177914110435
0 0.05364216549295774 0.3444102112676056 0.013204225352112672 0.01870598591549294
0 0.036174075704225345 0.2899427816901408 0.014579665492957743 0.021456866197183122
0 0.05752590388007055 0.05115327380952381 0.019290123456790126 0.012056327160493825
0 0.06165950176366843 0.062520667989418 0.015845458553791894 0.00998952821869488
0 0.044952876984126984 0.06682649911816578 0.01825672398589065 0.011711860670193995
0 0.21460262345679013 0.04426394400352734 0.01033399470899471 0.016878858024691357
0 0.17852555119581465 0.11283749065769805 0.02014433856502243 0.011969824364723464
0 0.2266967955904335 0.12699691704035873 0.01839265695067263 0.018100710014947674
0 0.24291224449685533 0.185946098663522 0.020268278301886794 0.014433470911949686
0 0.24659738600628928 0.1966944280660377 0.020268278301886794 0.010134139150943383
0 0.24306579205974843 0.2407625786163522 0.013819280660377381 0.013512185534591187
0 0.18868685471976399 0.2916724280973451 0.020165007374631255 0.01008250368731567
0 0.27870920907079644 0.3240804756637168 0.011810932890855441 0.01786043510324481
0 0.2517398805831266 0.3758093594913151 0.015993331265508642 0.010177574441687376
0 0.24697438607085345 0.49874194847020936 0.015411131239935594 0.019499798711755334
0 0.2630145430756844 0.5333383655394526 0.020443337359098257 0.011322463768115965
0 0.25924038848631237 0.5209151066827697 0.01100795088566825 0.019185285829307563
0 0.3353525060386473 0.5251610305958132 0.01792723429951687 0.017612721417069266
0 0.25578074677938806 0.4937097423510467 0.012895028180354262 0.016983695652174002
0 0.31522368156199676 0.5237457226247988 0.013524053945249581 0.015411131239935538
0 0.301906779661017 0.6106550141242938 0.0189795197740113 0.009710451977401169
0 0.3629502118644068 0.2672801906779661 0.02151747881355931 0.012248411016949179
0 0.3953919491525424 0.2846596927966102 0.016882944915254272 0.009931144067796605
0 0.48971737132352944 0.29121349060457513 0.010531556372549045 0.016276041666666685
0 0.49434487336601307 0.31706367442810457 0.012127246732026142 0.014999489379085018
0 0.3761915290880503 0.3936959512578616 0.009212853773584884 0.01596894654088049
0 0.40091268671383645 0.3826405267295597 0.010134139150943411 0.015354756289308158
0 0.4217951552672956 0.36866769850628933 0.021803753930817626 0.012590900157232687
0 0.4422169811320754 0.3516239190251572 0.018425707547169823 0.013512185534591215
0 0.41872420400943394 0.3562303459119497 0.015047661163521964 0.009827044025157217
0 0.46263880699685533 0.3462497543238994 0.013819280660377353 0.008905758647798745
0 0.48151662630402386 0.4150055886736215 0.018919988822652778 0.009314456035767527
0 0.5630040322580645 0.6082523826979472 0.012028042521994076 0.021192265395894472
0 0.4410081608280254 0.6770003980891719 0.01666998407643311 0.010947452229299381
0 0.46566873409669207 0.7274520912849872 0.013418416030534341 0.018139710559796463
0 0.4744901001908397 0.7114245388040712 0.011182013358778609 0.01590330788804073
0 0.507042183524173 0.7234762643129771 0.016648775445292585 0.013666905216284997
0 0.5075679955290611 0.7065189549180327 0.018628912071534998 0.01309845380029806
0 0.4742085152838428 0.8246053948326055 0.01876364628820959 0.010519013828238721
0 0.4976630731441048 0.839104576055313 0.021322325327510883 0.010519013828238721
0 0.5205592105263158 0.8804806527008311 0.009468057479224301 0.015689923822714724
0 0.5978130016051364 0.7355976625200642 0.020691211878009708 0.011599618780096299
0 0.6522936698717948 0.5397524928774928 0.011407140313390407 0.017806267806267817
0 0.6869324252136751 0.6168202457264957 0.01891915954415957 0.01446759259259267
0 0.7454465334900118 0.5904129333137486 0.01744271445358403 0.010786941833137442
0 0.6934306569343065 0.8043453467153283 0.010834854014598605 0.018248175182481785
0 0.6975181202471483 0.8265506178707225 0.013738711977186346 0.010396863117870803
0 0.7036769034536892 0.8816657672684458 0.012264521193092626 0.018703394819466257
0 0.7706718504709575 0.9885204081632653 0.011957908163265363 0.017783555729984246
0 0.7791037087912088 0.9846877452904239 0.011651295133437989 0.015024038461538436
0 0.7594941379892038 0.7388031376518219 0.01924131241565452 0.011597503373819151
0 0.7092822199730094 0.7530364372469636 0.020032051282051322 0.011070344129554655
0 0.7330043859649122 0.7463151568825911 0.02003205128205121 0.012388242240215952
0 0.8940113534172662 0.7139210506594724 0.014285446642685828 0.01007006894484408
0 0.9229560165534805 0.6303188667232598 0.01160600594227501 0.025864813242784446
0 0.8947700021222411 0.5903610462648556 0.01956441001697795 0.0122692062818337
0 0.8823349957555178 0.4726429859932088 0.009948005093378565 0.017574808998302216
0 0.9896076506791172 0.5089532045840407 0.014258807300509324 0.01989601018675713
0 0.8941948997064579 0.5008943860078278 0.012613136007827763 0.0194930283757338
