0 0.03707510964912283 0.04180372807017543 0.01507675438596491 0.01781798245614035
0 0.045929538216560525 0.25057225318471343 0.011196257961783439 0.017416401273885385
0 0.057699446544276445 0.27115112041036715 0.010124190064794814 0.01687365010799141
0 0.12757181677018634 0.28790599120082816 0.015770574534161516 0.008896221532091131
0 0.15608016304347827 0.29336503623188404 0.00970496894409939 0.019814311594202938
0 0.16720043995859213 0.2751682194616977 0.01010934265010352 0.018196816770186364
0 0.12900098074179744 0.23236893723252497 0.010030313837375182 0.018946148359486437
0 0.13781031686626746 0.14073415668662675 0.00896644211576847 0.01793288423153694
0 0.2616525423728814 0.2708313270416025 0.014746244221879812 0.017454738058551633
0 0.2142693014705882 0.07333792892156862 0.011871936274509803 0.021063112745098034
0 0.19916151556776557 0.11170014880952381 0.014308608058608063 0.011089171245421248
0 0.280978087860781 0.1277788094227504 0.012932406621392167 0.020227610356536488
0 0.33469731536502545 0.10937499999999997 0.02155401103565363 0.010611205432937185
0 0.3550907258064516 0.11932300509337859 0.00994800509337862 0.020559210526315777
0 0.39040798611111105 0.21664186507936506 0.008990575396825407 0.019221230158730146
0 0.37258184523809523 0.2327628968253968 0.015500992063492036 0.013640873015872995
0 0.3663878509963768 0.2489172894021739 0.017337522644927494 0.01167629076086954
0 0.35306902629573167 0.22995665015243905 0.01726848323170732 0.011611566310975596
0 0.35723728086890244 0.2204292111280488 0.014291158536585358 0.012802496189024404
0 0.37093297446646345 0.21224156821646345 0.009527439024390294 0.015482088414634138
0 0.4040620417888563 0.21161336143695017 0.010309750733137835 0.014891862170087977
0 0.5693732923497268 0.02826161202185794 0.014586179417122036 0.02027834699453552
0 0.006427143895348844 0.3724639656007752 0.012854287790697689 0.010552931201550375
0 0.017034715221774188 0.4444776965725806 0.010631930443548387 0.01732610887096775
0 0.08240139868951613 0.467316658266129 0.01063193044354839 0.01732610887096775
0 0.07541902434842249 0.48506622942386834 0.010984653635116595 0.014735510973936938
0 0.018680383663366322 0.4949721534653465 0.011215965346534653 0.01933787128712877
0 0.06567141089108909 0.5750309405940595 0.017790841584158418 0.010829207920792006
0 0.06654028799019607 0.6990719464869282 0.00989328022875817 0.019467422385620936
0 0.04739200367647059 0.7104013480392157 0.00989328022875817 0.0159569035947712
0 0.03622217116013072 0.7108800551470589 0.010531556372549017 0.01691431781045749
0 0.09245685034305318 0.787273531303602 0.013400514579759867 0.022110849056603765
0 0.10384728773584906 0.8070392903087479 0.012730488850771868 0.019430746140651767
0 0.1855904266723842 0.89732525728988 0.018090694682675823 0.019095733276157767
0 0.3052142285925197 0.9899921567421259 0.010665292814960647 0.016109436515748032
0 0.41778035802165353 0.9917222871555118 0.008189283956692939 0.012649175688976388
0 0.4309870201771654 0.9765548105314961 0.009996309055118113 0.017685777559055094
0 0.5057671013779528 0.9507950910433071 0.018070250984251912 0.01922367125984259
0 0.5728849085365854 0.9778010670731707 0.012068089430894213 0.013973577235772305
0 0.5990853658536586 0.9778010670731707 0.011115345528455278 0.020325203252032464
0 0.6092479674796748 0.9801829268292683 0.00984502032520318 0.01619664634146345
0 0.17447916666666669 0.6933769707207207 0.016891891891891914 0.008797860360360343
0 0.17535895270270271 0.7049901463963965 0.017947635135135143 0.009501689189189255
0 0.17870213963963966 0.7146677927927929 0.015484234234234256 0.007742117117117142
0 0.1778223536036036 0.734375 0.013724662162162171 0.009149774774774744
0 0.2157772288602941 0.8211023667279411 0.010052849264705899 0.015797334558823595
0 0.23731904871323528 0.8771110983455881 0.01938763786764705 0.020823759191176516
0 0.2532958984375 0.8887795840992646 0.01615636488970587 0.016874425551470562
0 0.26622099034926466 0.8930879480698528 0.01184800091911764 0.021182789522058765
0 0.30050838694852944 0.6715662339154411 0.00933478860294118 0.01759248621323528
0 0.3229477826286764 0.6654627182904411 0.010411879595588258 0.018310546875
0 0.33282458897485495 0.7415830512572534 0.0219112669245648 0.009822292069632477
0 0.4292989941229656 0.7452249095840867 0.018718919529837286 0.009889240506329111
0 0.4088160940545809 0.7478527046783626 0.016751949317738823 0.008756700779727122
0 0.40596064814814814 0.8860562865497076 0.014086866471734905 0.016371223196881113
0 0.44974415204678364 0.8750152290448343 0.009518153021442488 0.015609770955165692
0 0.5912873641304348 0.8755283816425121 0.023116696859903363 0.0141530797101449
0 0.5474128170289855 0.7448482789855072 0.020286080917874427 0.008491847826086918
0 0.5654526446654611 0.6804150655515371 0.01695298372513565 0.02013166817359857
0 0.5746355108499095 0.6650514240506329 0.022603978300180905 0.016246609403254952
0 0.6850961538461537 0.7703993055555555 0.009348290598290565 0.014356303418803451
0 0.7074652777777777 0.7054620726495726 0.010683760683760646 0.01602564102564108
0 0.7538753461234178 0.6310324367088608 0.01576097705696211 0.017924248417721556
0 0.7628374703322784 0.6381403283227849 0.012052511867088556 0.012361550632911444
0 0.7419773536392406 0.6481840882120253 0.009271162974683556 0.018233287183544222
0 0.7359510977056962 0.667344491693038 0.013906744462025333 0.021941752373417778
1 0.5875843170320405 0.7509485666104554 0.019761804384485604 0.03688870151770651
0 0.5415598551432292 0.5788167317708334 0.011444091796875 0.01627604166666674
0 0.5236307779947917 0.566864013671875 0.01678466796875 0.01881917317708337
0 0.5017598470052084 0.5570729573567709 0.011189778645833315 0.019073486328125
0 0.5128224690755209 0.5621592203776042 0.00890096028645826 0.017547607421875
0 0.4317757468553459 0.595457448899371 0.01044123427672955 0.01842570754716988
0 0.41964548938679247 0.6006780660377358 0.011362519654088021 0.019654088050314544
0 0.21621607019363764 0.63182918395574 0.018639782157676338 0.011886237897648644
0 0.2600437295417348 0.42690645458265136 0.018220642389525366 0.016942000818330638
0 0.3667476741412214 0.38445252862595425 0.009691078244274842 0.014536617366412208
0 0.4619811545801527 0.3100921397900763 0.012300214694656475 0.02012762404580154
0 0.4550855796755725 0.3028238311068703 0.011182013358778609 0.012300214694656475
0 0.4910543893129771 0.2912690839694657 0.01677302003816794 0.01230021469465653
0 0.549387225667939 0.312887643129771 0.017891221374045863 0.013791149809160297
0 0.6360275844930416 0.4527522365805169 0.020967942345924473 0.010095675944334026
0 0.365407861747851 0.620181545487106 0.016789040114613185 0.009233972063037221
0 0.2348033805762082 0.7016656017657994 0.020329925650557606 0.011617100371747235
0 0.5241105128774423 0.2476201709591474 0.011795071047957295 0.015264209591474204
0 0.7242798068383659 0.28872946269982236 0.01665186500888094 0.011448157193605701
0 0.7274020315275311 0.2814442717584369 0.01665186500888105 0.011448157193605646
0 0.6886336067467652 0.3527033271719039 0.018412084103512028 0.012996765249537856
0 0.5252824935121108 0.18906114835640137 0.01115105968858121 0.01723345588235295
0 0.5146383001730104 0.18500621756055363 0.010813148788927363 0.017909277681660896
0 0.5114615237366003 0.16420606814701377 0.010169410413476299 0.0131604134762634
0 0.588479852603369 0.18334848774885146 0.01704871745788672 0.0131604134762634
0 0.6080709226646248 0.19262059724349156 0.019740620214395044 0.013758614088820842
0 0.7821709857723578 0.2143356199186992 0.015243902439024404 0.019054878048780477
0 0.7605754573170731 0.18591209349593496 0.021595528455284563 0.013655995934959336
0 0.7396150914634146 0.17082698170731708 0.019054878048780477 0.012703252032520318
0 0.734375 0.15256605691056913 0.01810213414634143 0.014291158536585358
0 0.7169080284552845 0.15097815040650409 0.020642784552845517 0.009845020325203235
0 0.6506923272357723 0.12334857723577237 0.021595528455284563 0.016831808943089416
0 0.5936429794520548 0.06552630327245056 0.01605308219178081 0.012188451293759513
0 0.789995957001522 0.1443053177321157 0.013377568493150749 0.013377568493150693
0 0.8056640625 0.1371912802419355 0.011655745967741993 0.02047631048387097
0 0.8843005952380952 0.1253720238095238 0.012648809523809534 0.017113095238095233
0 0.8995535714285714 0.11867559523809523 0.013392857142857095 0.01785714285714285
0 0.9790736607142857 0.22446986607142855 0.01953125 0.016462053571428575
0 0.9524274553571429 0.17885044642857142 0.009765625 0.0161830357142857
0 0.9434988839285714 0.17843191964285715 0.010881696428571397 0.018136160714285726
0 0.6383463541666666 0.4712330426356589 0.021575218023255793 0.009841327519379828
0 0.8101465114265929 0.8976584141274239 0.01082063711911363 0.020829726454293596
0 0.8869652609223302 0.8912317961165048 0.010429308252427272 0.018962378640776767
0 0.8401913936084142 0.9468547734627832 0.009797228964401383 0.015801982200647213
0 0.962182696197411 0.8711632787216829 0.01864633899676371 0.007900991100323607
0 0.9645529935275081 0.8631042677993528 0.02085861650485432 0.011377427184465994
0 0.919359324433657 0.8131700040453075 0.01769822006472488 0.01706614077669899
0 0.910668234223301 0.8307102042880259 0.0192784182847896 0.013589704692556603
0 0.901111577181208 0.7182518875838926 0.017040687919463116 0.015729865771812013
0 0.9646231785063752 0.670409266848816 0.015297700364298672 0.013163137522768653
0 0.7603832799145298 0.5881632834757834 0.015580484330484423 0.016693376068376065
0 0.694305332977208 0.492454594017094 0.015858707264957306 0.01669337606837612
0 0.7531494836182335 0.5453169515669516 0.015024038461538436 0.018362713675213693
0 0.7417423433048432 0.5301538016381766 0.01446759259259256 0.015858707264957195
0 0.8375957585949177 0.5998049794469358 0.012261771300448476 0.016057081464872947
0 0.8165755792227204 0.5640414798206277 0.020436285500747386 0.01634902840059793
0 0.7609233138780804 0.522039153696498 0.01874594682230868 0.011146238651102536
0 0.758723764858841 0.4714141437592868 0.013639951708766751 0.013639951708766695
0 0.8606053149606299 0.39723794291338577 0.02091535433070868 0.011380413385826793
0 0.8785986712598425 0.412463090551181 0.014456200787401619 0.01045767716535434
0 0.9025898129921259 0.42507381889763773 0.022453248031496065 0.014148622047244097
0 0.8567605807086613 0.4295337106299212 0.01507135826771644 0.011995570866141725
0 0.9911494217519685 0.4483267716535433 0.013794906496063075 0.009596456692913424
0 0.9929948941929134 0.44032203494094485 0.010103961614173262 0.013887180118110298
0 0.8026450552591463 0.29709532202743905 0.01607755335365857 0.01131383384146345
0 0.7588944469424461 0.167863365557554 0.01861791816546765 0.012646133093525164
