0 0.1369253778337532 0.11946040617128466 0.015251102015113344 0.015743073047858963
0 0.1295458123425693 0.12659398614609574 0.014267159949622188 0.016235044080604555
0 0.1723472921914358 0.16324582808564234 0.019186870277078077 0.017710957178841302
0 0.16324582808564234 0.16742758186397988 0.01672701511335012 0.018202928211586894
0 0.15685020465994964 0.17505313287153657 0.01672701511335012 0.019678841309823697
0 0.1420910736775819 0.18563051007556677 0.017710957178841302 0.019186870277078105
0 0.10322536209068012 0.2149027865239295 0.017710957178841302 0.01967884130982367
0 0.14086114609571793 0.2139188444584383 0.01426715994962216 0.01672701511335012
0 0.13372756612090683 0.220314467884131 0.012791246851385385 0.015743073047858935
0 0.12462610201511337 0.22498819269521414 0.015251102015113371 0.019186870277078077
0 0.11749252204030228 0.22867797544080606 0.013775188916876568 0.01967884130982367
0 0.08231659319899245 0.23531958438287154 0.016235044080604527 0.016235044080604527
0 0.09510784005037784 0.2498327298488665 0.017218986146095724 0.017710957178841302
0 0.0857603904282116 0.255244411209068 0.01918687027707809 0.015743073047858908
0 0.10814507241813603 0.14430494332493704 0.01672701511335012 0.016235044080604527
0 0.10027353589420657 0.15070056675062976 0.015743073047858935 0.016235044080604527
0 0.09313995591939547 0.15439034949622168 0.01328321788413099 0.015743073047858935
0 0.08502243387909322 0.1649677267002519 0.0186948992443325 0.018202928211586894
0 0.06829541876574309 0.17382320528967254 0.014759130982367752 0.01426715994962216
0 0.062145780856423194 0.18144875629722923 0.016235044080604527 0.01771095717884133
0 0.03705525818639801 0.1984217569269522 0.014267159949622164 0.01721898614609571
0 0.027707808564231762 0.20383343828715367 0.01525110201511335 0.016235044080604527
0 0.016638460327455945 0.21637869962216627 0.015743073047858942 0.01672701511335012
0 0.173383353960396 0.35902691831683164 0.014310024752475253 0.01585705445544555
0 0.07630724009900988 0.47602103960396036 0.021271658415841582 0.012376237623762332
0 0.2372127553285968 0.7117909080817051 0.0076321047957371435 0.013876554174067413
0 0.24692634325044405 0.7093625111012434 0.010407415630550615 0.01734569271758446
0 0.2719041407637655 0.7027711478685612 0.010407415630550587 0.020121003552397876
0 0.283525754884547 0.6996489231793961 0.012835812611012465 0.020121003552397876
0 0.3031263876554174 0.6927106460923623 0.013182726465364114 0.021508658969804584
0 0.24189609236234458 0.7641749000888098 0.011448157193605701 0.01595803730017764
0 0.25299733570159855 0.7627872446714032 0.014223468028419173 0.020814831261101285
0 0.26253746669627 0.7577569937833037 0.01179507104795735 0.016304951154529346
0 0.27207759769094136 0.7544613121669627 0.011448157193605701 0.01665186500888094
0 0.2800566163410302 0.7515125444049733 0.010754329484902292 0.015611123445825936
0 0.2902905750444049 0.7492576043516874 0.009019760213143824 0.01665186500888105
0 0.29896342140319715 0.747349578152753 0.011101243339253997 0.017692606571936054
0 0.30659552619893427 0.7440538965364121 0.01179507104795735 0.019427175843694466
0 0.31561528641207814 0.7400643872113677 0.01179507104795735 0.01908026198934276
0 0.32671652975133214 0.7371156194493783 0.009713587921847233 0.020814831261101174
0 0.31058503552397865 0.6888945936944937 0.012141984902309055 0.01665186500888105
0 0.3366035746003552 0.735207593250444 0.011448157193605701 0.02046791740674958
0 0.3471844471580817 0.7300038854351687 0.010407415630550643 0.016304951154529346
0 0.31995170959147423 0.6861192828596803 0.009366674067495584 0.01734569271758435
0 0.33001221136767317 0.6847316274422734 0.010754329484902292 0.01595803730017764
0 0.33920542850799285 0.6805686611900532 0.010407415630550643 0.019427175843694466
0 0.3497863010657193 0.6772729795737122 0.010060501776198938 0.014917295737122638
0 0.3575918627886323 0.6738038410301954 0.010407415630550587 0.01908026198934276
0 0.3676523645648312 0.6720692717584369 0.009713587921847233 0.016998778863232644
0 0.37840669404973354 0.6691205039964476 0.00832593250444047 0.019427175843694466
0 0.3870795404085257 0.664263710035524 0.00901976021314388 0.01665186500888094
0 0.3969665852575488 0.662008769982238 0.010060501776198938 0.017692606571936054
0 0.3555103796625222 0.727575488454707 0.007632104795737116 0.015611123445825936
0 0.3652239675843694 0.7260143761101243 0.010407415630550587 0.013876554174067524
0 0.3733764431616341 0.7216779529307282 0.009366674067495528 0.016304951154529235
0 0.38361040186500883 0.7178619005328597 0.009713587921847233 0.014917295737122527
0 0.39228324822380106 0.7145662189165186 0.00901976021314388 0.013876554174067524
0 0.4007826376554174 0.7135254773534636 0.011448157193605701 0.01734569271758435
0 0.4120573379218472 0.7112705373001775 0.010407415630550643 0.015611123445825936
0 0.22056457379862698 0.8297429204805492 0.01117348398169335 0.016536756292906185
0 0.24090031464530892 0.8203571939359268 0.009832665903890148 0.016536756292906185
0 0.29497997711670476 0.8029265589244852 0.011620423340961084 0.01832451372997712
0 0.32112592963386727 0.794658180778032 0.011173483981693377 0.01787757437070947
1 0.4972200371853547 0.9857247568649885 0.03977760297482841 0.01564287757437066
