0 0.2495358394526035 0.19334112149532712 0.017210447263017375 0.010691338451268378
0 0.26883240153538057 0.18786507009345793 0.01877503337783709 0.013820510680907866
0 0.3188991572096128 0.22228596461949265 0.011995160213618183 0.021643441255006668
0 0.33154622830440594 0.21980870327102803 0.012777453271028028 0.019296562082777052
1 0.37392043558077437 0.194123414552737 0.023468791722296378 0.044069175567423235
1 0.3883928571428572 0.1926892106141522 0.021121912550066735 0.043286882510013336
1 0.39999687082777036 0.18603971962616822 0.01877503337783709 0.0357247162883845
1 0.41381738150867825 0.181085196929239 0.0229472630173565 0.041461532042723626
1 0.2916988377763329 0.12584830136540961 0.018540718465539674 0.026160191807542255
1 0.3051599073472041 0.1217845822496749 0.01549292912873862 0.024128332249674908
1 0.31874796814044215 0.11733988946684004 0.01727080624187255 0.02489027958387517
1 0.33195505526658 0.11391112646293888 0.015238946684005217 0.023620367360208075
1 0.34452718628088425 0.10984740734720416 0.016508858907672286 0.02463629713914174
1 0.35748029096228867 0.10565669700910273 0.019048683355006535 0.026414174252275685
1 0.36967144830949283 0.09994209200260078 0.016508858907672286 0.02514426202860859
0 0.7610371609237536 0.26402126099706746 0.011168896627565927 0.020046737536656867
0 0.8123480058365758 0.43122264105058367 0.012159533073929918 0.01798597600518803
0 0.8928250718390804 0.9584904813218389 0.019755747126436796 0.010102370689655138
0 0.8350170617816091 0.9614089439655171 0.022674209770114917 0.01100035919540221
