0 0.6473214285714286 0.1450892857142857 0.01913265306122447 0.020727040816326536
1 0.5169802295918366 0.02551020408163265 0.026307397959183576 0.033482142857142856
0 0.7298309948979591 0.31050701530612246 0.015146683673469385 0.019929846938775475
0 0.8199139030612245 0.2706473214285714 0.013552295918367374 0.021524234693877542
0 0.8434311224489794 0.08729272959183673 0.014349489795918324 0.015146683673469385
0 0.8872767857142856 0.19052933673469385 0.011160714285714302 0.020727040816326536
0 0.9422831632653061 0.16262755102040816 0.011160714285714302 0.020727040816326536
0 0.7557397959183674 0.15306122448979592 0.014349489795918324 0.019132653061224497
0 0.6289859693877551 0.09446747448979591 0.02072704081632648 0.016741071428571425
0 0.667251275510204 0.35873724489795916 0.022321428571428603 0.014349489795918324
0 0.34956951530612246 0.09207589285714285 0.018335459183673464 0.013552295918367346
0 0.3447863520408163 0.10881696428571427 0.011957908163265307 0.016741071428571425
0 0.714214777542373 0.4042803230932204 0.013241525423728806 0.015724311440677985
