0 0.03599877450980392 0.12503829656862744 0.012254901960784312 0.017999387254901966
0 0.16410079656862744 0.09823069852941176 0.017999387254901966 0.011106004901960786
0 0.17367493872549017 0.048062193627450976 0.01723345588235295 0.013403799019607837
0 0.21656709558823528 0.07448682598039215 0.018765318627450983 0.015701593137254888
0 0.10357722634508346 0.49365868506493504 0.020292207792207792 0.011233186456400757
0 0.11879638218923931 0.5208357490723563 0.019567486085343228 0.011957908163265363
0 0.11843402133580702 0.53333719851577 0.0181180426716141 0.013044990723562133
0 0.12172092288242731 0.5428403524020229 0.018765802781289517 0.010617493678887535
0 0.041568307853717026 0.5351187799760191 0.01615894784172662 0.010772631894484408
0 0.011358101019184651 0.43289587080335734 0.01896919964028777 0.010538444244604317
0 0.03419139688249401 0.43640868555155876 0.017329886091127098 0.01007006894484408
0 0.013348696043165468 0.44167790767386095 0.01967176258992806 0.009367505995203806
0 0.01721279226618705 0.4498744754196643 0.019437574940047962 0.00796238009592326
0 0.015573478717026377 0.4607642011390888 0.019437574940047962 0.011475194844124681
0 0.0371187425059952 0.4566659172661871 0.01803244904076739 0.008430755395683442
0 0.021662357613908875 0.4703658947841727 0.01662732314148681 0.009133318345323715
0 0.02072560701438849 0.48008468225419665 0.020842700839328536 0.00889913069544368
0 0.040748651079136694 0.46544795413669066 0.014051258992805758 0.008196567745803351
0 0.04238796462829736 0.4751667416067147 0.016861510791366906 0.008430755395683442
0 0.0398119004796163 0.48711031175059955 0.016861510791366906 0.010772631894484408
0 0.018266636690647483 0.4916769709232614 0.01779826139088729 0.01007006894484408
0 0.07065526697019867 0.8604744412251655 0.02101872930463576 0.011641142384105962
0 0.07291882243377483 0.8855352338576159 0.01261123758278146 0.023605649834437026
1 0.02021031663907285 0.8640314569536424 0.031366411423841056 0.0135813327814569
0 0.0900571709437086 0.8881221543874173 0.011317777317880792 0.021018729304635775
0 0.10169831332781457 0.8902240273178808 0.009377586920529798 0.02004863410596025
0 0.120130122102649 0.8931343129139073 0.010671047185430452 0.02198882450331119
0 0.12886097889072848 0.8929726303807947 0.008084126655629131 0.021018729304635775
1 0.20598354718543047 0.8312099027317881 0.016168253311258263 0.02489911009933765
0 0.39184002543604657 0.9603186319040697 0.021291333575581384 0.013626453488372103
0 0.305357525728988 0.7157482847341338 0.01440555317324188 0.019765759005145878
0 0.39789445823598135 0.8666672751168225 0.014146466121495338 0.01665632301401876
0 0.4680563668224299 0.8997517523364487 0.02213237441588789 0.016199985397196248
0 0.37396036330734966 0.6925937847995545 0.014572313474387477 0.008917385857461047
0 0.40810742622494434 0.6928112820155902 0.02022724109131402 0.010657363585746094
0 0.22612311385459533 0.32578875171467764 0.016075102880658443 0.010180898491083723
1 0.21094376001602566 0.3344225761217948 0.013772035256410242 0.02159705528846151
0 0.32504295875959077 0.25161345108695654 0.015235374040920735 0.01073968989769819
0 0.3296635230179028 0.26447610294117646 0.018482257033248073 0.013986572890025584
0 0.34040321291560105 0.28320812020460356 0.020979859335038376 0.014486093350383644
0 0.34065297314578 0.3008162164322251 0.018482257033248073 0.012737771739130432
0 0.34652233855498726 0.3098075847186701 0.013237292199488493 0.01024016943734013
0 0.3506433823529412 0.3195482336956522 0.013986572890025584 0.013237292199488493
0 0.35888546994884907 0.32766544117647056 0.01548513427109971 0.012488011508951402
0 0.36800171835038364 0.3337845668158568 0.014735853580562674 0.012238251278772427
0 0.4715014674493062 0.5016216982390608 0.012089781216648887 0.010630669690501637
0 0.47671258004268935 0.509542589381003 0.013340448239060831 0.012298225720384193
0 0.582800789614561 0.6581863958779444 0.020074946466809407 0.009828359207708748
0 0.5771547109207709 0.6494036067987152 0.023838998929336164 0.009828359207708859
0 0.5834281316916488 0.6326744847430408 0.012965069593147693 0.01735646413276226
0 0.6058033324411134 0.6230552395610278 0.012546841541755893 0.020702288543897218
0 0.6404117036937902 0.6268192920235546 0.01108304336188437 0.019029376338329795
0 0.6365430942184154 0.6568271547109208 0.015474437901498939 0.013801525695931405
0 0.6151152820121952 0.4406440548780488 0.012147484756097504 0.013814786585365835
0 0.5995141006097562 0.45314881859756106 0.013814786585365835 0.01214748475609756
0 0.5914157774390245 0.46529630335365857 0.013814786585365835 0.01214748475609756
0 0.5711699695121952 0.461008955792683 0.012862042682926789 0.013576600609756073
0 0.5864138719512195 0.4518387957317074 0.014291158536585358 0.014291158536585358
0 0.5935594512195121 0.4320693597560976 0.014291158536585358 0.016196646341463394
0 0.5380721830985915 0.420196963028169 0.015404929577464754 0.011828785211267567
0 0.5221170774647887 0.4008032570422535 0.014304577464788637 0.01540492957746481
0 0.5424735915492958 0.3885618397887324 0.017055457746478875 0.020081426056338003
0 0.5558146766169154 0.3776689469320066 0.0129560530679933 0.014251658374792753
0 0.5889458678909953 0.38553391587677727 0.018513033175355464 0.016198904028436045
1 0.5558538210900474 0.439684537914692 0.017124555687203724 0.01805020734597157
0 0.45759624376558605 0.2727556109725686 0.010715399002493742 0.017534289276807946
0 0.47537406483790523 0.18703241895261846 0.015098971321695742 0.016560162094763076
0 0.4484241715879265 0.22363537565616798 0.015635252624671914 0.011021571522309703
0 0.44355417486876636 0.19941354986876642 0.010508940288713908 0.02153051181102364
0 0.42696220930232553 0.17229893410852715 0.01392926356589147 0.018168604651162795
0 0.534320809248555 0.2945267341040463 0.01061235549132944 0.010612355491329495
0 0.47854512839879154 0.5481731495468278 0.012391427492447149 0.016521903323262754
0 0.458837959688826 0.10730308521923623 0.012155233380480912 0.014089020509193764
0 0.44350579031117393 0.087136448019802 0.015194041725601126 0.01740408415841585
0 0.5324959590517242 0.9185748922413792 0.013133081896551713 0.014143318965517238
0 0.721719090785169 0.9314084651035988 0.015974304798255234 0.009371592148309627
