0 0.007742971278317153 0.07616555420711973 0.012957625404530744 0.016434061488673143
0 0.02006851739482201 0.06304990898058252 0.012957625404530746 0.0161180218446602
0 0.05720317556634305 0.049302184466019416 0.014537823624595471 0.013273665048543694
0 0.0850146642394822 0.052620600728155345 0.01833029935275081 0.013589704692556638
0 0.07900991100323626 0.11092991504854369 0.020226537216828475 0.01390574433656959
0 0.07584951456310679 0.1396895226537217 0.020858616504854363 0.012641585760517798
0 0.1447461569579288 0.08074812904530745 0.01200950647249191 0.018014259708737865
0 0.14806457322006472 0.10318694377022655 0.011061387540453077 0.018014259708737865
0 0.1419018001618123 0.16513071399676377 0.018330299352750823 0.010429308252427189
0 0.2509354773462783 0.17824635922330095 0.022122775080906154 0.011377427184466021
0 0.24398260517799356 0.1357390271035599 0.018330299352750823 0.0097972289644013
0 0.15487064169139464 0.08271513353115728 0.008983215875370903 0.014778839020771511
0 0.12284982381305638 0.005488455118694378 0.01506862017804153 0.010432121661721068
0 0.29172030362215906 0.02039129083806818 0.01081986860795453 0.019697709517045456
0 0.31016956676136365 0.005132501775568182 0.02163973721590906 0.0091552734375
0 0.027584471288515447 0.18309589460784315 0.008206407563025212 0.01778054971988796
0 0.055896577380952425 0.1679140406162465 0.02051601890756303 0.014224439775910369
0 0.09127745186522265 0.26026624548736466 0.018567614320096265 0.014337018652226252
0 0.601879222972973 0.22515484234234234 0.0193552927927928 0.0147804054054054
0 0.6330236486486487 0.26157798423423423 0.016188063063063085 0.011613175675675658
0 0.6129645270270271 0.20052083333333331 0.017595720720720687 0.0147804054054054
0 0.6166596283783784 0.19066722972972971 0.015132319819819884 0.013372747747747743
0 0.6594172297297298 0.2167088963963964 0.015484234234234173 0.010557432432432456
0 0.6404138513513513 0.1584670608108108 0.0182995495495496 0.010205518018018028
0 0.6949334977360933 0.22838171086675293 0.017434104139715356 0.013138745148771003
0 0.7147679495472186 0.23899377425614493 0.012633408796895229 0.01869744501940493
0 0.8531037758732212 0.30317149094437257 0.010864731565329966 0.015160090556274208
0 0.8627051665588616 0.30696151358344115 0.012380740620957398 0.015665426908150037
0 0.8894879932082794 0.3262906290426908 0.012886076972833171 0.018444776843467015
0 0.900858061125485 0.3446090717981889 0.018950113195342788 0.012633408796895174
0 0.9372536599099099 0.24647499061561562 0.021114864864864913 0.01319679054054057
0 0.7992738832582583 0.16480152027027029 0.014956362612612573 0.017009196696696677
0 0.9932546527133581 0.22184999710111317 0.009584444573283779 0.013331255797773667
0 0.8356862557427258 0.09541299770290965 0.017347817764165385 0.008374808575803985
0 0.83703220712098 0.08404718606431852 0.016450516845329277 0.008374808575803985
0 0.7863347052067381 0.04292089395099541 0.02093702143950993 0.011664911944869828
0 0.8280591979326186 0.047856049004594184 0.01764691807044405 0.010169410413476264
0 0.8279096477794793 0.036490237366003056 0.014356814701378173 0.009571209800918835
0 0.9216503594249201 0.06926417731629393 0.016224041533546285 0.014352036741214054
0 0.13543534791965567 0.4572666337876614 0.011488970588235281 0.021857065997130554
0 0.15659186692969873 0.5402113970588235 0.010648314203730275 0.019054878048780477
0 0.16177591463414634 0.5629091194404591 0.014851596126255362 0.021296628407460494
0 0.11063598457675751 0.48458796628407463 0.016813127690100432 0.0081263450502152
0 0.10510598051409618 0.519537728026534 0.021053586235489224 0.01036484245439473
0 0.06116048511293634 0.6519106134496919 0.016443146817248455 0.008422099589322385
0 0.05955627566735113 0.6681532340862423 0.014036832648870637 0.010427361396303958
0 0.14529263771186443 0.8159759004237288 0.013241525423728806 0.010593220338983023
0 0.04473586309523811 0.9604957217261905 0.011393229166666664 0.017206101190476164
0 0.055315290178571445 0.9584030877976191 0.00883556547619048 0.01627604166666663
0 0.04926990327380954 0.9772367931547619 0.01069568452380952 0.01767113095238093
0 0.14715866815476192 0.9739815848214286 0.010695684523809507 0.017206101190476164
0 0.23024326188455008 0.7876631472835314 0.011606005942275038 0.017574808998302105
0 0.19384620734421365 0.6621325574925816 0.00985255934718099 0.017386869436201824
0 0.20242086909871243 0.7456075643776824 0.012573766094420596 0.008103093705293274
0 0.1878107853223594 0.6411286865569272 0.012324245541838141 0.016610939643347034
0 0.23882222347122303 0.5848344761690647 0.010538444244604317 0.017564073741007102
0 0.1831185821484992 0.6078384182464455 0.012033471563981019 0.013576224328593955
0 0.19175799763033174 0.6008960308056872 0.02005578593996843 0.010182168246445467
0 0.3453023914048059 0.6137216959334566 0.014801871534195932 0.012274722735674648
0 0.49592278680371354 0.7142894147877984 0.014246933023872699 0.009066230106100859
0 0.5104287549734747 0.7194701177055702 0.01735535477453587 0.011138511273209528
0 0.556079761402027 0.6106814822635136 0.018145586993243312 0.011877111486486513
0 0.29328946018062396 0.4647090517241379 0.010583435960591137 0.01988403119868637
0 0.3224740866174056 0.4709629002463054 0.014431958128078792 0.010583435960591137
0 0.3645233294930875 0.5379344278033794 0.018001152073732707 0.01440092165898621
0 0.3829745103686636 0.5163330453149002 0.017101094470046097 0.010200652841781843
0 0.18205054012345678 0.3975143298059965 0.016878858024691357 0.009645061728395077
0 0.18153384038800705 0.40974289021164023 0.013089726631393295 0.007922729276895968
0 0.3804068572496263 0.47368390321375187 0.016349028400597876 0.01313761210762332
0 0.39296057548579966 0.45952447683109116 0.009926195814648764 0.019852391629297417
0 0.4422996076233183 0.4396720852017937 0.019852391629297472 0.01634902840059793
0 0.41500256913303435 0.4637577073991031 0.01255371823617335 0.017808763079222745
0 0.35769274635036497 0.4623346259124087 0.00883895985401456 0.016252281021897796
0 0.3481409671532847 0.4641879562043795 0.00855383211678834 0.015396897810219023
0 0.5125558035714286 0.3836495535714286 0.015625 0.015066964285714246
0 0.5192522321428572 0.4002511160714286 0.010044642857142905 0.018136160714285754
0 0.6317096227399165 0.38166072670375517 0.01711361265646727 0.012495653685674568
0 0.5800971401251738 0.44631215229485394 0.019830059109874898 0.013582232267037586
0 0.5804772073748309 0.5327723274695535 0.015064698917456099 0.012157476319350491
0 0.5449607580398161 0.7055776225114854 0.011365811638591183 0.015553215926493169
0 0.5682905819295558 0.7073722243491577 0.011365811638591183 0.01854421898928016
0 0.42999341114457834 0.4613689131526104 0.016864332329317222 0.009020456827309231
0 0.43234223300970875 0.8582056533171522 0.019594457928802544 0.009797228964401272
0 0.26494021532012196 0.8961330506859755 0.010122903963414642 0.015482088414634165
0 0.2857814881859756 0.8851169493140243 0.019054878048780532 0.01310022865853655
0 0.38075814596036583 0.8872010766006098 0.010122903963414587 0.01786394817073167
0 0.46055044778963417 0.9382621951219512 0.016673018292682917 0.0104206364329269
0 0.39517631880733944 0.9855934633027523 0.015870740498034053 0.007935370249017026
0 0.45508071879150064 0.9612591301460823 0.014265853253652039 0.008300132802124827
0 0.43951796978751656 0.9656685756972112 0.014265853253652094 0.008818891102257642
0 0.43679448871181936 0.9738390189243027 0.016081507304116838 0.008040753652058474
0 0.5140516493055556 0.9709284855769231 0.00897268963675213 0.018362713675213582
0 0.5384637317518248 0.9229584854014597 0.015111770072992692 0.007983576642335732
0 0.5541457572992701 0.9233861770072992 0.01226049270072993 0.007698448905109512
0 0.5562842153284671 0.9144046532846715 0.011405109489051157 0.006843065693430628
0 0.5609677140883977 0.8415271063535912 0.015916350138121538 0.008362828038674053
0 0.5646736391129032 0.8292905745967742 0.012915826612903247 0.009135584677419373
0 0.5857469512195121 0.7451826886432926 0.01577982088414631 0.012504763719512257
0 0.7863033234126984 0.7615017361111112 0.01705109126984128 0.012710813492063489
0 0.7473282177299703 0.8793235348664689 0.0185459940652819 0.010721902818991103
0 0.7406632511127597 0.8875822978486647 0.017386869436201824 0.008693434718100801
0 0.6181520061728396 0.6847632137345679 0.008439429012345623 0.019290123456790154
0 0.8113546489197532 0.6861195505401234 0.017481674382716084 0.011152102623456783
0 0.6212410598179454 0.563587044863459 0.012699122236670912 0.01676284135240569
0 0.6778558827764978 0.5020071284562213 0.015976022465437834 0.010800691244239657
0 0.6747056811635945 0.5108951972926268 0.015525993663594417 0.009225590437788034
0 0.785963857050173 0.9896700637975778 0.01010353589965396 0.01675362240484435
0 0.8371742538927336 0.7719574502595155 0.01723345588235292 0.02466749567474047
0 0.8596453287197231 0.650647437283737 0.011488970588235281 0.019936743079584818
0 0.8723169874567474 0.617194258217993 0.013178525086505188 0.019936743079584818
0 0.8479251012145749 0.5652359564777328 0.016341936572199733 0.011333923751686958
0 0.8688796811740891 0.5409866312415654 0.017132675438596534 0.010806764507422462
0 0.8775190873579546 0.5211570046164773 0.011097301136363646 0.01803311434659094
0 0.7301104844674557 0.43540819156804733 0.01849112426035504 0.015601886094674555
0 0.8900298169378698 0.46993458764792906 0.01762435281065089 0.012423724112426038
0 0.8981196838017752 0.4602556397928994 0.019935743343195256 0.01271264792899407
0 0.9002866124260356 0.44031989644970415 0.011556952662721831 0.01849112426035504
0 0.6045710741643454 0.9266462830779945 0.011152942200557181 0.014417217966573803
0 0.8597931487127372 0.7989233993902439 0.01693766937669383 0.008998136856368522
0 0.8810975609756098 0.7264090023712737 0.016673018292682973 0.012703252032520318
0 0.9256912686314362 0.5868055555555556 0.017466971544715437 0.01243860094850957
0 0.8219313441872981 0.9425037002152852 0.018711315931108752 0.009671017222820266
0 0.8231927812163615 0.9709911531216361 0.014927004843918179 0.007778861679224924
