0 0.9657341452205882 0.08338120404411764 0.021541819852941124 0.010627297794117654
0 0.45358561447166923 0.5325480953292496 0.021834322358346092 0.012861313169984734
0 0.49097168721109397 0.8039531972265024 0.016551906779661008 0.02076511941448378
0 0.47426930855161786 0.7896583686440678 0.015047187981510002 0.01986228813559321
0 0.4802222390776699 0.7110891990291263 0.0192784182847896 0.015169902912621325
0 0.1561822012683578 0.7578959445927904 0.007822930574098802 0.016949682910547437
0 0.21042118658210948 0.7396424399198931 0.013038217623497994 0.021643441255006723
0 0.22489360814419226 0.7159128838451267 0.015385096795727637 0.016949682910547437
0 0.1954272363150868 0.7564617406542056 0.020078855140186924 0.015124332443257726
0 0.17717373164218958 0.7852762016021362 0.011734395861148189 0.020600383845126857
0 0.15714642732962447 0.8669538856050069 0.010594141168289273 0.018743480528511824
0 0.16896296940194713 0.9461382997218358 0.01140907510431155 0.021731571627260138
0 0.17398839534075106 0.9692280945757996 0.009507562586926283 0.015755389429763622
0 0.19083036335187759 0.9796864134214186 0.008420984005563265 0.017656901947148862
