0 0.6817096543659042 0.9919357458419957 0.016242203742203754 0.008121101871101932
0 0.6827247920997921 0.9838146439708939 0.019084589397089458 0.00893321205821207
0 0.6835369022869022 0.9734602390852389 0.01746036902286907 0.010963487525987525
0 0.6853641502079002 0.8979339916839917 0.021114864864864913 0.011775597713097663
0 0.6853641502079002 0.8861583939708939 0.02192697505197505 0.010151377338877277
0 0.6843490124740124 0.8638253638253638 0.01827247920997921 0.009339267151767139
0 0.6843490124740125 0.8524558212058212 0.01746036902286896 0.008527156964657001
0 0.6977488305613305 0.834183341995842 0.012587707900207912 0.01827247920997921
0 0.7109456211018711 0.8327621491683992 0.011369542619542594 0.020302754677754664
0 0.7292181003118503 0.8331682042619543 0.010557432432432456 0.018678534303534278
0 0.7515511304573804 0.8343863695426195 0.010557432432432456 0.01786642411642414
0 0.7610934251559252 0.8329651767151767 0.007715046777546752 0.015024038461538547
0 0.77144783004158 0.8339803144490645 0.009745322245322319 0.020302754677754664
0 0.7598752598752598 0.8843311460498959 0.020708809771309733 0.01299376299376298
0 0.807758037860577 0.8950852614182693 0.009859525240384581 0.018310546875
1 0.7062639508928572 0.7094610305059523 0.02906436011904756 0.0156947544642857
1 0.7033575148809523 0.7283528645833333 0.026739211309523836 0.015113467261904767
1 0.7938753407320872 0.8078696943146417 0.05689008956386288 0.017949279595015577
