1 0.1280996963562753 0.6339748861336032 0.022931427125506068 0.07156186740890691
1 0.10081920546558704 0.5681458755060729 0.0181869939271255 0.04190915991902833
0 0.020039941720257214 0.484927652733119 0.019468448553054664 0.009734224276527315
0 0.12491835811897105 0.47801949356913187 0.016956390675241156 0.012246282154340815
0 0.1718365621156212 0.4742946648216483 0.022342020295202936 0.01705681119311192
0 0.18081255590339892 0.441112757155635 0.015722830948121658 0.020614378354203933
0 0.20771606663685155 0.4273116055456172 0.01292766100178891 0.02166256708407871
0 0.21645097271914132 0.36581786672629696 0.010132491055456161 0.023060152057245098
0 0.19434833392101553 0.3035745768688294 0.014600229196050779 0.017630465444287757
0 0.08057673660084627 0.19242000176304655 0.016804037376586742 0.016804037376586756
0 0.1287850405500705 0.2349810472496474 0.02010974964739068 0.01818141748942173
1 0.007988804654442879 0.07754650035260932 0.015426657263751765 0.044351639633286324
0 0.6224777524834437 0.13823856581125826 0.011641142384105962 0.01972526903973512
0 0.6109982926324503 0.14793951779801323 0.01131777731788075 0.017785078642384128
0 0.68095703125 0.00341796875 0.017773437499999933 0.0068359375
0 0.6982421875 0.0119140625 0.020703125000000044 0.010156249999999999
0 0.69697265625 0.02109375 0.021289062500000067 0.010156250000000002
0 0.69560546875 0.0318359375 0.017773437499999933 0.008984375000000003
0 0.69609375 0.04140625 0.018749999999999933 0.008593749999999997
0 0.69462890625 0.0521484375 0.017773437499999933 0.008984375000000003
0 0.69609375 0.06259765625 0.020703124999999933 0.008398437500000008
0 0.69853515625 0.072265625 0.020117187500000022 0.010156250000000006
0 0.69716796875 0.08271484374999999 0.021289062499999956 0.008007812500000003
0 0.6787165823699421 0.09142431358381506 0.013096098265895861 0.009483381502890173
0 0.6948609104046242 0.0926661849710983 0.02054732658959535 0.009257586705202311
0 0.6809745303468208 0.10169797687861273 0.014450867052023142 0.008805997109826588
0 0.6975704479768785 0.1015850794797688 0.018740968208092457 0.007225433526011557
0 0.6956511921965317 0.11253612716763009 0.018966763005780374 0.010612355491329481
0 0.6956511921965318 0.1251806358381503 0.019418352601156097 0.010612355491329467
0 0.6949738078034682 0.1369219653179191 0.01716040462427748 0.010612355491329495
0 0.7462866512345679 0.13671875 0.02170138888888884 0.010127314814814825
0 0.7497829861111112 0.11851369598765432 0.016155478395061706 0.00892168209876544
0 0.7477334104938271 0.10983314043209877 0.02170138888888895 0.008439429012345678
0 0.7464072145061729 0.1001880787037037 0.0224247685185186 0.0103684413580247
0 0.7466483410493827 0.08813175154320987 0.020495756172839497 0.010850694444444434
0 0.7438185894004283 0.05154660733404711 0.01631089400428276 0.008573675053533195
0 0.747687198875803 0.04318204630620985 0.020702288543897218 0.00899190310492505
0 0.7468507427730193 0.0338764721627409 0.014847095824411127 0.008782789079229126
