0 0.01509348002159826 0.39875809935205186 0.012655237580993522 0.01729549136069114
0 0.007251701732673268 0.6265470297029703 0.010635829207920793 0.01450340346534651
0 0.018129254331683168 0.6664313892326732 0.01788753094059406 0.012086169554455517
0 0.2535678372524752 0.6076926051980198 0.012086169554455461 0.018370977722772297
0 0.08750386757425743 0.5808613087871287 0.02030476485148515 0.013053063118811936
0 0.09172645872865275 0.6696958017077799 0.010747746679316883 0.018530597722960174
0 0.2828136128917379 0.68122885505698 0.010294248575498599 0.016971599002849058
0 0.28935185185185186 0.6712128294159544 0.012798254985754987 0.017528044871794934
0 0.29847249819364163 0.6628488529624277 0.01778134031791906 0.00874954841040465
0 0.29639476394169834 0.6824401932826363 0.012129673637515825 0.008416508238276221
0 0.3033260060202788 0.6750138624841571 0.012129673637515825 0.009901774397972019
0 0.3535775110899873 0.6699392031051964 0.010644407477820028 0.01708056083650189
0 0.3316627358490566 0.7958821795227525 0.010838651498335183 0.012789608768035476
0 0.0724609375 0.9923828125 0.013671875 0.008984374999999933
0 0.08720703125 0.98837890625 0.013085937500000006 0.0087890625
0 0.09833984374999999 0.982421875 0.011523437499999997 0.0078125
0 0.116015625 0.97275390625 0.01171875 0.009960937500000044
0 0.12685546874999998 0.9689453125 0.012304687499999994 0.008593750000000067
1 0.15566406249999998 0.95908203125 0.024999999999999994 0.015820312500000044
0 0.146484375 0.98232421875 0.017578125 0.011914062500000044
0 0.18310546875 0.948046875 0.0185546875 0.012500000000000067
0 0.20927734375 0.93818359375 0.0185546875 0.0107421875
0 0.23779296875 0.92646484375 0.0185546875 0.013476562500000067
0 0.25244140625 0.93984375 0.020117187500000022 0.014453124999999956
0 0.19747049825174823 0.8375286822552448 0.01536549388111888 0.01843859265734271
0 0.3617580581761006 0.8787527024371069 0.021496658805031432 0.014433470911949686
0 0.4150390625 0.8796739878144654 0.019346992924528295 0.015047661163521964
0 0.43242187499999996 0.84755859375 0.01874999999999999 0.011523437499999956
0 0.43076171875 0.866015625 0.0166015625 0.012500000000000067
0 0.48112526260504207 0.8443955707282913 0.015865721288515433 0.01203606442577021
1 0.5244717789598108 0.8300227171985815 0.03924719267139476 0.021470523049645363
1 0.5438149704825462 0.8018921650410678 0.022458932238192952 0.015239989733059622
0 0.5980640453296704 0.7796402815934067 0.016097184065934078 0.011375343406593408
0 0.6410321029776676 0.7743098635235732 0.019628179280397062 0.01090454404466501
0 0.6859830567617866 0.7608609258684863 0.02132444168734493 0.013085452853597968
0 0.7311763337468982 0.7462003722084367 0.02156676488833742 0.012843129652605478
1 0.7945278234649122 0.7292808845029239 0.04026178728070173 0.015419407894736836
0 0.84208984375 0.72021484375 0.021679687499999933 0.011914062500000044
0 0.8732421875 0.71455078125 0.020703124999999933 0.0107421875
0 0.8997609829329962 0.6611142936156764 0.01432127054361565 0.024938764222503185
0 0.875686433312263 0.5703717604298357 0.011605167509481706 0.017778128950695304
0 0.9405025284450064 0.6164220527812896 0.012345922882427307 0.016049699747155532
0 0.47561453974895396 0.13953811453974896 0.01716134937238495 0.018387160041841016
0 0.9422245168329177 0.8255727867830425 0.014124844139650872 0.014611907730673335
0 0.9397841631355932 0.857521186440678 0.014565677966101642 0.01158633474576276
0 0.9467359639830508 0.8411347987288136 0.015227754237288171 0.009269067796610075
0 0.8150201612903225 0.9471854380498534 0.018901209677419373 0.014032716275659829
0 0.8011306359970675 0.9347278225806451 0.016323771994134928 0.015464626099706669
0 0.9037985703812317 0.7955461876832844 0.010309750733137779 0.010309750733137779
0 0.6060210475578406 0.9250984093830333 0.013556394601542454 0.018577281491002573
1 0.5200383595758354 0.8898266789845758 0.02033459190231368 0.03690351863753216
1 0.5561571028265108 0.7606070297270955 0.023605019493177393 0.031980994152046804
0 0.47550743569131837 0.64601336414791 0.01413032556270094 0.018526426848874622
0 0.47078903958944285 0.5638631781524927 0.013173570381231625 0.016610153958944274
0 0.39375229105571846 0.5356545546187683 0.01317357038123168 0.01918759164222883
0 0.4320652173913043 0.45603414270687237 0.01177901472650772 0.018627279102384264
0 0.3299737126572327 0.37649862421383645 0.012590900157232743 0.015354756289308158
1 0.31477250393081757 0.3723528400157232 0.02456761006289304 0.03838689072327045
0 0.34115533759124084 0.2701585310218978 0.01226049270072993 0.01967381386861311
0 0.28001292796005706 0.2574447218259629 0.01337375178316691 0.017831669044222564
0 0.26190263908701855 0.24518544935805991 0.012816512125534918 0.022289586305278192
1 0.3308610467189729 0.21091521041369474 0.01978200784593437 0.030648181169757482
0 0.2573898824570273 0.06849563953488375 0.014416392821031354 0.016588725985844287
0 0.22440991531850357 0.1165831964105157 0.012836514155712825 0.018366089484327622
0 0.2019953867542973 0.09643974342770478 0.01698369565217389 0.01955099848331647
0 0.08849056100682592 0.6380986028156996 0.008332444539249154 0.0123320179180888
