0 0.04420052645788336 0.045676970842332604 0.014342602591792653 0.02067022138228941
0 0.03154528887688984 0.055590240280777525 0.015186285097192227 0.016873650107991356
0 0.01509348002159826 0.05854312904967601 0.01434260259179266 0.016873650107991356
0 0.07836966792656587 0.09355595302375809 0.014342602591792653 0.016029967602591788
0 0.044622367710583144 0.09039214362850971 0.016029967602591788 0.02151390388768898
0 0.04420052645788336 0.11253880939524838 0.016029967602591788 0.01687365010799137
0 0.007078496220302364 0.12920153887688984 0.012655237580993519 0.0130770788336933
0 0.0087658612311015 0.14248953833693304 0.014342602591792656 0.012655237580993517
0 0.11088597370766487 0.14082692736185382 0.01845198306595365 0.021237188057041
0 0.06997827540106952 0.15858260918003564 0.015318627450980393 0.017059380570409982
0 0.09243399064171123 0.16624192290552584 0.014970476827094473 0.01636307932263814
0 0.10392472550675676 0.201416015625 0.013856630067567571 0.0168259079391892
0 0.13510214315878377 0.20422033361486486 0.014846389358108086 0.013196790540540543
0 0.14087573902027029 0.26377085092905406 0.0145164695945946 0.01616606841216217
0 0.16149572423986486 0.2710290857263513 0.014846389358108114 0.018145586993243257
0 0.1497951224328594 0.2804662815955766 0.015118977093206976 0.015427527646129535
0 0.16429699842022116 0.29728228672985785 0.013267673775671396 0.015118977093206976
0 0.2037914691943128 0.2772265007898894 0.01388477488151657 0.01573607819905215
0 0.1760219194312796 0.3139440165876778 0.014501875987361773 0.0169702804107425
0 0.2074940758293839 0.3560611670616114 0.015118977093206948 0.018513033175355464
0 0.25639933846761453 0.32474328593996843 0.016661729857819912 0.019438684834123254
0 0.01658803670360109 0.4293953427977839 0.021911790166204988 0.015960439750692557
0 0.02497403047091411 0.4384576263850416 0.02028869459833795 0.015148891966759004
0 0.02206643211920529 0.4641711506622517 0.014228062913907286 0.016297599337748325
0 0.08958505794701985 0.4595146937086093 0.017332367549668867 0.01629759933774838
0 0.07703849337748343 0.43545633278145696 0.019660596026490063 0.016814983443708575
0 0.07717816375422773 0.4169382398534385 0.018716530439684326 0.016954974633596354
0 0.06110396702367531 0.41242425310033815 0.016074196730552416 0.015854002254791444
0 0.07783874718151071 0.4004236541713641 0.013872251972942493 0.016074196730552437
0 0.03446043545659526 0.3795051789740699 0.01607419673055242 0.01343186302142052
0 0.041726853156708 0.38732208286358505 0.015193418827508458 0.012330890642615555
0 0.053176965896279585 0.39304713923337087 0.019156919391206305 0.014092446448703444
0 0.055819299605411495 0.3790647900225479 0.016074196730552423 0.016954974633596354
0 0.0695814543404735 0.36761467728297625 0.018055947012401347 0.01519341882750841
0 0.07882962232243516 0.3795051789740699 0.018496335963923333 0.012991474069898534
0 0.17062228475513427 0.13174491508688785 0.021598538704581338 0.013576224328593983
0 0.18894638200782268 0.10886061766623206 0.02088086701434161 0.01553332790091265
0 0.2354190433507171 0.08237756681877445 0.020626222294654495 0.014514749022164278
0 0.2201403601694915 0.1078420387874837 0.02215409061277704 0.01807977509778358
0 0.24837853773584906 0.12492629716981132 0.021128144654088077 0.014494889937106917
0 0.2940947715453195 0.04567352340267462 0.022346303863298667 0.014800798662704312
0 0.31571554606240715 0.08804443722139675 0.021475668647845447 0.017702916047548284
0 0.32030459261133604 0.1159974380060729 0.02036152580971662 0.010674974696356282
0 0.33750316295546556 0.10532246330971662 0.014826353744939291 0.015814777327935223
0 0.341061487854251 0.11639280743927129 0.015617092611336036 0.016605516194331982
0 0.3492654035931174 0.12311408780364376 0.01383793016194329 0.017396255060728755
0 0.3315726214574899 0.13369022014170046 0.022733742408906854 0.010477289979757082
0 0.33701171875 0.14306640625 0.02167968749999999 0.009960937499999989
0 0.35498046875 0.13291015625 0.013476562499999956 0.01621093750000001
0 0.3615234375 0.14111328125 0.014062499999999978 0.0166015625
0 0.343359375 0.151953125 0.021875000000000033 0.010937499999999989
0 0.34912109375 0.1611328125 0.022070312500000022 0.009375000000000022
0 0.36884765625 0.16269531250000002 0.014257812500000022 0.017968750000000006
0 0.30810546875 0.1466796875 0.0146484375 0.014843750000000017
0 0.325 0.180078125 0.013281250000000022 0.01679687499999999
0 0.33427734374999996 0.19833984375000002 0.009960937499999989 0.018164062499999994
0 0.36240234375 0.18955078125000002 0.020117187499999967 0.010351562499999994
0 0.38076171875 0.18193359375 0.015429687500000011 0.020117187499999994
0 0.4099609375 0.20703125 0.015234375000000022 0.019140625000000022
0 0.4109375 0.16103515624999998 0.016015624999999978 0.012304687499999994
0 0.419140625 0.16904296875 0.017187500000000022 0.0146484375
0 0.42705078124999996 0.178515625 0.02167968749999999 0.015625
0 0.4103252704326923 0.2649363982371795 0.018154046474358976 0.019719050480769218
0 0.390625 0.26364533797554346 0.01220703125 0.016718325407608703
0 0.3961977751358695 0.2775772758152174 0.014860733695652162 0.012737771739130432
0 0.43242081351902173 0.2503768257472826 0.01618758491847827 0.019902768342391325
0 0.4576309867527174 0.23697562839673914 0.017779806385869568 0.01963739809782608
0 0.4645112035371703 0.2838354316546763 0.018032449040767395 0.013582883693045555
0 0.4601787320143885 0.25912863459232616 0.009835881294963988 0.01569057254196643
0 0.47048298860911275 0.25561581984412474 0.008430755395683442 0.01569057254196643
0 0.4898034697242206 0.24460900029976018 0.011475194844124681 0.018500824340527577
0 0.5126344295511223 0.20675849438902744 0.015098971321695687 0.014611907730673307
0 0.4484375 0.15234375 0.019921874999999978 0.014843749999999989
0 0.45400390625 0.160546875 0.016992187500000033 0.012500000000000011
0 0.4556640625 0.1728515625 0.016015625000000033 0.010937499999999989
0 0.46064453125000004 0.18154296875 0.01738281250000001 0.013476562500000011
0 0.4671875 0.18818359375 0.016015625000000033 0.0126953125
0 0.1953125 0.01638440412782956 0.01924517310252996 0.014043774966711053
0 0.45839905362776023 0.03532465825446898 0.009447292323869594 0.019305336487907464
0 0.60009765625 0.17841796875 0.017382812499999956 0.0205078125
0 0.62587890625 0.14638671875 0.015429687499999956 0.013476562500000011
0 0.648046875 0.08232421875000001 0.012499999999999956 0.013476562499999997
0 0.735291859989083 0.05137827510917031 0.021109102074235886 0.014499181222707429
0 0.764743527820711 0.08824381761978359 0.01660307187016996 0.020225560278207114
0 0.7491970150695517 0.0985075347758887 0.01509370170015456 0.019018064142194743
0 0.7386314238794436 0.1018281491499227 0.013886205564142218 0.01962181221020093
0 0.7298770768933539 0.10756375579598143 0.013886205564142218 0.018414316074188572
0 0.7198680112977983 0.11107238557358057 0.013126448435689442 0.015842265353418303
0 0.698842400332226 0.2079656353820598 0.014707918050941293 0.01665455426356588
0 0.7190657876522702 0.1975835755813954 0.01232869601328912 0.014059039313399774
0 0.724905696290144 0.18395712209302328 0.013626453488372103 0.017519725913621248
0 0.7329085340531563 0.17833350636766335 0.014059039313399802 0.019250069213732013
0 0.715790874836173 0.2453002129750983 0.015102801441677527 0.019710435779816488
0 0.7338374426605505 0.23544499508519004 0.013822903014416799 0.01945445609436436
0 0.7451005488204456 0.22981344200524245 0.013822903014416799 0.020990334207077327
0 0.7558065878378378 0.1440033783783784 0.013302364864864913 0.020270270270270258
0 0.78046875 0.18798828125 0.012890624999999933 0.016210937500000022
0 0.789453125 0.18056640625 0.014453124999999956 0.0166015625
0 0.80400390625 0.1732421875 0.015429687500000067 0.01953125
0 0.8039484797297298 0.13460726351351351 0.014991554054054057 0.01963682432432433
0 0.7862119932432432 0.12647804054054054 0.012035472972972916 0.0152027027027027
0 0.8210515202702703 0.16300675675675674 0.015413851351351315 0.017736486486486486
0 0.9283127275485437 0.22445293537621364 0.014932873179611672 0.014695843446601936
0 0.9172908449635921 0.28145858616504854 0.01848831917475724 0.01398475424757284
0 0.9351865898058253 0.27197739684466016 0.01777722997572817 0.013984754247572784
0 0.98193359375 0.24443359375 0.015429687499999956 0.010351562499999994
0 0.9939453125 0.23486328125 0.008203124999999978 0.0107421875
0 0.49632871240601506 0.34622549677765846 0.013426423200859239 0.019090695488721776
0 0.4710492749731472 0.36028128356605804 0.013636211063372705 0.01657324113856068
0 0.5429584296565388 0.31797494220607664 0.011094369220607692 0.01935064398943198
0 0.6053965075957728 0.38350912318361957 0.01935064398943187 0.012126403566710686
0 0.6325254735935706 0.4394553673938002 0.017042192881745022 0.01255740528128585
0 0.5871188256048387 0.4632108954973118 0.01286332325268813 0.010238155241935498
0 0.5671675487231183 0.47568044354838707 0.018113659274193505 0.013650873655913998
0 0.5379348179453836 0.5384427828348504 0.018286736020806216 0.015238946684005161
0 0.5730255861850443 0.5168330164765526 0.01782319391634979 0.014357572877059521
0 0.562133634347275 0.5241355750950569 0.014852661596958194 0.014605117237008858
0 0.5203649580335732 0.5010444769184652 0.016861510791366885 0.013348696043165464
0 0.48072270242316784 0.5250489435579195 0.01962359633569738 0.013621084515366477
0 0.46162109375000004 0.48310546875 0.011914062499999989 0.011132812499999978
0 0.452734375 0.47724609375000004 0.014453125000000011 0.015429687500000011
0 0.49833984375 0.46103515625 0.016992187499999978 0.015039062500000033
0 0.4919921875 0.45390625 0.015234375000000022 0.010156249999999978
0 0.48154296875 0.434375 0.016992187500000033 0.012109374999999978
0 0.47490234374999996 0.413671875 0.01777343749999999 0.012500000000000011
0 0.4607421875 0.39765625000000004 0.015234375000000022 0.010937499999999989
0 0.46845703125000004 0.40634765625 0.013867187499999989 0.009960937499999989
0 0.2567002726750861 0.36142006314580943 0.01255740528128585 0.016593714121699188
0 0.2355096512629162 0.39393477324913895 0.015024038461538436 0.018836107921928857
0 0.2508700487944891 0.3925893369690011 0.014351320321469574 0.022423938002296195
0 0.2989693958094145 0.384628838978186 0.016369474741676215 0.01681795350172216
0 0.28786954649827784 0.4052588619402985 0.016145235361653243 0.017266432261768105
0 0.32695312499999996 0.457421875 0.01679687499999999 0.019140624999999967
0 0.3544921875 0.49941406250000003 0.016406249999999956 0.017187500000000022
0 0.40390625 0.5646484375 0.016015625000000033 0.017187500000000022
0 0.4439453125 0.6180664062500001 0.013671875 0.016210937500000022
0 0.4943928928095872 0.674231233355526 0.015604194407456695 0.019505243009320883
0 0.4990234375 0.72763671875 0.012499999999999956 0.017382812499999956
0 0.5056640625 0.7619140625 0.014453125000000067 0.017187500000000022
0 0.544140625 0.74755859375 0.014062499999999978 0.01816406249999991
0 0.55087890625 0.7728515625000001 0.0166015625 0.019140625000000022
0 0.54033203125 0.78603515625 0.017382812500000067 0.017382812499999956
0 0.46259765625 0.84287109375 0.018945312499999978 0.0185546875
0 0.7131827048114434 0.4896781534460338 0.02133452535760727 0.015746911573472022
0 0.735279177503251 0.4765980575422627 0.01879470091027302 0.01549292912873862
0 0.5412109375 0.6753906249999999 0.015625 0.012109374999999978
0 0.5455643840104849 0.6917287844036697 0.013054963958060273 0.01663867955439058
0 0.5543956831585846 0.6877610992791613 0.013822903014416799 0.01843053735255573
0 0.56924250491481 0.6735542267365662 0.014846821756225426 0.019198476408912257
0 0.5950964531454784 0.6567875573394496 0.014846821756225426 0.022014252948886037
0 0.61015625 0.64873046875 0.012500000000000067 0.016210937500000022
0 0.6202148437499999 0.641796875 0.016210937500000022 0.01953125
0 0.55824087447479 0.6317908022584033 0.014771533613445409 0.019900538340336227
0 0.5830652573529412 0.6155831473214286 0.014361213235294157 0.01702829569327724
0 0.5999909729516807 0.6052225577731093 0.012514771533613356 0.01682313550420167
0 0.6571280856092437 0.5734227284663865 0.014361213235294157 0.01682313550420167
0 0.7689529093475533 0.6081938127352572 0.01666405269761606 0.009802383939774062
0 0.8314120293923382 0.735948852377807 0.01728657529722588 0.013674455085865289
0 0.8130934197490092 0.753235427675033 0.018318609643328987 0.018834626816380484
0 0.8268968791281373 0.7554285006605019 0.01444848084544248 0.017028566710700188
0 0.8889479441875825 0.8228977460369881 0.018834626816380373 0.014190472258916786
1 0.8790041101252608 0.7944978144572025 0.031192914926931103 0.03710529749478075
0 0.9440403183716075 0.7780858559498955 0.01569839509394566 0.009582137265135682
0 0.9612677779227556 0.7712560347077244 0.01590227035490599 0.010601513569937326
0 0.8924804687500001 0.88857421875 0.018945312499999978 0.017382812499999956
0 0.9526033579192545 0.45067449534161486 0.014557453416149113 0.01334433229813664
0 0.8410456730769231 0.42099859775641024 0.021033653846153855 0.010767227564102588
0 0.8703791920731707 0.3773342225609756 0.01220703125 0.017566215701219468
0 0.6487661063388626 0.8167718824052133 0.01596749111374407 0.011339232819905232
0 0.6642707716232228 0.8330864928909953 0.01735596860189581 0.012033471563981046
0 0.6782712529620853 0.846277029028436 0.016198904028436045 0.014810426540284416
0 0.6879267331932772 0.8670999649859943 0.016412815126050417 0.016412815126050417
0 0.6995524772408963 0.8794095763305322 0.018327643557423 0.014771533613445298
0 0.7066646971288515 0.8865217962184875 0.015592174369747913 0.01367734593837533
0 0.6484612221659919 0.8944798519736843 0.017198570344129527 0.019373102226720618
0 0.6107034412955465 0.8748102226720648 0.011663398279352255 0.014430984311740946
0 0.65146484375 0.98017578125 0.0146484375 0.020117187500000022
0 0.5663085937500001 0.975390625 0.016210937500000022 0.018359375000000067
0 0.55048828125 0.98583984375 0.015039062499999978 0.015039062500000089
0 0.5203125 0.948828125 0.016015624999999978 0.017578125
0 0.5126953125 0.95673828125 0.013671875 0.015429687500000067
0 0.4442596262740657 0.8499256795016987 0.01747416477916197 0.01260794167610424
0 0.44833984375 0.93046875 0.0146484375 0.017968749999999978
0 0.43896484375 0.91298828125 0.013476562499999956 0.015429687499999956
0 0.43359375 0.92119140625 0.013281250000000022 0.0166015625
0 0.42353515625000004 0.92216796875 0.013476562500000011 0.0166015625
0 0.409765625 0.8768554687500001 0.017187499999999967 0.016992187499999978
0 0.38955078125 0.89541015625 0.016992187500000033 0.0166015625
0 0.38857421875 0.9083007812499999 0.015429687500000011 0.016210937500000022
0 0.48125107907458564 0.8970994475138121 0.01780473066298338 0.014837275552486262
0 0.2984375 0.97548828125 0.015625 0.013867187500000044
0 0.28682355182926833 0.8979194455030488 0.015779820884146367 0.015482088414634165
0 0.33409592419522327 0.8272447754413292 0.011966186396677014 0.010140835929387304
0 0.3273341966711957 0.819861370584239 0.011941661005434756 0.011410920516304324
0 0.31428720418689315 0.8045832069174756 0.016118021844660213 0.016829111043689227
0 0.47314453125 0.9638671875 0.015820312500000044 0.014062500000000089
0 0.452734375 0.95439453125 0.013281249999999967 0.010351562500000022
0 0.357139378117207 0.5651155314837906 0.014855439526184566 0.017290757481296826
0 0.594454405737705 0.5069373292349727 0.01778802367941712 0.013518897996356971
