0 0.008042279411764705 0.48368566176470584 0.012254901960784312 0.02144607843137253
0 0.01876531862745098 0.5106847426470588 0.013786764705882353 0.017233455882353033
0 0.11932430446708464 0.7292932014106583 0.010408503134796243 0.016837284482758563
0 0.025494710031347956 0.6588827390282133 0.015000489811912227 0.013775960031347956
0 0.16122208275623268 0.9928259175900277 0.01739958448753462 0.010441914819944609
0 0.43926263816644995 0.9187814938231469 0.02158850780234073 0.011937174902470815
0 0.2718341884328358 0.7950967817164178 0.01486707089552236 0.009036847014925353
0 0.24035097947761191 0.7795009328358209 0.01311800373134328 0.018073694029850706
0 0.19327192164179102 0.7682777518656716 0.01749067164179105 0.013118003731343308
0 0.20981168122270744 0.7863673580786026 0.013077692867540042 0.01876364628820959
0 0.5130610210905351 0.8110532407407407 0.017481674382716084 0.01185538837448552
0 0.4936704282407408 0.802412872942387 0.019692001028806694 0.00904224537037035
0 0.4376024963556851 0.7455186315597667 0.017652150145772594 0.012812044460641436
0 0.39873929482507287 0.7574765397230321 0.019075710641399457 0.012242620262390758
0 0.38179892492711365 0.7626013575072885 0.019929846938775475 0.011103771865889178
0 0.4456931409744409 0.711517821485623 0.014664037539936059 0.014664037539936059
0 0.4410282258064516 0.676280781970046 0.011250720046082963 0.015976022465437834
0 0.45537533967391297 0.6034519361413043 0.012737771739130432 0.017514436141304435
0 0.1862962754796163 0.6577160146882495 0.018500824340527577 0.01241194544364499
0 0.2119398231414868 0.646943382793765 0.020140137889688242 0.0124119454436451
0 0.23325089928057555 0.657013451738609 0.022950389688249417 0.011943570143884918
0 0.35236865562080544 0.49967229446308725 0.016712982382550312 0.011797399328859093
0 0.09165991806402443 0.4903236947408537 0.010122903963414628 0.01726848323170732
0 0.09320337067610063 0.3738883156446541 0.02118956367924528 0.014433470911949686
0 0.2650423557068742 0.28619487678339817 0.020012564850843073 0.009119649805447494
0 0.28530824416342415 0.27644191796368356 0.01646603437094679 0.010386267833981833
0 0.29877533783783783 0.24398226351351351 0.008023648648648685 0.013302364864864857
0 0.07421875 0.27104334677419356 0.018901209677419345 0.010836693548387122
0 0.11578833150584796 0.26412874634502925 0.012849506578947373 0.013706140350877194
0 0.11445312499999999 0.20517578125 0.021484374999999986 0.011523437500000011
0 0.1455954253282276 0.18181585065645517 0.010043421772428868 0.015813047045951878
0 0.2075213691969887 0.12199556932245921 0.012743099121706403 0.01862452948557089
0 0.20882556169757488 0.20548212375178318 0.01030893366619115 0.014209611269614841
0 0.20353178495007135 0.19141182239657634 0.009194454350927223 0.015045470756062773
0 0.08342978395061729 0.016396604938271605 0.013503086419753091 0.017361111111111112
0 0.26784206081081086 0.05869932432432432 0.013302364864864857 0.017314189189189186
0 0.27407094594594594 0.07717483108108109 0.012668918918918914 0.016680743243243243
0 0.29853515625 0.14794921875 0.013085937499999978 0.01738281250000001
0 0.3618545846193416 0.20200778034979425 0.012056327160493818 0.0170797968106996
0 0.5519564708244111 0.6413527168094219 0.013592411670235505 0.018820262312633895
0 0.6359375 0.90634765625 0.012500000000000067 0.017773437500000044
0 0.8056266749617151 0.9608597339203675 0.02003972052067382 0.012861313169984623
0 0.6870334035222052 0.870531441424196 0.011964012251148515 0.016450516845329166
0 0.7244281152241918 0.9402087135036497 0.01344173618352451 0.018940628258602654
0 0.8041462725903614 0.8785062123493976 0.014354292168674676 0.009647966867469826
0 0.8375611822289157 0.8607398343373494 0.013413027108433728 0.011295180722891485
0 0.78671875 0.862890625 0.016796875000000044 0.009765625
0 0.7698636095063025 0.8631089154411765 0.010463169642857095 0.013540572478991653
0 0.6917409456031567 0.8062420729988725 0.012110696166854562 0.018276141488162256
0 0.7234272203947367 0.6945158305921052 0.01756099232456143 0.010707922149122862
0 0.7421660841557016 0.6960149396929823 0.019916735197368474 0.012421189692982448
0 0.6182809161324787 0.7089468149038463 0.012937366452991483 0.01898871527777779
0 0.6169245793269231 0.6827590811965812 0.011894030448717952 0.017528044871794934
0 0.6294921875 0.6541992187500001 0.01171875 0.008398437500000022
0 0.7027071439302885 0.5516451322115385 0.010563777043269273 0.018310546875
0 0.7294921875 0.4717084099264706 0.01780790441176472 0.012925091911764719
0 0.81494140625 0.4375287224264706 0.018095128676470562 0.0146484375
0 0.8673960861650485 0.415380385315534 0.013510694781553423 0.010192278519417453
0 0.6096378215699207 0.4572270778364116 0.01958278364116095 0.01159506926121373
0 0.8073981695250659 0.3998959020448548 0.01623309696569919 0.009791391820580475
0 0.588840060763889 0.3674180772569444 0.01220703125 0.009268301504629595
0 0.5122166053921569 0.2875434027777778 0.013403799019607865 0.016595179738562116
0 0.5247638341690545 0.24200841690544417 0.017068857449856756 0.011192693409742133
0 0.5903101679104478 0.24195429104477612 0.00757929104477606 0.013992537313432835
0 0.4028497998544396 0.14740834243085882 0.023312409024745295 0.012793395196506546
0 0.4251439765861027 0.09013288330815711 0.014751699395770368 0.00914605362537764
0 0.43080774625935164 0.006940656172069826 0.018021352867830465 0.009984803615960101
0 0.24647194131299732 0.005180702917771883 0.012692722148541086 0.009843335543766579
0 0.7735716016057587 0.2452761627906977 0.017519725913621276 0.013410160575858227
0 0.7781137527685493 0.25641524778516056 0.01925006921373207 0.011463524363233668
0 0.7826559039313401 0.2650669642857143 0.020115240863787354 0.013626453488372103
0 0.7862247369878184 0.27512458471760803 0.019033776301218164 0.010382059800664478
0 0.9369645111832612 0.33439867424242425 0.010991612554112629 0.01493731962481959
0 0.9600750811688312 0.3246753246753247 0.012118957431457411 0.020855880230880253
0 0.9748714826839827 0.3201659451659452 0.012964466089466109 0.020292207792207806
0 0.9874131944444444 0.31551564754689754 0.012118957431457411 0.018319354256854214
0 0.9942096748737375 0.3116432178932179 0.007674400252525193 0.017338564213564223
0 0.4472533411949685 0.5827437106918238 0.01695165094339618 0.010318396226415172
