0 0.07050992779783394 0.4004963898916968 0.021152978339350183 0.011281588447653423
0 0.07474052346570398 0.315884476534296 0.02397337545126353 0.012691787003610067
0 0.21082468411552346 0.27710401624548736 0.021152978339350204 0.016922382671480163
0 0.16076263537906138 0.351139440433213 0.018332581227436834 0.011281588447653423
0 0.4103677797833935 0.3529021886281588 0.021152978339350148 0.011986687725631773
0 0.5919308438628159 0.3377425541516246 0.017627481949458512 0.011281588447653423
0 0.6606780234657039 0.41812387184115524 0.01974277978339345 0.008461191335740081
0 0.6839462996389891 0.40014384025270755 0.022563176895306847 0.013396886281588472
0 0.9363718411552346 0.390625 0.02115297833935026 0.012691787003610067
0 0.28784691870629375 0.16936188811188813 0.019804414335664322 0.010926573426573438
0 0.3708205856643357 0.19121503496503497 0.009560751748251772 0.017755681818181823
0 0.3965446852731591 0.027028280878859855 0.01577345605700714 0.009742428741092633
0 0.9054418103448276 0.5838496767241379 0.010102370689655138 0.018857758620689613
0 0.8929822198275863 0.5841864224137931 0.009428879310344862 0.020878232758620663
0 0.6838631465517242 0.5579202586206897 0.015490301724138011 0.024919181034482762
0 0.6717403017241379 0.5626346982758621 0.0154903017241379 0.026266163793103425
0 0.8825431034482758 0.5973195043103448 0.011449353448275912 0.018857758620689613
4 0.9547162305516266 0.10744121287128713 0.040885785007072184 0.04254331683168315
