0 0.01959445792880259 0.1545433859223301 0.01200950647249191 0.014537823624595492
0 0.011535447006472493 0.13226259101941748 0.018014259708737865 0.0161180218446602
0 0.08869017311608962 0.022458948574338097 0.01511583503054989 0.02187818228105906
0 0.39646968984962405 0.15460526315789475 0.020559210526315763 0.012041823308270666
0 0.40465887661637934 0.06854458512931032 0.027360587284482762 0.015153556034482762
0 0.2853708791208791 0.24298162774725274 0.011446886446886462 0.019674336080586025
0 0.34976744684499317 0.19129372427983538 0.017414694787379947 0.010716735253772286
0 0.3483320363695937 0.21010300622542594 0.00972722804718218 0.01382290301441677
0 0.3704268292682927 0.1976626016260163 0.020642784552845517 0.012385670731707321
0 0.18201966812668463 0.30863060141509435 0.017109585579514835 0.01395089285714285
0 0.1732693569553806 0.326289780183727 0.016404199475065634 0.009227362204724365
0 0.42142540171898357 0.34785477391629294 0.014889293721973063 0.0218960201793722
0 0.2212591240875912 0.24877395072992697 0.013686131386861311 0.01682253649635035
0 0.42246942934782605 0.42074452275815216 0.017514436141304324 0.011941661005434812
0 0.434013034986413 0.43189007302989124 0.014595363451086918 0.009818699048913027
0 0.47501273777173914 0.403495456861413 0.013268512228260865 0.018310546875
0 0.20685652955271566 0.4934292631789138 0.019344049520766793 0.014664037539936114
0 0.2814180107526882 0.5665862615207373 0.01440092165898621 0.017701132872503855
0 0.2466050392670157 0.6168807264397906 0.020042539267015685 0.012066426701570654
0 0.36880293516355145 0.726457542348131 0.015287310163551393 0.016884491822429903
0 0.5386502308707124 0.6935088225593667 0.015717760554089688 0.014687087730870685
0 0.40053530092592593 0.813916618441358 0.018687307098765427 0.01356336805555547
0 0.5101839165261384 0.8049641652613828 0.021079258010118118 0.014491989881956213
0 0.6272274860917941 0.8793137169680111 0.01955841446453399 0.01575538942976351
0 0.6162258779554937 0.8636941498609179 0.014397166203059863 0.010050851877607792
0 0.5072851909413855 0.23530472912966252 0.021161745115452935 0.013529640319715819
0 0.7086527122641509 0.3349793632075472 0.014986242138364858 0.017934355345911923
0 0.7034320208585249 0.15315617442563484 0.017240402055622717 0.012517004232164453
0 0.7670680395805143 0.05638426082543982 0.014536112990527816 0.01030742557510149
0 0.9853291362212944 0.07278346816283925 0.013455767223382042 0.02324177974947808
0 0.73028867464539 0.419831837322695 0.015237145390070927 0.010042664007092195
0 0.8125923775337838 0.5372743348817568 0.02243454391891886 0.018145586993243312
0 0.7405049092060811 0.6151353990709459 0.01946526604729726 0.014186549831081141
0 0.8914558714918759 0.6677264124815361 0.01557884047267355 0.018175313884785882
0 0.8928983567208271 0.6890751938700147 0.020194793205317585 0.012982367060561328
0 0.8941965934268832 0.7011920697932053 0.013559361152141736 0.014136355243722365
0 0.992670415521978 0.7804436077315542 0.010752918956044022 0.009425284536891732
0 0.9903708177982731 0.7669189069858713 0.015352114403453743 0.01303718602825743
0 0.8243336397058822 0.7984834558823529 0.020823759191176516 0.022977941176470562
0 0.24692634325044405 0.8966959924511545 0.016651865008880967 0.011795071047957295
1 0.025942218028419176 0.9528960368561279 0.03954817939609236 0.06383214920071045
0 0.31594669117647056 0.9787589208477507 0.014868079584775096 0.016557634083045003
0 0.16333795362903225 0.7957409274193548 0.021106350806451624 0.01008064516129037
0 0.13493603187919462 0.6912161807885906 0.01114198825503357 0.016712982382550368
0 0.1567284500838926 0.6912161807885906 0.014746749161073824 0.017368393456375864
0 0.18704121224832215 0.6690960570469799 0.015074454697986572 0.021628565436241698
0 0.013973690053285958 0.4698184946714032 0.014917295737122558 0.011448157193605701
0 0.04511538738479263 0.5248460901497696 0.013725878456221197 0.015525993663594417
0 0.37302783869395717 0.27670413011695905 0.01751340155945419 0.012183235867446351
0 0.4133848075048733 0.4076739156920078 0.015990497076023347 0.012183235867446407
0 0.1952556522869023 0.3270205301455301 0.021114864864864857 0.013399818087318105
