0 0.09347844251336898 0.12289717023172905 0.015666778074866314 0.010444518716577547
0 0.09748217468805703 0.13194908645276293 0.01810383244206773 0.012533422459893057
0 0.110363747771836 0.13717134581105167 0.017407531194295903 0.011140819964349374
0 0.11802306149732619 0.12202679367201426 0.015318627450980393 0.013577874331550804
0 0.03951509581105169 0.174075311942959 0.014274175579322632 0.009748217468805692
0 0.04787071078431372 0.2059310940285205 0.01914828431372549 0.013577874331550804
0 0.06980420008912655 0.19357174688057038 0.020540886809269153 0.012533422459893057
0 0.10392296122994651 0.19722732843137253 0.01636307932263814 0.014970476827094487
0 0.09064965109223302 0.21805313258495146 0.018251289441747573 0.011851486650485438
0 0.14469243021844663 0.1868837226941748 0.019199408373786392 0.013984754247572811
0 0.2016980810072816 0.21864570691747576 0.01279960558252427 0.016355051577669893
0 0.21082372572815536 0.21236441899271846 0.015880992111650505 0.020858616504854377
0 0.24685224514563106 0.18427639563106796 0.0173031705097087 0.010666337985436897
0 0.3477083965412621 0.22421590564320393 0.01991049757281549 0.009481189320388356
0 0.15964508056640625 0.01983642578125 0.0141143798828125 0.01220703125
0 0.018600566275167783 0.2601195469798658 0.014419043624161073 0.010486577181208045
0 0.006639314177852346 0.23193687080536912 0.012780515939597316 0.012452810402684561
0 0.08268873762376236 0.04053217821782176 0.01624381188118812 0.013149752475247523
0 0.3609451593137255 0.027924581290849675 0.01404207516339867 0.01053155637254902
0 0.3791360294117647 0.018031301062091505 0.018510008169934644 0.01244638480392157
0 0.4014756944444444 0.04084967320261438 0.019148284313725505 0.014680351307189546
0 0.4683351205065359 0.003829656862745098 0.01946742238562088 0.007659313725490196
0 0.2480790693681319 0.2851025927197802 0.01448746565934067 0.0209263392857143
0 0.3753206623134328 0.5035855876865671 0.015304337686567138 0.010931669776119424
0 0.4113951725746269 0.5300037896455223 0.010931669776119424 0.016397504664179108
0 0.49265391791044777 0.5157926189365671 0.013118003731343253 0.02222772854477606
0 0.7561665430267062 0.5953380007418397 0.010142340504451064 0.01246058976261133
0 0.7218274758902077 0.6106964020771513 0.0185459940652819 0.010142340504451064
0 0.7600063462885154 0.5764563637955182 0.011762517507002856 0.016139268207282953
0 0.15671781437125748 0.3225969935129741 0.018712574850299396 0.01130551397205587
0 0.5687444982394365 0.8636388644366196 0.010728433098591617 0.018430897887323994
0 0.5578785211267605 0.8606128961267605 0.009352992957746498 0.01623019366197176
0 0.47029884912634407 0.9911321824596774 0.018113659274193505 0.011288222446236507
0 0.44312836021505375 0.9921822496639785 0.023626512096774188 0.011288222446236618
0 0.2437056495633188 0.6872100163755459 0.014072734716157248 0.016631413755458513
0 0.35559919990723565 0.7833661873840445 0.019205125231910924 0.013769712430426684
0 0.29454139610389607 0.8864578501855289 0.016668599257884942 0.017755681818181768
0 0.2771560919721871 0.9482804598609356 0.012592841340075878 0.013086678255372908
0 0.16301979581673304 0.48828125 0.019453436254980055 0.013228336653386463
0 0.025176678445229694 0.5614233657243817 0.012192653121319199 0.009892152532391063
0 0.019655477031802135 0.5724657685512367 0.014493153710247352 0.014493153710247397
0 0.10207690329218108 0.5986636231138547 0.02036179698216735 0.016878858024691357
0 0.30147429435483875 0.708952872983871 0.013230846774193561 0.02425655241935487
0 0.07036316472114137 0.7943620298313878 0.021279182879377433 0.018239299610894988
0 0.0714882943143813 0.9330842391304348 0.019596571906354505 0.010451505016722429
0 0.5664639494091581 0.951463257016248 0.01586733751846381 0.010385893648448996
0 0.4780053490990991 0.3423423423423423 0.008797860360360343 0.015484234234234229
0 0.491259162808642 0.29248046875 0.016276041666666685 0.010549286265432112
0 0.5131112557870371 0.29217906057098764 0.020194347993827133 0.010549286265432112
0 0.4426549692622951 0.18186475409836061 0.01761014344262296 0.015368852459016397
0 0.7556640625 0.45908203125 0.016406250000000067 0.0166015625
0 0.748046875 0.47099609374999996 0.015234374999999911 0.011523437500000011
0 0.74775390625 0.4833984375 0.020117187500000022 0.009375000000000022
0 0.6174945414847162 0.45771925036390104 0.01023471615720517 0.014783478893740931
0 0.6287242994905387 0.4652531386462882 0.011656204512372592 0.014499181222707436
0 0.5303444358710563 0.4637667181069959 0.012592163923182409 0.016075102880658443
0 0.7027834699453552 0.27426997950819676 0.013163137522768653 0.009961293260473625
0 0.7102429027288732 0.21267743177816903 0.0147859815140845 0.01065966109154931
0 0.6376884352992958 0.09714045994718311 0.01822458186619713 0.01891230193661972
0 0.5857655699823944 0.14579665492957747 0.014098261443661997 0.017880721830985935
0 0.7663658405172413 0.1595501077586207 0.014816810344827513 0.01683728448275862
0 0.776299838362069 0.1533203125 0.01582704741379315 0.018521012931034503
0 0.7502020474137931 0.16628502155172414 0.013469827586206962 0.015490301724137928
0 0.890625 0.06464558622262777 0.012117928832116709 0.018176893248175174
0 0.8886647468065694 0.1886761519160584 0.011048699817518215 0.021028170620437964
0 0.7535156249999999 0.7736328125 0.009375000000000022 0.015234375000000022
0 0.7852290090221188 0.8768599025029103 0.02205507857974387 0.01523392025611181
0 0.908114162784679 0.9456198240165632 0.011929024327122173 0.018601190476190466
0 0.9395433508831521 0.9323783542798912 0.010880180027173947 0.014595363451086918
0 0.9286703773961662 0.8049620607028753 0.012792032747603765 0.019968051118210872
0 0.857690195686901 0.7807819988019169 0.019344049520766737 0.010920027955271583
0 0.9194599627560521 0.34443377560521415 0.02182262569832405 0.014548417132215996
0 0.9551035847299814 0.29642399906890127 0.013093575418994474 0.019640363128491656
0 0.9756532239292365 0.14130150139664804 0.020731494413407825 0.014912127560521404
0 0.9681625939849623 0.24389097744360905 0.017915883458646698 0.01380404135338345
0 0.9706590695488722 0.2017445958646617 0.017622180451127734 0.009985902255639084
0 0.9314497180451127 0.7086759868421052 0.01204182330827075 0.016447368421052655
0 0.852296757518797 0.8006050281954886 0.010573308270676707 0.01820958646616544
