0 0.14535288547237074 0.02245571524064171 0.014274175579322618 0.013577874331550801
0 0.032378008021390375 0.06614861853832442 0.017407531194295896 0.014622326203208559
0 0.10583778966131907 0.1702456550802139 0.02019273618538324 0.01740753119429589
0 0.38944155751708426 0.008381976082004519 0.014681805239179946 0.01601651480637813
0 0.49854223278985504 0.020521965579710144 0.014860733695652217 0.018399003623188404
0 0.07983111962190352 0.5533429758800521 0.01757048565840938 0.013241525423728917
0 0.1512276785714286 0.41505149398868457 0.011878978076379082 0.01906161598302686
0 0.15608655857740583 0.3129903242677824 0.01716134937238492 0.014709728033472813
0 0.06804410679133858 0.7412570743110236 0.014609990157480317 0.01614788385826782
0 0.24372290462427745 0.504854588150289 0.012418713872832388 0.01490245664739881
0 0.6086723513719512 0.05697408536585369 0.014588891006097615 0.02054354039634146
0 0.8974348571958457 0.1922524109792285 0.016227744807121636 0.015358401335311578
0 0.9326432678041543 0.07300746476261129 0.01593796364985156 0.01332993323442136
0 0.9574092741935484 0.09349798387096775 0.01864919354838701 0.014112903225806453
0 0.6102178423236515 0.23634163208852008 0.01512793914246191 0.015668222683264177
0 0.7884423588379705 0.33052884615384615 0.013745396890343708 0.01150777414075288
0 0.5358573717948718 0.29728120548433046 0.013911146723646683 0.018640936609686576
0 0.5218071136039886 0.24678374287749286 0.01363292378917369 0.011685363247863234
0 0.46683262271214643 0.32449173252911817 0.017223897670549104 0.01592398086522462
0 0.6458961626455907 0.4146734608985025 0.019823731281197965 0.010399334442595665
0 0.44308850364963503 0.3876311587591241 0.017107664233576625 0.015111770072992692
0 0.3264275766016713 0.5130353412256268 0.013057103064066822 0.012513057103064051
0 0.405023852915952 0.7579599056603773 0.019430746140651822 0.010385398799313883
0 0.32991236162361626 0.8390942112546125 0.013693496309963082 0.0158556273062731
0 0.15444711538461542 0.7056415264423077 0.0178410456730769 0.014711037660256387
0 0.20295544657762937 0.8109022850584308 0.014672892320534231 0.013694699499165353
0 0.30855252308707126 0.6786929007255937 0.012625742084432734 0.01649076517150394
0 0.4632529972484276 0.8924184355345912 0.01504766116352202 0.019654088050314544
0 0.650359122983871 0.5698714717741935 0.016066028225806384 0.013230846774193505
0 0.7809920400943396 0.4690448113207547 0.013635023584905648 0.015477594339622591
0 0.8609275548090523 0.8656238949787836 0.016299062942008447 0.011878978076379054
0 0.9192174239745403 0.9048521481612446 0.01961412659123052 0.014089020509193806
0 0.9458760608203677 0.9324776785714286 0.015470297029702929 0.015746552333804842
0 0.9536112093352191 0.8269481524045261 0.020442892503536148 0.01353650990099009
0 0.9199080622347948 0.7982176007779349 0.01657531824611025 0.014641531117397522
0 0.87724609375 0.85205078125 0.014257812500000022 0.013476562499999956
0 0.89111328125 0.8626953125 0.013476562499999956 0.012499999999999956
0 0.98828125 0.4922783430232558 0.015443313953488302 0.017260174418604668
0 0.8999660326086957 0.4930366847826087 0.01596467391304346 0.016644021739130488
0 0.7939877717391304 0.5280230978260869 0.01596467391304357 0.01868206521739124
0 0.8325302235401459 0.634722855839416 0.012830748175182483 0.02138458029197088
0 0.9325031364051095 0.7291714187956204 0.01960253193430661 0.021384580291970767
0 0.6937086564781022 0.6912137887773723 0.018889712591240837 0.011048699817518326
0 0.9848953581204379 0.9544223312043796 0.0196025319343065 0.01710766423357668
