0 0.10221998762376236 0.014039294554455429 0.01740408415841585 0.0135365099009901
0 0.1770575495049505 0.014426051980198001 0.017790841584158418 0.015857054455445545
0 0.19832920792079206 0.04517326732673266 0.017790841584158418 0.01314975247524753
0 0.28438273514851486 0.08094832920792078 0.01585705445544555 0.015083539603960402
0 0.29791924504950495 0.1555925123762376 0.02049814356435642 0.016630569306930687
0 0.3408493193069307 0.1857595915841584 0.015857054455445496 0.01740408415841585
0 0.3770111386138614 0.19968285891089108 0.019337871287128716 0.016630569306930687
0 0.39557549504950495 0.1875 0.015470297029702984 0.01237623762376236
0 0.44488706683168316 0.1793780940594059 0.02049814356435642 0.01624381188118812
0 0.4671256188118812 0.22849628712871284 0.019337871287128716 0.015470297029702956
0 0.026971726190476192 0.3390997023809524 0.013020833333333332 0.010044642857142905
0 0.024181547619047616 0.25111607142857145 0.015624999999999997 0.014136904761904795
0 0.06566220238095238 0.20163690476190477 0.017485119047619048 0.016369047619047616
0 0.13097219088447654 0.07015737815884476 0.008108641696750907 0.014807084837545129
0 0.3144068424170616 0.202865817535545 0.01481042654028436 0.013884774881516598
0 0.2896562117191994 0.21313082675761347 0.00912334365956785 0.013433355726917312
0 0.32441529088050314 0.250221108490566 0.014494889937106903 0.015477594339622647
0 0.3543877751572327 0.26692708333333337 0.017934355345911923 0.018425707547169823
0 0.23233489372469635 0.29401252530364375 0.012915401484480421 0.012388242240215896
0 0.2873744806094183 0.31848381232686984 0.013796312326869842 0.018124567174515216
0 0.33135378228782286 0.32138395602706027 0.017537284747847492 0.018257995079950795
0 0.31513779981549817 0.3025253690036901 0.013453259532595296 0.017537284747847492
0 0.26735669513081395 0.1674293695494186 0.013626453488372048 0.014194222383720922
0 0.26405736019736836 0.4880670915570175 0.009851288377193013 0.01627604166666663
0 0.10690836681974747 0.36837148392652125 0.009866532721010332 0.011660447761194015
0 0.21069534425813008 0.5892125571646342 0.01568057672764228 0.015283600101626105
0 0.4311334092244419 0.5653964086368978 0.014918111045828464 0.015377129847238491
0 0.4535105757931845 0.5831833871915394 0.017901733254994112 0.009639394829612291
0 0.2773807760663507 0.6376135466034755 0.01851303317535541 0.013267673775671396
0 0.3045332247235387 0.6510354956556081 0.018513033175355464 0.016044628751974765
0 0.40695017688679247 0.7253464033018868 0.018057193396226412 0.017320165094339646
0 0.3759836699417758 0.7830979348617176 0.017342157933042224 0.012224799854439583
0 0.3206161871189025 0.7261278105945121 0.012504763719512202 0.01310022865853655
0 0.09234193313953487 0.6796420784883721 0.014989098837209308 0.013172238372093026
0 0.20903682859399683 0.8427996642969984 0.01388477488151657 0.013267673775671396
0 0.22107030015797785 0.8491249506319114 0.015118977093206948 0.016661729857819885
0 0.2761314655172414 0.9263713567323482 0.015394088669950734 0.016997639573070655
0 0.11757756776034237 0.9552480830955778 0.014488231098430823 0.016995809557774577
0 0.15702545222634506 0.8110867926716141 0.011957908163265307 0.014856794990723565
0 0.15086531771799627 0.8038395756029686 0.014856794990723565 0.016306238404452666
0 0.0646098834056399 0.5927162418655096 0.015675840563991315 0.016946854663774436
0 0.1379050298264642 0.5469597342733188 0.01737052603036876 0.016946854663774436
0 0.405562138496144 0.8219191838046273 0.01681997107969152 0.018075192802056606
0 0.4734413296568627 0.1785577512254902 0.016914317810457546 0.014999489379084963
0 0.5440055941358025 0.2353636188271605 0.017481674382715973 0.016878858024691357
0 0.5915764435695539 0.1452027969160105 0.015891568241469867 0.00948367782152229
0 0.5789084885386819 0.245226316260745 0.012311962750716332 0.014270684097421216
1 0.5958879184861717 0.32452579148471616 0.03411572052401746 0.028714064774381376
0 0.7510924258474576 0.0976231461864407 0.017213983050847426 0.013903601694915252
0 0.6863839285714286 0.3143243475274725 0.013736263736263687 0.01566792582417581
0 0.6989397321428572 0.317865728021978 0.01480940934065933 0.020175137362637374
0 0.7114955357142858 0.3250558035714286 0.014594780219780223 0.019960508241758268
0 0.9762554048742138 0.023032134433962265 0.015968946540880546 0.019654088050314465
0 0.9932930424528301 0.03833161360062893 0.009507665094339646 0.01708677279874214
0 0.9866966391509433 0.19300928655660377 0.015968946540880435 0.01689023191823899
0 0.9873815597667638 0.2143882106413994 0.011957908163265252 0.014235604956268216
0 0.9144362461419753 0.3019748263888889 0.017481674382716084 0.018687307098765427
0 0.9179024402006173 0.2829861111111111 0.015974633487654266 0.016878858024691357
0 0.9398501016260162 0.4547446646341463 0.01810213414634143 0.013973577235772361
0 0.6375127032520325 0.3729674796747967 0.020642784552845517 0.013020833333333315
0 0.7142085873983739 0.42219258130081305 0.017149390243902496 0.013020833333333315
0 0.7402502540650406 0.4685594512195122 0.018419715447154372 0.016831808943089444
0 0.8631351500984252 0.6111128198818898 0.01614788385826771 0.013456569881889702
0 0.8571758120078741 0.6232237327755905 0.015763410433070946 0.01230314960629919
0 0.8160371555118111 0.6134196604330708 0.01422551673228345 0.019608144685039353
0 0.8254567544291338 0.5980407234251969 0.013072096456692939 0.012687623031496065
0 0.7918758095854923 0.6635227763385148 0.019902310017271163 0.020914291882556113
0 0.7981163644214162 0.6736425949913645 0.018215673575129543 0.021588946459412672
0 0.6449442975830816 0.5312086952416919 0.014161631419939535 0.017407005287009114
0 0.699344758064516 0.5473475302419355 0.011340725806451624 0.01228578629032262
0 0.759864936440678 0.8527060862865948 0.012639637904468426 0.012940581664098616
0 0.8661334325396826 0.6466393849206349 0.007440476190476164 0.01302083333333337
0 0.5537884424603174 0.7194940476190477 0.015811011904761973 0.014880952380952328
0 0.5504659473094171 0.8203708893871449 0.016057081464872947 0.013429559043348305
0 0.5685487877583466 0.7082795111287759 0.01676768680445151 0.017388712241653392
0 0.43568094851576994 0.8826530612244898 0.016306238404452666 0.015219155844155785
0 0.5317065746753247 0.7435064935064937 0.014856794990723565 0.017393320964749548
0 0.6406023222060958 0.9070664005805515 0.019843069666182878 0.018142235123367212
0 0.662004490203193 0.9243582184325108 0.024095156023221986 0.0204100145137881
0 0.9642152494908349 0.4128850560081467 0.016706975560081383 0.016706975560081494
0 0.7818609300947867 0.7423664593206951 0.025301145339652442 0.011107819905213367
0 0.7957749640804598 0.4826014727011494 0.014966475095785414 0.012721503831417624
0 0.6508993336707153 0.6991344045209178 0.015551197705802933 0.015024038461538436
0 0.7393304106714629 0.8856976918465228 0.013114508393285429 0.013582883693045611
