0 0.24433992346938774 0.028300382653061222 0.018335459183673464 0.018335459183673467
0 0.04424426020408163 0.09327168367346939 0.011957908163265307 0.015943877551020405
0 0.32844387755102034 0.09925063775510204 0.009566326530612235 0.019929846938775517
0 0.4145408163265306 0.09725765306122448 0.019132653061224525 0.012755102040816313
0 0.4819036989795918 0.19292091836734693 0.01992984693877553 0.01434948979591838
0 0.5397002551020408 0.13911033163265307 0.00956632653061229 0.019929846938775503
0 0.5504623724489796 0.14309630102040816 0.010363520408163351 0.018335459183673464
0 0.6090561224489796 0.2120535714285714 0.012755102040816313 0.02072704081632651
0 0.7370057397959183 0.06816007653061223 0.021524234693877542 0.01355229591836734
0 0.8912627551020407 0.2598852040816326 0.014349489795918324 0.01434948979591838
0 0.9032206632653061 0.23995535714285712 0.011160714285714302 0.01913265306122447
0 0.03722347508591068 0.926197379725086 0.0154370704467354 0.013423539518900296
0 0.03319641323024057 0.9345870919243986 0.016779424398625432 0.014094716494845283
0 0.314147739475945 0.9933318567439862 0.01623577104810997 0.009430036512027562
0 0.34063238294673537 0.9906471488402062 0.010141484106529208 0.01479945231958768
0 0.3515557882302406 0.9923250912800687 0.007825923539518886 0.011443567439862523
