0 0.8284801136363635 0.08866003787878791 0.015782828282828287 0.01841329966329966
0 0.7814604377104377 0.13074757996633 0.013809974747474807 0.01709806397306396
0 0.9205466119528619 0.031776094276094305 0.015782828282828287 0.01775568181818182
0 0.9093671085858586 0.0258575336700337 0.017098063973063904 0.01644044612794613
0 0.754826914983165 0.007773042929292961 0.01841329966329963 0.013152356902356901
0 0.12154093013468015 0.3040298821548822 0.013152356902356874 0.020386153198653223
0 0.02322706228956232 0.3000841750841751 0.015125210437710437 0.020386153198653223
0 0.02552872474747478 0.3207991372053872 0.010521885521885519 0.02104377104377103
0 0.398069234006734 0.33855481902356904 0.013809974747474751 0.015782828282828287
0 0.38886258417508424 0.3533512205387206 0.011179503367003407 0.01907091750841755
0 0.8002183406113537 0.9614151200873362 0.009808269650654955 0.012366948689956248
0 0.8136514055676856 0.9788994268558951 0.01023471615720517 0.01492562772925754
0 0.9771936408296943 0.8923307860262009 0.012366948689956248 0.016631413755458513
