0 0.10509672619047619 0.03952752976190476 0.012090773809523808 0.018601190476190476
0 0.01556838768115942 0.14294610507246375 0.011888586956521738 0.023211050724637666
0 0.024060235507246376 0.15568387681159418 0.010756340579710144 0.01924818840579709
0 0.1350203804347826 0.4410099637681159 0.017549818840579712 0.019248188405797118
0 0.09086277173913043 0.5726336050724637 0.014153079710144928 0.019814311594202882
0 0.08746603260869565 0.6247169384057971 0.013020833333333343 0.022078804347826053
0 0.03508473970251716 0.29520344679633864 0.012961241418764306 0.020112271167048057
0 0.22078804347826086 0.3658198655606407 0.011620423340961084 0.019218392448512533
0 0.11463994565217392 0.7488468964530892 0.013855120137299767 0.02368778604118993
0 0.09050522025171626 0.853654176201373 0.011173483981693363 0.02145308924485123
0 0.15933388157894737 0.9168960955377574 0.021006149885583525 0.01743063501144171
0 0.19687315307328607 0.7544141548463357 0.011543291962174934 0.019392730496453958
0 0.33138169134396356 0.8018668137813212 0.02046554669703876 0.010232773348519353
0 0.37228215939153436 0.5520936673280423 0.0180844907407407 0.012917493386243373
0 0.5112743882275133 0.5027488425925926 0.01188409391534384 0.019634589947089998
0 0.5169564938398357 0.2717129748459959 0.01684419917864466 0.018047356262833714
0 0.3485785590277778 0.4756866939484127 0.012013268849206338 0.020538814484126977
0 0.38271255330490406 0.695045975479744 0.009994669509594878 0.02165511727078895
0 0.6868030342323652 0.033397627074688824 0.021881483402489632 0.01337201763485477
0 0.7787388392857143 0.4034598214285714 0.021763392857142794 0.018973214285714246
0 0.8164820995145632 0.38755309466019416 0.011377427184466105 0.020479368932038833
0 0.8119311286407767 0.4097390776699029 0.01289441747572806 0.02010012135922329
0 0.806811286407767 0.4340109223300971 0.012515169902912682 0.016307645631067957
0 0.8060137407235622 0.47064877087198514 0.00905902133580705 0.013769712430426684
0 0.640077847960993 0.3742935505319149 0.019739029255319118 0.011774157801418439
0 0.9840406813063063 0.8932027730855856 0.017595720720720798 0.014516469594594628
0 0.008841306584362139 0.696721750685871 0.016075102880658436 0.007769633058984926
0 0.6443587886313465 0.1332264072847682 0.01853959713024289 0.012934602649006616
0 0.9172279094827587 0.17706088362068964 0.012122844827586188 0.02155172413793105
