0 0.16816552005597013 0.22154850746268656 0.012024836753731338 0.01821944962686567
0 0.1873157429245283 0.05870430424528301 0.009949882075471678 0.018057193396226426
0 0.6555169235924934 0.22326365616621985 0.023039544235924914 0.013090650134048254
0 0.7144751138245033 0.3291856374172185 0.010671047185430438 0.018108443708609256
0 0.1324341168091168 0.4318019943019943 0.01224180911680911 0.023370726495726468
0 0.24567085113960113 0.5397524928774928 0.010572471509971537 0.020032051282051322
0 0.2698762464387464 0.5881632834757834 0.017806267806267817 0.016693376068376065
0 0.30521055911680905 0.5773125890313391 0.020588497150997143 0.01613693019943019
0 0.4053708155270655 0.501079504985755 0.015024038461538436 0.018362713675213693
0 0.30966212606837606 0.6886017628205128 0.01613693019943019 0.01724982193732183
0 0.6669003739316239 0.3313635149572649 0.01613693019943019 0.015024038461538491
0 0.07039040242165243 0.9412281873219372 0.00945957977207977 0.01724982193732194
0 0.44126157407407407 0.946514423076923 0.020032051282051266 0.016693376068376065
0 0.7364157321899736 0.9373969327176781 0.01958278364116095 0.01649076517150405
0 0.787434036939314 0.8083051616094987 0.01339874670184693 0.018036774406332445
1 0.859323466358839 0.7320353726912929 0.028343502638522367 0.01906744722955145
1 0.8876669689973615 0.6062932882585752 0.021128792875989455 0.020098120052770452
0 0.9917649241424802 0.679471058707124 0.011852737467018537 0.021128792875989455
0 0.776096635883905 0.5287351583113457 0.02576682058047497 0.013398746701847042
0 0.7964524241424802 0.5310541721635884 0.01906744722955145 0.013914083113456432
0 0.8111395118733509 0.22700568931398415 0.012368073878627928 0.020098120052770452
0 0.885582508605852 0.24115210843373494 0.014455141996557619 0.018489135111876054
0 0.772705078125 0.3436279296875 0.01220703125 0.01953125
