3 0.10356538614649682 0.24341494161358812 0.07194632430997878 0.0642748142250531
3 0.03234474522292993 0.09268013535031847 0.06344546178343949 0.06095740445859872
3 0.1816281847133758 0.38803327361995754 0.07008028131634819 0.06240877123142252
3 0.545703125 0.03349609375 0.06210937500000002 0.0654296875
3 0.610546875 0.015429687499999999 0.05820312500000002 0.03046875
3 0.42578125 0.08466796875 0.07109374999999996 0.0669921875
3 0.6456163194444444 0.4734157986111111 0.06770833333333337 0.08051215277777779
3 0.7337239583333334 0.4223090277777778 0.06640625 0.078125
3 0.8044704861111112 0.3916015625 0.06380208333333337 0.07139756944444442
3 0.9156901041666667 0.3728298611111111 0.06401909722222221 0.07378472222222221
3 0.9803602430555556 0.4392361111111111 0.03537326388888884 0.05902777777777779
3 0.7968213979416809 0.7767206260720412 0.07537789451114918 0.0673375857632933
1 0.766869848901099 0.8320097870879122 0.020604395604395642 0.028116414835164805
1 0.8135516826923077 0.7992788461538461 0.011375343406593408 0.019745879120879106
1 0.7594651442307692 0.835229223901099 0.01781421703296704 0.027687156593406592
1 0.7358559409340659 0.8472484546703296 0.01781421703296704 0.027687156593406592
1 0.7279146634615385 0.8505752060439561 0.015667925824175755 0.027043269230769162
1 0.6948617788461539 0.9225832760989011 0.016097184065934078 0.02554086538461542
1 0.24326171875 0.4185546875 0.02558593749999999 0.01835937500000001
