0 0.19205588552915764 0.01593716252699783 0.0130770788336933 0.019404697624190066
0 0.21588991630669543 0.014671638768898477 0.010967872570194381 0.021092062634989202
0 0.48414437269372695 0.11658210332103322 0.022342020295202936 0.01585562730627306
0 0.8403059398854962 0.19233062977099236 0.019382156488549573 0.01938215648854963
0 0.9338621183206107 0.2325858778625954 0.021618559160305306 0.017891221374045807
0 0.7709482230392157 0.9420062295751634 0.022977941176470673 0.019148284313725505
0 0.9182381465517242 0.8953394396551724 0.020878232758620774 0.018184267241379337
0 0.7555348746081505 0.3370518221003135 0.012245297805642652 0.017755681818181823
0 0.7520893895348837 0.2947515443313954 0.014478106831395277 0.018452489098837177
0 0.700132443669528 0.4601830740343348 0.019698900214592308 0.010897263948497882
0 0.6152519707207207 0.5249272710210211 0.016422672672672722 0.009384384384384381
0 0.7715606231231231 0.7126149587087087 0.013490052552552534 0.016422672672672722
