0 0.21402507485029942 0.0695873877245509 0.018712574850299396 0.016373502994011975
0 0.14710172134935307 0.06623295979667283 0.014079829020332724 0.014801871534195925
0 0.4777708535992218 0.11393482490272372 0.01025960603112841 0.018239299610894946
0 0.3511947567991631 0.048828125 0.015118331589958178 0.019204367154811712
0 0.40611399903288203 0.39175834139264987 0.021155705996131535 0.01964458413926501
0 0.4716589095744681 0.37154708655706 0.012466755319148926 0.01700012088974856
0 0.23879894578313254 0.32488547941767065 0.010197038152610416 0.018433107429718876
0 0.2286019076305221 0.33449422690763053 0.012550200803212841 0.01882530120481929
0 0.20938441265060243 0.35841804718875503 0.01176581325301207 0.019609688755020116
0 0.18624497991967873 0.38724428965863456 0.012550200803212841 0.016864332329317278
0 0.19722640562249 0.4317582831325301 0.022747238955823285 0.015687751004016093
0 0.21811944254445967 0.43480677154582764 0.020573272913816665 0.013626453488372103
0 0.37457423226643594 0.6883245025951557 0.02196420847750863 0.013516435986159148
0 0.025725736568457537 0.6252030979202772 0.013539861351819754 0.020309792027729645
0 0.01726332322357019 0.6209718912478336 0.013539861351819756 0.017940316291161107
0 0.0066006824090121315 0.6170791811091854 0.012524371750433274 0.01827881282495669
0 0.006939178942807625 0.6720848678509532 0.010493392547660312 0.021325281629116177
0 0.41716202445652173 0.6538722826086956 0.011322463768115909 0.019106657608695676
0 0.4341457201086956 0.6559952445652173 0.015568387681159424 0.019814311594202882
0 0.40457705301455305 0.8177381107068606 0.010963487525987525 0.019490644490644526
0 0.23131968267581476 0.896655231560892 0.013065501715265854 0.019095733276157767
0 0.24070004288164665 0.8998378537735849 0.009045347341337912 0.01809069468267588
0 0.09742887805587894 0.9497326105937136 0.01978135913853317 0.011368597206053543
0 0.35350954049844235 0.974128699376947 0.021904205607476634 0.01216900311526481
0 0.5668505230686696 0.03686628218884122 0.016345895922746823 0.011735515021459229
0 0.4868116961414791 0.64742639670418 0.013502311093247621 0.01821241961414788
0 0.4962319131832797 0.7182350281350482 0.011618267684887384 0.018526426848874622
0 0.48696869975884244 0.749164740755627 0.011932274919614128 0.017584405144694504
0 0.4783335008038585 0.7824495076366559 0.010990253215434065 0.018840434083601254
0 0.47378039590032156 0.8078840936495177 0.012560289389067503 0.01821241961414788
0 0.46561620779742763 0.8358307375401929 0.010048231511254058 0.018840434083601254
0 0.45949306672025725 0.8570262258842444 0.009106209807073995 0.021666499196141498
0 0.4500728496784566 0.8998882134244373 0.01161826768488744 0.01946844855305474
0 0.4464617664790997 0.9223397307073955 0.011932274919614128 0.020410470257234747
0 0.5026690614951769 0.8884269493569132 0.016328376205787754 0.01099025321543412
0 0.6029943729903536 0.9488733420418006 0.012874296623794246 0.021352491961414755
0 0.5209833429339478 0.766549059139785 0.01050067204301075 0.021601382488479315
0 0.5308839765745008 0.7654989919354839 0.01050067204301075 0.022501440092165925
0 0.558305415202109 0.7213518782952548 0.02162510984182775 0.012013949912126565
0 0.7878181039029536 0.40770042194092826 0.018130274261603407 0.011949498945147685
0 0.9639263014527846 0.1389319763922518 0.01560608353510895 0.020808111380145267
0 0.8383075842696629 0.04454880617977528 0.016678370786516794 0.010972612359550563
0 0.9724864130434783 0.3834918478260869 0.016304347826086918 0.018342391304347838
0 0.9137264784946236 0.5665042562724014 0.02065132168458783 0.01155073924731187
0 0.9214779361263736 0.8745278159340659 0.016633756868131844 0.01717032967032961
0 0.9490904132443532 0.7766378978439425 0.02125577515400412 0.009224204312115014
0 0.879099047746781 0.7778802306866952 0.019698900214592308 0.012573766094420624
0 0.6131361903183024 0.6908467340848806 0.018132460212201607 0.010879476127320986
0 0.8968138753056234 0.6281994957212714 0.021966687041564792 0.010983343520782451
0 0.8189753973105135 0.39110253667481665 0.020056540342298312 0.010505806845965804
