0 0.09328712066473988 0.05772444002890173 0.012983200867052028 0.022014992774566478
0 0.10090569690265488 0.03505254424778764 0.013827433628318578 0.02108683628318584
0 0.2537516861510792 0.23126967176258995 0.0228332958633094 0.012294851618705027
0 0.13133009217625902 0.07213916366906478 0.009835881294964044 0.019320481115107917
0 0.05605772630834514 0.4860491071428571 0.01768033946251768 0.010221446251768074
0 0.013997944772344013 0.4354184232715008 0.012186446037099494 0.013833263069139956
0 0.2149096226812816 0.4438171901349073 0.018114987352445183 0.01350389966273191
0 0.10803119730185498 0.6648200358347387 0.014491989881956158 0.019432440978077614
0 0.14961129926108374 0.7288138854679803 0.01763905993431855 0.011224856321839116
0 0.05901067323481117 0.7631298747947455 0.019242610837438424 0.010583435960591192
0 0.05724676724137931 0.7839760365353038 0.015073378489326765 0.010583435960591192
0 0.13020833333333334 0.7913523706896552 0.01795977011494254 0.01186627668308693
0 0.4234699588108882 0.013677471346704901 0.010353241404011448 0.01790830945558739
0 0.3848456468133536 0.06431382776934749 0.00978044385432475 0.01659711684370259
0 0.3773789943609023 0.08866893796992484 0.012335526315789491 0.019971804511278196
1 0.36313439849624063 0.14682213345864664 0.016153665413533802 0.0276080827067669
0 0.36886160714285715 0.11539591165413536 0.01351033834586468 0.021146616541353386
0 0.3753230733082707 0.14961231203007525 0.010573308270676707 0.019090695488721804
0 0.35990366541353386 0.17237429511278196 0.012629229323308233 0.01820958646616541
0 0.3527079417293233 0.19851386278195493 0.011748120300751841 0.02055921052631579
0 0.3447779605263158 0.22406602443609025 0.014097744360902276 0.021146616541353386
0 0.4069416302992519 0.3465457450124688 0.015098971321695798 0.018995480049875335
0 0.5838288163716814 0.16589463495575224 0.007605088495575174 0.017284292035398247
0 0.7927684294871794 0.16860309829059827 0.01569177350427342 0.017361111111111105
0 0.7470463379705401 0.18364489566284778 0.010229132569558153 0.020138604746317512
0 0.9024996717436975 0.1791048450630252 0.02256762079831931 0.011899290966386561
0 0.8160021551724138 0.3465786637931034 0.020474137931034475 0.012122844827586243
0 0.8351293103448276 0.3471174568965517 0.010237068965517238 0.015355603448275856
0 0.5788004122103386 0.6261488970588235 0.011488970588235281 0.01705938057041001
0 0.4851478943850267 0.5060369318181818 0.018451983065953637 0.014274175579322701
0 0.3283060383244207 0.6585269050802138 0.016711229946524075 0.010096368092691654
0 0.5340630570409982 0.7915204434046346 0.018103832442067702 0.013577874331550777
0 0.48880347593582885 0.8270318070409981 0.021585338680926935 0.010792669340463523
0 0.4600731102195946 0.9043100717905406 0.0168259079391892 0.009897592905405372
0 0.26690508868243246 0.8384910789695946 0.021114864864864857 0.009567673141891886
0 0.6188676075268817 0.7014028897849462 0.01050067204301075 0.019321236559139754
0 0.870967944847021 0.9080804649758454 0.02170138888888884 0.016040157004830857
