0 0.16452955163043476 0.07058848505434782 0.01698369565217392 0.01946048460144928
0 0.14845501681614348 0.06203872384155455 0.014305399850523176 0.018976550822122566
0 0.21209944880418535 0.08437266442451419 0.013137612107623292 0.020436285500747373
0 0.22465316704035873 0.2391045403587444 0.015473187593423032 0.021604073243647243
0 0.042648451426024955 0.03115948083778966 0.013577874331550797 0.021237188057041
0 0.08773395721925134 0.19827178030303028 0.013229723707664884 0.02054088680926916
0 0.10374888591800356 0.31612076648841353 0.011140819964349374 0.021585338680926935
0 0.37657114852398527 0.06828730396678967 0.017297047970479706 0.019819534132841328
0 0.41093110940695293 0.06803585122699383 0.01278118609406953 0.01637589468302658
0 0.3853687372188139 0.0920005751533742 0.015976482617586885 0.02116883946830267
0 0.39894874744376274 0.11975971370143147 0.015177658486707546 0.020769427402863
0 0.4077358128834355 0.1477185582822086 0.013580010224948869 0.01837295501022493
0 0.4187196446830266 0.17108416411042943 0.014778246421267904 0.019571191206543964
0 0.5067900051124744 0.18825888292433535 0.01997060327198369 0.01238177402862986
0 0.33696603641456585 0.32451965161064433 0.021883753501400593 0.016139268207282897
0 0.5554290452167414 0.18874369394618834 0.0218960201793722 0.014305399850523176
0 0.20533214414739884 0.3662109375 0.02229723627167629 0.010443009393063585
0 0.29416419719827586 0.40886819773706895 0.018521012931034475 0.027360587284482707
1 0.33141668911637934 0.3935041756465517 0.03156990840517243 0.05303744612068967
1 0.41119791666666666 0.5591145833333333 0.025520833333333326 0.03802083333333328
1 0.42628831129807687 0.5984387520032051 0.026918068910256443 0.039438100961538436
0 0.37699068509615385 0.5098595252403846 0.016589042467948734 0.021284054487179516
0 0.37135667067307687 0.603446764823718 0.014711037660256443 0.02065805288461542
0 0.3109859496124031 0.4849503391472868 0.011506782945736427 0.01483769379844957
1 0.5103737408424909 0.752189217032967 0.025040064102564152 0.03791781135531136
0 0.5987552753215434 0.4155320538585209 0.021352491961414755 0.009734224276527315
0 0.5698402279713115 0.35431608606557374 0.02081198770491799 0.017209912909836034
0 0.6931112320696722 0.424956775102459 0.014408299180327822 0.020811987704918045
0 0.7089203381147542 0.42055423924180324 0.016409451844262235 0.0200115266393443
0 0.7295973938529784 0.4118742078580481 0.012624762357414498 0.018813371356147024
0 0.9839904921700224 0.4185892058165548 0.016603747203579378 0.013108221476510085
0 0.8284675565770863 0.24888392857142855 0.011050212164073536 0.017680339462517652
0 0.8382746198727016 0.24985082213578502 0.010773956859971734 0.017404084158415795
0 0.727185404247392 0.3039598081222057 0.01484491430700452 0.018919988822652778
0 0.7149454311279826 0.2811059517353579 0.015675840563991406 0.016523183297180055
0 0.5806492554151624 0.44139214801444043 0.023268276173285196 0.013396886281588416
0 0.832474597392638 0.6758052147239264 0.0221673696319018 0.010784125766871155
0 0.8152382046568627 0.5479600694444444 0.009893280228758128 0.019786560457516367
0 0.7935398391812866 0.702927022417154 0.009518153021442544 0.020178484405458108
0 0.8252849486714976 0.592938556763285 0.012737771739130377 0.02264492753623193
0 0.9016804245283019 0.6385613207547169 0.01842570754716988 0.011792452830188704
0 0.9693027712264151 0.6533018867924528 0.018057193396226467 0.016951650943396235
0 0.9735406839622642 0.6632517688679245 0.018425707547169767 0.014003537735849059
0 0.9759360259433962 0.6754127358490566 0.018794221698113178 0.01474056603773577
0 0.9746462264150944 0.6883107311320755 0.021373820754716943 0.013266509433962237
0 0.8666715801886793 0.6439047759433962 0.013266509433962237 0.022479363207547176
