0 0.009051916221033868 0.02576314616755793 0.016014928698752227 0.013926024955436718
0 0.009447674418604664 0.09820887839147288 0.012869428294573644 0.02157521802325582
0 0.029319585755813966 0.10577913032945738 0.016276041666666664 0.022332243217054265
0 0.04493270563770796 0.11442929759704251 0.014801871534195939 0.02093923290203327
0 0.08900615253411305 0.11794133771929824 0.023605019493177393 0.01827485380116961
0 0.06159387183235866 0.2161686769005848 0.01675194931773879 0.011421783625730986
0 0.0781554580896686 0.2214988425925926 0.011041057504873303 0.015229044834307981
0 0.2673763401559454 0.23082663255360625 0.01484831871345027 0.0209399366471735
0 0.14145630720823799 0.27754934210526316 0.015642877574370717 0.011620423340961084
1 0.07754397883295194 0.26078911613272315 0.025475543478260865 0.015642877574370717
0 0.10217222341337909 0.2906169596912521 0.016080617495711838 0.015745604631217824
0 0.09513695325900515 0.2872668310463122 0.015410591766723838 0.021105810463121766
1 0.08290898370497428 0.2860942860205832 0.017085656089193824 0.022780874785591765
0 0.0893673780487805 0.3918635670731707 0.014291158536585372 0.020960365853658514
0 0.08126905487804881 0.4147294207317073 0.01206808943089431 0.017149390243902385
1 0.012501565631262547 0.24245365731462926 0.016439128256513027 0.030921217434869724
0 0.3647685996993988 0.09156594438877758 0.018787575150300606 0.011742234468937879
0 0.46233799660852715 0.021181564922480633 0.018547117248062017 0.010598352713178293
0 0.4562817950581395 0.028562560562015515 0.02081819282945735 0.012490915697674417
0 0.4500363372093023 0.045595627422480633 0.020439680232558155 0.014004966085271318
0 0.4466145833333333 0.054427083333333334 0.021354166666666674 0.011979166666666666
0 0.39849110205831906 0.1577843589193825 0.018425707547169823 0.012730488850771882
0 0.4313223627787307 0.14220626072041165 0.018425707547169823 0.013735527444253853
0 0.4083739815608919 0.1401961835334477 0.018090694682675823 0.013735527444253853
0 0.4344512195121952 0.0797923018292683 0.019054878048780477 0.01286204268292683
0 0.44921875 0.09622713414634147 0.016196646341463394 0.011432926829268303
0 0.4425495426829269 0.11575838414634147 0.01714939024390244 0.01333841463414634
0 0.43135480182926833 0.08931974085365854 0.020483993902439046 0.011909298780487798
0 0.42635289634146345 0.09789443597560976 0.02096036585365857 0.011909298780487812
0 0.42278010670731714 0.10599275914634147 0.02048399390243899 0.013814786585365862
0 0.4194455030487805 0.11552019817073172 0.022389481707317083 0.01667301829268293
0 0.4380170036764706 0.23162585346638656 0.015181853991596661 0.016002494747899165
0 0.4437614889705882 0.2406529017857143 0.013540572478991597 0.013540572478991597
0 0.471663274684874 0.2578863576680672 0.013540572478991597 0.02010569852941177
0 0.4831522452731093 0.2648618040966387 0.013540572478991597 0.021746980042016806
0 0.5020269826680672 0.2722475709033614 0.011899290966386589 0.018464417016806733
0 0.508797268907563 0.28086429884453784 0.011488970588235281 0.016002494747899165
0 0.5189151863084922 0.28129061958405543 0.011508882149046773 0.017601819757365633
0 0.5282238409878683 0.28552182625649913 0.0111703856152513 0.016586330155979156
0 0.5378709922010398 0.28941453639514725 0.01218587521663772 0.019632798960138642
0 0.6660967797783933 0.35662655817174516 0.019747662742382266 0.014337344182825507
0 0.6639326523545707 0.36893503289473684 0.021911790166204925 0.014607860110803339
0 0.7076279418294849 0.16921763987566607 0.01734569271758435 0.013876554174067496
1 0.9241104125976562 0.09822845458984375 0.0179290771484375 0.0270843505859375
1 0.9355545043945312 0.1041412353515625 0.0225067138671875 0.031280517578125
0 0.94146728515625 0.118255615234375 0.014495849609375 0.01983642578125
0 0.8581283244680851 0.1155252659574468 0.014128989361702038 0.02077792553191489
0 0.9198387632978724 0.035738031914893616 0.018700132978723416 0.014960106382978722
0 0.9154753989361701 0.04384142287234043 0.019115691489361653 0.01371343085106383
0 0.9074543230830672 0.06099615615015974 0.017784045527156622 0.013416034345047921
0 0.9085463258785943 0.05148013178913738 0.017472044728434444 0.011856030351437695
1 0.9869030367943548 0.043023878528225805 0.017719884072580627 0.024020287298387098
1 0.7646668632075471 0.4465163128930817 0.04708791928721168 0.02825275157232704
0 0.7573308171452703 0.40497650971283783 0.010227512668918859 0.017485747466216228
0 0.7982408678209459 0.40431667018581086 0.022764463682432456 0.015506228885135143
0 0.8028597445101351 0.3940891575168919 0.020784945101351426 0.012866870777027029
1 0.9725889974892397 0.035117019368723086 0.023538378766140622 0.028302098278335727
0 0.8182663690476191 0.35639880952380953 0.021205357142857206 0.011160714285714302
0 0.8177083333333333 0.37072172619047616 0.011904761904761973 0.01599702380952378
0 0.8363466005067568 0.29791754645270274 0.0092377533783784 0.014516469594594572
0 0.852928055362117 0.3786559888579387 0.012785080083565381 0.019041608635097518
0 0.8620408252089137 0.38232829909470756 0.012513057103064051 0.01604935584958217
0 0.8499358025766017 0.3987856894150418 0.016049355849582225 0.01795351671309192
0 0.8436792740250697 0.42381180362116994 0.015505309888579344 0.019041608635097518
1 0.9514832427536233 0.25578074677938806 0.019814311594202882 0.02987872383252818
1 0.9385882145732689 0.25310738727858295 0.023588466183574908 0.0327093397745572
0 0.9647875760508848 0.2584001659292035 0.017068238384955747 0.02203747234513273
0 0.8062986832344213 0.5046364985163204 0.018256212908011937 0.012460589762611274
0 0.8289016135014837 0.5123156991839762 0.018835775222551976 0.011011683976261066
0 0.8507800908753709 0.5181113223293768 0.0185459940652819 0.011011683976261066
0 0.872513677670623 0.5230376020029674 0.017966431750741862 0.012170808605341255
1 0.9124319327048114 0.549618010403121 0.03123984070221064 0.011683192457737301
0 0.7468011318108974 0.5406901041666667 0.011894030448717952 0.020971053685897467
0 0.6854000234962405 0.5244140625 0.012482377819548862 0.01945782424812037
0 0.6778738839285714 0.5376306978383458 0.01578653665413532 0.01211524906015038
1 0.6956796287593985 0.557822779605263 0.03157307330827075 0.03781426221804518
0 0.6690140845070423 0.48236685739436613 0.014304577464788748 0.021731954225352068
0 0.6826309419014084 0.488556338028169 0.013479313380281743 0.019256161971830943
0 0.9707948825503356 0.6097944630872483 0.011535234899328839 0.0194001677852349
0 0.9815436241610738 0.6108431208053691 0.011535234899328839 0.02464345637583898
0 0.9913747902684564 0.614513422818792 0.01284605704697983 0.02254614093959728
0 0.5864672807414104 0.49322587025316456 0.013774299276672619 0.0215444168173598
0 0.32957688053097345 0.4840984513274337 0.014864491150442471 0.011407632743362817
0 0.3560524425287356 0.42654454022988497 0.014816810344827569 0.008081896551724144
0 0.41082912538109756 0.41603944359756095 0.01786394817073167 0.013993426067073156
0 0.4072563357469512 0.4263112137957317 0.021436737804878037 0.013695693597560954
0 0.40085508765243905 0.43583865282012196 0.019948075457317083 0.013695693597560954
0 0.39415610708841464 0.4473013528963415 0.02084127286585369 0.011611566310975596
0 0.38903335724533716 0.4578270713773315 0.017093346484935434 0.010087876614060243
0 0.38468996592539456 0.47113746413199425 0.01681312769010046 0.014291158536585358
0 0.49562733208955223 0.4326160663030999 0.010987729621125153 0.014127080941446601
0 0.505830223880597 0.43878264925373134 0.012108926521239904 0.016593714121699188
0 0.514463440011481 0.44180988088404133 0.010987729621125153 0.015024038461538436
0 0.5151361581515499 0.4663640929965557 0.014127080941446546 0.019284586681974747
0 0.5221996986222732 0.47264279563719863 0.016145235361653354 0.02152698048220436
1 0.5300480769230769 0.4837426449483352 0.02601176808266359 0.03744797646383463
1 0.5373358567738231 0.4947303745694604 0.026684486222732562 0.040138849024110246
1 0.5340813758389262 0.5406354865771812 0.020317743288590595 0.02949349832214765
1 0.5162214240771812 0.5330982592281879 0.03113202600671139 0.04718959731543626
0 0.5003042250778816 0.5671323338525442 0.014602803738317849 0.018861954828660488
0 0.5882123544093179 0.6689696859400999 0.029898086522462508 0.023723481697171422
0 0.46488274750415975 0.6779066139767055 0.015274022462562376 0.02079866888519133
0 0.4123986064891847 0.7276284317803661 0.013649126455906824 0.022098585690515815
1 0.4860266780546624 0.700336615755627 0.018212419614147934 0.0266906149517685
1 0.49623191318327975 0.7183920317524115 0.019782455787781317 0.03077270900321538
0 0.47849157831737343 0.7566315406976744 0.013359268125855028 0.021374829001368
1 0.5266485699152543 0.7734375 0.018538135593220262 0.028800317796610186
0 0.6172230760473589 0.6771687158469946 0.014230418943533718 0.020278346994535568
0 0.5613686816939891 0.7271530623861566 0.011384335154826952 0.020634107468123886
0 0.5720414959016393 0.7340903916211293 0.0120958561020037 0.016720742258652166
0 0.5843152322404372 0.7333788706739526 0.013874658469945289 0.018855305100182185
0 0.5965889685792349 0.7349797928051002 0.014230418943533718 0.019211065573770503
0 0.6095742258652095 0.7365807149362478 0.011028574681238634 0.01743226320582869
0 0.6170451958105647 0.7397825591985427 0.014586179417122036 0.01743226320582869
1 0.1377833464360587 0.6148044418238994 0.04053655660377359 0.06182848532494767
0 0.1415268602225313 0.740774947844228 0.01195236439499306 0.01521210013908203
0 0.1582330059109875 0.74145405945758 0.0122240090403338 0.019286769819193306
1 0.12441324756606398 0.7318106745479833 0.022274860917941577 0.03531380389429761
0 0.06956335616438356 0.652044984303653 0.01114797374429223 0.01672196061643838
0 0.06102093446601945 0.6680066747572816 0.010618932038834947 0.015549150485436813
0 0.06765776699029129 0.7692657766990292 0.011756674757281538 0.0223756067961165
0 0.08624089805825244 0.7933479975728155 0.014790655339805822 0.018962378640776767
0 0.09534283980582527 0.7967612257281553 0.014790655339805836 0.01744538834951459
0 0.10482402912621361 0.8051046723300972 0.017824635922330093 0.01744538834951459
0 0.11316747572815536 0.8123103762135923 0.017066140776699032 0.01820388349514568
0 0.12397603155339809 0.8193264563106797 0.01516990291262138 0.0170661407766991
0 0.03902163964435146 0.8200673378661087 0.019204367154811712 0.012258106694560622
0 0.06272064592050208 0.8159813023012552 0.0175699529288703 0.012258106694560622
0 0.5462449596774194 0.7436050907258065 0.015120967741935498 0.022366431451612878
0 0.6916235262998791 0.8471413996372431 0.01440636336154777 0.02078295042321643
0 0.6526274724383916 0.8806187175745784 0.021532506485084313 0.017985976005188142
0 0.621721992542153 0.893538221465629 0.019505917639429216 0.012412856679636874
0 0.5637353098290598 0.9369991987179487 0.0170272435897435 0.01435630341880334
1 0.4906149471507353 0.7652731502757353 0.020464728860294157 0.039134306066176516
0 0.3382200677710843 0.4642319277108433 0.012942394578313254 0.010353915662650592
