0 0.01953125 0.11508118872549018 0.008425245098039217 0.01723345588235295
0 0.04193474264705882 0.12082567401960784 0.011871936274509803 0.017999387254901966
0 0.05277732858990947 0.12706177231565333 0.010612063389391982 0.016170763260025867
0 0.06427373059508412 0.12920945181112553 0.008843386157826656 0.017939440491591213
0 0.08635297184567259 0.13014044577685088 0.010590458811261735 0.016700338894681963
0 0.09826723800834203 0.13176974713242962 0.010386796141814383 0.019551616266944738
0 0.1090613594890511 0.13726863920750781 0.010794121480709074 0.02036626694473409
0 0.11853167361835246 0.141851049270073 0.009368482794577679 0.020162604275286766
0 0.17167755293715847 0.1408598019125683 0.008271431010928948 0.014941939890710382
0 0.1416602629781421 0.1347229337431694 0.011206454918032793 0.016542862021857924
0 0.14248046875 0.0912109375 0.011914062499999989 0.022265624999999997
0 0.153515625 0.09208984375000001 0.010546874999999983 0.017382812499999997
0 0.15990891102620086 0.09722127456331878 0.00895537663755458 0.015352074235807853
0 0.17099652019650655 0.09818077920305678 0.009381823144104795 0.01599174399563319
0 0.18059156659388648 0.10009978848253276 0.010661162663755469 0.01769753002183405
0 0.22550051713947994 0.10452681737588657 0.018469267139479884 0.011081560283687938
0 0.32024898373983746 0.04030106707317076 0.009845020325203235 0.017784552845528455
0 0.343114837398374 0.03839557926829271 0.010480182926829285 0.019690040650406505
0 0.35264227642276424 0.04093622967479678 0.009845020325203235 0.019054878048780484
0 0.3618521341463415 0.03982469512195125 0.010480182926829285 0.01873729674796748
0 0.37217352642276424 0.0379192073170732 0.009527439024390238 0.017466971544715448
0 0.382494918699187 0.0380779979674797 0.010480182926829285 0.02032520325203252
0 0.26271200587606836 0.026292067307692308 0.01043336004273504 0.017528044871794872
0 0.25248731303418803 0.0231620592948718 0.010016025641025633 0.017110710470085475
0 0.3417110233516484 0.29950062957875456 0.02038976648351648 0.014666323260073277
0 0.3018257783882784 0.32328869047619047 0.020747481684981695 0.016454899267399292
0 0.30951665521978017 0.3502961881868132 0.01895890567765568 0.01681261446886445
0 0.3345567193223443 0.3494019001831502 0.02182062728937728 0.011446886446886462
0 0.3248984088827839 0.35745049221611724 0.019674336080586052 0.011089171245421248
0 0.34886532738095233 0.3384915865384615 0.019674336080586052 0.01180460164835162
0 0.43624241232014394 0.16452619154676262 0.011943570143884863 0.018617918165467623
0 0.42289371627697847 0.21001714253597126 0.012646133093525191 0.021076888489208606
0 0.4176244941546763 0.23249915692446044 0.01124100719424459 0.01967176258992806
0 0.4128821942446044 0.2846644559352518 0.015807666366906503 0.02072560701438847
0 0.35925047189597314 0.41430500209731547 0.023267093120805382 0.010814282718120793
0 0.7983440749566724 0.0893630849220104 0.017940316291161107 0.009477902946273833
0 0.9658998591854419 0.06905329289428075 0.021325281629116066 0.010831889081455812
2 0.8264151213369964 0.02441763965201465 0.013950892857142794 0.03255208333333333
0 0.5825511465827338 0.2028158723021583 0.010187162769784153 0.018617918165467623
0 0.7631247347198642 0.2612478777589134 0.012269206281833589 0.021222410865874397
0 0.3400924024640657 0.6136101129363449 0.01604209445585214 0.020052618069815176
0 0.21140968406593408 0.6342290521978022 0.016250490580847737 0.010118229984301341
0 0.3202985739750445 0.6903826871657753 0.011837121212121215 0.018103832442067702
0 0.42223119300911854 0.8140435030395137 0.015138202887537977 0.01573185790273557
0 0.12700076219512196 0.8953887195121951 0.022865853658536592 0.013655995934959364
0 0.5360347298034933 0.5507471342794759 0.012793395196506574 0.02260166484716153
0 0.6206046312178387 0.5484093589193825 0.010385398799313883 0.020100771869639766
0 0.6887797491423671 0.5576222126929674 0.020770797598627766 0.011725450257289882
0 0.6172545025728988 0.5693476629502573 0.009715373070325883 0.01775568181818188
0 0.5171287727790433 0.6895287585421412 0.020020643507972613 0.014236902050113964
0 0.6859507166353382 0.6411610079887218 0.011380991541353302 0.01725505169172936
0 0.8323739035087719 0.6758240816885965 0.009851288377193068 0.01884594298245612
0 0.645198985042735 0.7882612179487178 0.011017628205128194 0.01736111111111105
0 0.9074519230769229 0.8762353098290598 0.012019230769230727 0.015691773504273532
