0 0.08616727941176469 0.908969056372549 0.014552696078431362 0.023360906862745057
0 0.025345896946564882 0.5809677162849872 0.01192748091603053 0.022861005089058528
0 0.05021575723830737 0.3816815144766147 0.012614838530066813 0.020444738307349664
0 0.2143947557471264 0.22292564655172412 0.009428879310344807 0.018408764367816077
0 0.23449102722772275 0.17241646039603958 0.020498143564356447 0.012376237623762387
0 0.01985726479514416 0.07113050075872535 0.02252465857359636 0.014818854324734454
0 0.3387162361987382 0.14910291798107256 0.01755964116719244 0.012322555205047325
0 0.15362639925373134 0.04766208022388059 0.017490671641791022 0.014284048507462684
0 0.8269279233870968 0.27339249711981567 0.014850950460829515 0.026551699308755783
0 0.8951072868663594 0.19351238479262672 0.01620103686635943 0.02160138248847926
0 0.9647578983516483 0.06484865580847723 0.02176952511773933 0.012571134222919937
0 0.9615357545045046 0.05342060810810809 0.018651463963963888 0.011261261261261257
0 0.9498922413793104 0.16611664870689655 0.022225215517241326 0.012459590517241381
0 0.941473599137931 0.17453529094827586 0.01751077586206895 0.010439116379310331
0 0.96875 0.1814385775862069 0.018857758620689724 0.012122844827586216
0 0.8566789987405541 0.3238743702770781 0.010331391687657399 0.01918687027707805
