0 0.4647195628612717 0.21634528540462428 0.010725252890173453 0.02201499277456645
0 0.47731450534759357 0.21446078431372548 0.010444518716577533 0.020192736185383253
0 0.4884553253119429 0.2160274621212121 0.012533422459893029 0.019148284313725478
0 0.5108897257194245 0.21177354991007197 0.011592288669064699 0.016861510791366913
0 0.5235358588129497 0.2108953462230216 0.01159228866906481 0.01721279226618705
0 0.5933478860294118 0.26615157781862747 0.012925091911764719 0.019148284313725505
0 0.09591682569974555 0.6045741889312977 0.014909351145038177 0.01739424300254455
0 0.04083413993362832 0.9037524198008848 0.017716399336283183 0.017716399336283217
0 0.02506222345132743 0.9221169800884954 0.01728429203539823 0.01642007743362839
0 0.010586628871681415 0.9396173257743362 0.013395326327433628 0.01253111172566368
0 0.05230125523012552 0.8378415925732217 0.016344142259414225 0.016752745815899583
0 0.11915874304267159 0.6840793135435993 0.01666859925788497 0.016668599257884997
0 0.012575383771929877 0.7353601288377194 0.016704358552631575 0.015419407894736836
0 0.0713708778966132 0.5573891488413547 0.01671122994652406 0.016711229946524075
0 0.20050698138297873 0.9674721575797871 0.010388962765957438 0.021297373670212782
0 0.7240455020920502 0.1473015821129707 0.017978556485355623 0.011849503138075312
0 0.7293336004273503 0.3517294337606837 0.021033653846153855 0.014356303418803451
0 0.7881659836065573 0.18159437613843354 0.018855305100182185 0.011740095628415298
0 0.58875 0.34640625 0.010000000000000009 0.01656249999999998
0 0.60453125 0.34484375 0.010312500000000058 0.019062499999999982
0 0.5725680897358945 0.36295299369747897 0.019695378151260434 0.00844087635054025
0 0.5735059648859544 0.3725662139855942 0.019695378151260545 0.007971938775510223
0 0.5756534529320988 0.3845606674382716 0.01989293981481488 0.009645061728395077
0 0.5773111979166667 0.39631558641975306 0.01898871527777779 0.009042245370370405
0 0.5788182388117284 0.4052071277006173 0.020194347993827133 0.008740837191357986
0 0.5798731674382717 0.41666063850308643 0.01989293981481488 0.009946469907407385
0 0.6023280767746915 0.4293197820216049 0.00994646990740733 0.01959153163580246
0 0.6398945630081301 0.38551194105691056 0.020325203252032464 0.010797764227642281
0 0.6128502917256011 0.4312124292786421 0.010773956859971734 0.01712782885431402
0 0.6216904614568599 0.4307980463224894 0.012983999292786375 0.01906161598302686
0 0.6337075671852899 0.43204119519094764 0.011602722772277141 0.017127828854313965
0 0.645586545261669 0.429693025106082 0.013260254596888288 0.021824169024045215
0 0.6569130127298444 0.4302455357142857 0.011050212164073536 0.017956594766619483
0 0.6667200760254597 0.4267923444130127 0.010221446251768018 0.020442892503536092
0 0.6777702881895332 0.4295548974540311 0.012983999292786486 0.019890381895332376
0 0.626964036312849 0.3480708798882681 0.01702164804469264 0.013093575418994419
0 0.6365659916201116 0.3525445181564245 0.018767458100558687 0.01331180167597762
0 0.645949720670391 0.3573454958100558 0.020076815642458112 0.013311801675977675
0 0.656861033519553 0.3628011522346368 0.018331005586592286 0.015930516759776525
0 0.6672267807262569 0.3658563198324022 0.018985684357541888 0.015930516759776525
0 0.6778107541899441 0.3706572974860335 0.020076815642458112 0.016366969273743037
0 0.6863215782122905 0.37589472765363124 0.018331005586592175 0.016366969273743037
0 0.6943959497206703 0.3810230446927374 0.020513268156424624 0.01571229050279327
0 0.7055254888268156 0.3861513617318435 0.021386173184357538 0.015057611731843557
0 0.6670063405797102 0.46016918995859213 0.02102743271221541 0.008896221532091075
0 0.7108808876811594 0.46845885093167705 0.016983695652173836 0.009300595238095233
0 0.7069883241758241 0.5275583791208791 0.012019230769230727 0.02360920329670335
0 0.6666794321895425 0.5482792075163399 0.022977941176470562 0.013403799019607865
0 0.6426779197080292 0.6358348540145985 0.01938868613138689 0.01197536496350371
0 0.5776687956204379 0.6834511861313868 0.010264598540145942 0.016537408759124128
0 0.8006479506676558 0.24731083086053413 0.020864243323442166 0.019415337537092014
0 0.588868604862119 0.688367425616836 0.011055424528301883 0.01955959724238021
0 0.6259321240288569 0.757513353218646 0.01495733906770258 0.011055424528301883
0 0.67158203125 0.812890625 0.011914062499999933 0.022656250000000044
0 0.5899239369501466 0.8313439332844574 0.01603739002932547 0.010882514662756582
0 0.6109730113636364 0.8383602914222874 0.01918759164222883 0.012314424486803532
0 0.5027206286656891 0.9629364461143695 0.019187591642228774 0.01174166055718473
0 0.5314949912891986 0.9707779834494774 0.012249564459930307 0.009300595238095233
0 0.4104242873360242 0.9358563004540867 0.017540678607467164 0.010445572653884905
0 0.5938698668772564 0.6409352436823105 0.01939023014440433 0.011281588447653368
0 0.38541158040364587 0.7180531819661459 0.020599365234375 0.011444091796875
0 0.11813628282275715 0.5208347579321662 0.017095185995623652 0.017308875820568947
1 0.30732996323529405 0.4416073069852941 0.02728630514705882 0.02513212316176472
0 0.08421368927125505 0.37481022267206476 0.017396255060728755 0.016605516194331982
0 0.19841056034482757 0.33270474137931033 0.00835129310344826 0.016702586206896575
0 0.1527478448275862 0.3063038793103448 0.01616379310344826 0.015625
0 0.1830549568965517 0.3045528017241379 0.02074353448275862 0.009967672413793094
0 0.4686948714717742 0.4873991935483871 0.010631930443548376 0.01811365927419356
0 0.4797205771169355 0.4872023059475806 0.009056829637096808 0.01693233366935487
0 0.9067221840659341 0.03175080128205128 0.010731456043955978 0.020747481684981684
0 0.8627232142857142 0.20881221504559272 0.013357237841945313 0.01929378799392098
0 0.8570834916413373 0.22929331306990883 0.011576272796352649 0.019293787993920952
0 0.9050396126760564 0.165740536971831 0.013066681338028241 0.01994388204225353
0 0.9314769942067735 0.16920120320855614 0.01218527183600715 0.020889037433155067
0 0.9516830047660312 0.19734347920277295 0.024710246967071137 0.013539861351819754
0 0.957063268442623 0.34884626878415304 0.0208119877049181 0.013074197404371601
0 0.9449158988178024 0.3637321801112656 0.018200191237830343 0.014125521557719067
0 0.9104680696661829 0.4186434143686502 0.009638062409288772 0.018142235123367212
0 0.8968155276816608 0.4992633542387543 0.0121647923875432 0.020612564878892736
0 0.9363529265873016 0.5136925429894181 0.011109044312169303 0.016792741402116396
0 0.9234354332010583 0.5572244957010583 0.010592344576719537 0.01911789021164023
0 0.8947259540498442 0.5871544003115265 0.023729556074766345 0.011560552959501647
0 0.7196841032608695 0.599029098731884 0.010614809782608647 0.021937273550724612
0 0.718268795289855 0.7669200067934783 0.010614809782608647 0.018752830615942018
0 0.8990743885869564 0.6528108016304348 0.011322463768115965 0.021229619565217406
0 0.924903759057971 0.7846113564311594 0.019106657608695676 0.021583446557971064
0 0.7994720901268115 0.7952261662137681 0.021583446557970953 0.011676290760869623
0 0.7532976675724636 0.8746603260869565 0.0141530797101449 0.021229619565217406
