0 0.012909781449893389 0.7408548773987207 0.014159115138592748 0.018323560767590563
0 0.07329424307036247 0.966776052771855 0.01998933901918977 0.01290978144989341
0 0.16116404584221747 0.9151369269722813 0.011660447761194015 0.01874000533049036
0 0.17324093816631128 0.9182602611940298 0.011660447761194015 0.019989339019189756
0 0.25986140724946694 0.9507429371002132 0.009994669509594878 0.01915644989339016
0 0.27818496801705755 0.9145122601279316 0.02165511727078895 0.010827558635394419
0 0.3042127531982942 0.9201342617270789 0.020405783582089554 0.01290978144989341
0 0.32774187100213215 0.9242987073560767 0.016657782515991426 0.011244003198294217
0 0.3196212020255863 0.9386660447761193 0.018740005330490417 0.009161780383795226
0 0.32961587153518124 0.945120935501066 0.01790711620469082 0.014575559701492491
0 0.34002698560767586 0.9517840485074626 0.01790711620469082 0.016241337953091683
0 0.334968507751938 0.8020530523255813 0.020439680232558155 0.011355377906976716
0 0.1945403343023256 0.7057215964147286 0.009841327519379856 0.020818192829457294
0 0.19482421875 0.6650788063226744 0.008232648982558127 0.01760083575581395
0 0.2736504575545171 0.6977402161214954 0.011256327881619954 0.015515478971962593
0 0.38592303240740744 0.6781684027777778 0.022424768518518545 0.010368441358024727
0 0.19211293625356124 0.8496928418803418 0.01919738247863248 0.01446759259259267
0 0.26072902628032346 0.5768615229110512 0.02158440026954181 0.01474056603773588
0 0.3614166351963746 0.6332904550604229 0.018292107250755252 0.012096393504531733
0 0.014786485602094277 0.32565035994764396 0.016361256544502618 0.01942899214659688
0 0.005221868503118554 0.4035619152806653 0.009745322245322244 0.01543009355509356
0 0.02369737525987531 0.482539630977131 0.01989669958419958 0.014211928274428298
0 0.11201435810810814 0.5034514682952183 0.008933212058212056 0.017866424116424084
0 0.13881399428274432 0.515227066008316 0.009745322245322235 0.01705431392931389
0 0.3998929042179261 0.5660286687170475 0.019908831282952566 0.010984182776801465
0 0.2057817992091388 0.45670172451669594 0.021625109841827778 0.012013949912126565
0 0.07167316763425258 0.4136826469521045 0.012472786647314951 0.01615792815674888
0 0.1171875 0.47575176886792453 0.00982704402515723 0.017934355345911923
0 0.4557186234817814 0.4500516616059379 0.018450573549257776 0.010279605263157854
0 0.1816495842889908 0.19038489105504586 0.021054329128440352 0.011647075688073383
0 0.3503081995412844 0.32701404816513757 0.017022649082568786 0.021502293577981668
0 0.48251936316695354 0.29796417814113596 0.011765813253012014 0.020506131669535244
0 0.07299306441326531 0.3330775669642857 0.011459661989795922 0.01843510841836732
0 0.08071588010204082 0.3358179209183674 0.011957908163265307 0.017936862244897933
0 0.41669260458167323 0.3559978834661354 0.013228336653386463 0.02023157370517925
0 0.1644314681724846 0.2532645662217659 0.019250513347022574 0.03007892710472279
0 0.3150506348246675 0.17594656892382105 0.018421251511487324 0.01322551390568319
0 0.4188473019951633 0.21101779776299878 0.024325498790810196 0.0167680622732769
0 0.471559249628529 0.13215662147102528 0.019734398216939064 0.01015741084695393
0 0.5361313614413076 0.1459416790490342 0.01363995170876664 0.009867199108469532
0 0.09659641472868216 0.007873062015503876 0.01453488372093023 0.015140503875968991
0 0.16828102289244184 0.04890761264534883 0.013058684593023256 0.01618141351744186
0 0.32659458925750395 0.1096835505529226 0.014501875987361745 0.012033471563981046
0 0.569804230628655 0.046829312865497075 0.019702576754386025 0.012563961988304097
0 0.5800838358918128 0.008423565423976608 0.018560398391812893 0.011707328216374269
0 0.5177784455128205 0.452549078525641 0.011518429487179516 0.02228565705128205
0 0.7763001507421151 0.010994028293135408 0.011233186456400812 0.01992984693877551
0 0.7862650742115029 0.0131681934137291 0.012320269016697583 0.020654568645640078
0 0.7341510328836425 0.03145420531197302 0.020420531197301917 0.01152771922428331
0 0.7549009274873525 0.035241884485666106 0.020420531197301806 0.011198355817875216
0 0.777462320826307 0.03128952360876897 0.0174562605396289 0.009222175379426642
0 0.7247641758010118 0.11395973861720068 0.020749894603709906 0.010539629005059017
0 0.735797849915683 0.047263648819561556 0.019103077571669513 0.01021026559865093
0 0.7983475453470033 0.13493197949526814 0.010782235804416396 0.019099960567823343
0 0.7655387421135647 0.16003918572555206 0.018483832807571043 0.015095130126182965
0 0.943200663349917 0.11466106965174129 0.01360385572139311 0.01878627694859039
0 0.8847558756239602 0.13909109816971715 0.01852381447587359 0.014949043261231282
0 0.6801488209355828 0.2895238209355828 0.016475747699386534 0.011682802914110446
0 0.7295608520507812 0.23555755615234375 0.0164031982421875 0.0118255615234375
0 0.5971358792184724 0.49271480905861453 0.019774089698046282 0.011448157193605701
0 0.6311334369449377 0.5506494227353462 0.011448157193605701 0.015611123445825936
0 0.5926259991119005 0.5624444937833037 0.018386434280639463 0.012141984902309111
0 0.5820252953506098 0.629811356707317 0.018459413109756073 0.011016101371951192
0 0.5423353040540541 0.7978251689189189 0.011190878378378288 0.012035472972972916
0 0.4935475893903869 0.8712357121922627 0.0208363862837046 0.015570046893317646
0 0.4981270149472451 0.8620768610785463 0.01671490328253228 0.010532678780773685
