0 0.07505990677521007 0.10615535276610644 0.010610884978991583 0.017928265056022394
0 0.07146139705882351 0.1279009650735294 0.00919117647058823 0.018095128676470618
0 0.048339843749999986 0.12043313419117646 0.010627297794117647 0.020392922794117654
0 0.14496129587155965 0.22917861238532108 0.016126720183486237 0.018993692660550454
0 0.17130160550458717 0.241004873853211 0.015768348623853207 0.01756020642201836
0 0.17798422455295734 0.19746174346629985 0.01423873796423658 0.01773125859697386
0 0.18980506361760657 0.2021632135488308 0.0169252922971114 0.016387981430536436
0 0.24514650692840648 0.2990491483833718 0.016689520785219403 0.016238452655889135
0 0.12762242017133957 0.21478290498442368 0.02099153037383178 0.010952102803738317
0 0.2621858016304348 0.3785506538722826 0.021760360054347838 0.011410920516304324
0 0.3315255865695793 0.4189105481391586 0.018330299352750823 0.01801425970873788
0 0.270269967765043 0.43997918159025784 0.023504656160458437 0.014270684097421216
0 0.2869190992120344 0.43424292621776506 0.023224838825214866 0.013990866762177645
0 0.31585130304428044 0.43062442343173435 0.029909478782287835 0.01441420664206644
0 0.10327417380660955 0.37472747093023256 0.011474908200734393 0.013626453488372103
0 0.1165420364137087 0.3890711061811506 0.0155389381884945 0.014104574663402702
0 0.012177757793764989 0.43172493255395683 0.01826663669064748 0.014753821942446066
0 0.007611098621103117 0.5013957583932853 0.01100681954436451 0.021076888489208634
0 0.08979483452593917 0.5298594029516994 0.01816860465116278 0.010132491055456216
0 0.3085259759463722 0.5991842468454258 0.01879189668769715 0.01109029968454267
0 0.29743567626182965 0.6068858438485805 0.01817576892744477 0.009858044164037905
0 0.11800326305220887 0.6145205823293174 0.019609688755020074 0.01647213855421692
0 0.11481759937238493 0.9732936715481171 0.010623692468619245 0.020430177824267814
0 0.2561074463327371 0.6807985800536673 0.01187947227191416 0.0178192084078711
0 0.25440705128205127 0.3639155982905983 0.018028846153846145 0.014690170940170943
0 0.4269935344827587 0.40759698275862066 0.012931034482758619 0.019396551724137956
0 0.44102362024853803 0.502844024122807 0.011136239035087758 0.019988121345029253
2 0.3308760181704261 0.15979401629072684 0.022517230576441116 0.01713267543859648
0 0.13651133849557523 0.02226216814159295 0.019358407079646034 0.014864491150442475
0 0.3391596767594108 0.14432666734860883 0.019179623567921467 0.009270151391162051
0 0.3192962398373984 0.13446392276422767 0.02191310975609756 0.011115345528455278
0 0.5038969272076372 0.5020323687350835 0.015848747016706466 0.011187350835322185
0 0.4940008134490238 0.5480189126898047 0.01948888286334055 0.013981155097613884
0 0.5668722885032538 0.5272590157266811 0.019488882863340606 0.010591784164859064
0 0.5008193942133816 0.7616481125678118 0.021897603978300206 0.010948801989150048
0 0.5017023621157324 0.7733032888788427 0.02083804249547916 0.008123304701627476
0 0.5039980786618444 0.7830159358047016 0.021191229656419563 0.009889240506329111
0 0.5759057258909853 0.9948797006027252 0.02006354821802936 0.006334348794549416
0 0.7286658653846154 0.04949095022624435 0.017675339366515885 0.016791572398190048
0 0.7180606617647058 0.05302601809954751 0.018559106334841702 0.015907805429864252
0 0.6092568844492441 0.15050452213822893 0.020670221382289355 0.010124190064794814
1 0.6565966296928327 0.014665102389078498 0.022664249146757687 0.01933127133105802
0 0.6231983752620545 0.21865172955974843 0.018016247379454953 0.018016247379454925
0 0.8400571555819478 0.05741538004750593 0.02134055819477443 0.0176291567695962
0 0.9360707149200711 0.120476243339254 0.02046791740674958 0.010754329484902306
0 0.7478298611111112 0.3107638888888889 0.01736111111111105 0.01649305555555558
0 0.9055545445091515 0.3357035149750416 0.02307352329450907 0.011049292845257908
0 0.9539923999244713 0.23942008119335348 0.0115063255287009 0.019767277190332333
0 0.8547261880990416 0.47564521765175716 0.010920027955271583 0.019032048722044725
0 0.8704263151978417 0.49771667041366907 0.016861510791366885 0.014753821942446066
0 0.4187264010333863 0.7193027126391097 0.009625894276629576 0.015836148648648685
0 0.7173946150097466 0.6935992324561404 0.010279605263157854 0.019036306042884976
0 0.7265320419103314 0.6958835891812866 0.009518153021442544 0.017513401559454245
0 0.798851656626506 0.6994305346385543 0.008236069277108404 0.01647213855421692
0 0.869152390813253 0.7198736351656627 0.014118975903614439 0.010295086596385561
0 0.8383256812796208 0.9785619075829384 0.011724921011058376 0.023141291469194303
0 0.489166259765625 0.6873779296875 0.01220703125 0.01251220703125
