0 0.10257258295194507 0.34101473112128144 0.013855120137299767 0.023240846681922167
0 0.05273884439359268 0.3647025171624714 0.015195938215102976 0.02145308924485123
0 0.09575946514423078 0.4408428485576923 0.019719050480769232 0.0244140625
0 0.09270770733173078 0.4774639423076923 0.016432542067307696 0.021597055288461564
0 0.1806387629533679 0.68359375 0.01180645509499137 0.019227655440414493
0 0.2823544698544699 0.7160213097713097 0.015836148648648685 0.02152091995841998
1 0.3660018191268192 0.8922492203742203 0.02395725051975056 0.033702572765072714
0 0.263472908004158 0.8849402286902286 0.017054313929313947 0.023957250519750617
0 0.263472908004158 0.9168155535343034 0.01299376299376298 0.020302754677754664
0 0.49749669894366194 0.5899262764084506 0.016780369718309873 0.018430897887323994
0 0.6304459397810219 0.830391765510949 0.012117928832116709 0.02209739963503654
0 0.6486886542407659 0.9230880215458275 0.014428009575923384 0.02030608755129959
0 0.6376004616963065 0.9571541552667577 0.012557712038303692 0.02110764363885098
0 0.651360507865937 0.9511424846101231 0.012290526675786673 0.022977941176470562
0 0.9285428113553114 0.8820398351648352 0.021462912087912067 0.018601190476190466
0 0.9326565361721613 0.8056676396520147 0.011089171245421192 0.016812614468864506
0 0.8800724015567767 0.6813616071428572 0.012520032051282048 0.014308608058608008
0 0.9001044528388278 0.6362894917582418 0.012520032051282048 0.01717032967032961
0 0.9742851937585734 0.6454153806584362 0.010448816872427935 0.013931755829904025
0 0.914334412139219 0.4242293612054329 0.02022761035653653 0.014922007640067902
0 0.9404774912587412 0.3439548732517482 0.018097137237762184 0.02082878059440557
0 0.8400380574614065 0.2907844661234992 0.013735527444253881 0.016750643224699824
0 0.7693915331594634 0.3132742641579732 0.01076983979135615 0.017755681818181823
0 0.5562644882310984 0.3094073199001427 0.019224768188302432 0.011980652639087042
0 0.5552893188302426 0.3191590139087019 0.016717189728958637 0.010866173323823114
0 0.7131092583955223 0.3711301888992537 0.018219449626865614 0.023685284514925353
0 0.7247741956751055 0.08485792457805909 0.01318565400843874 0.020602584388185657
0 0.5919801022954092 0.03606069111776447 0.02144149201596801 0.015203967065868264
0 0.8175519630484989 0.02818273672055428 0.021200202078521913 0.013080975750577366
