0 0.08579799107142858 0.14811197916666669 0.02278645833333333 0.012555803571428575
0 0.11648995535714285 0.15415736607142855 0.017206101190476206 0.011625744047619041
0 0.04743303571428571 0.21042596726190477 0.024181547619047616 0.014415922619047644
0 0.14465658422459893 0.17651236631016043 0.021237188057041 0.012533422459893057
0 0.3171652183600713 0.13560466800356508 0.0243705436720143 0.013577874331550804
0 0.44306365536971837 0.0722106073943662 0.023038622359154937 0.014442121478873249
0 0.5016917913732395 0.05484567561619719 0.019943882042253558 0.014098261443661969
0 0.5711845102505695 0.03507616742596807 0.022245159453302965 0.01245728929384966
0 0.5967664436218679 0.05376210136674256 0.021800256264236983 0.014236902050113902
0 0.7027942288306451 0.09578975554435484 0.01732610887096775 0.01929498487903225
0 0.6856650075604838 0.13634860131048387 0.01456968245967738 0.020870085685483875
0 0.7563273111979167 0.4831949869791667 0.01424153645833337 0.02034505208333337
0 0.8540421728056427 0.7084761951410659 0.014082092476489061 0.02051087382445138
0 0.7071228678038379 0.5988472814498933 0.011660447761194015 0.01915644989339016
1 0.47020288140311806 0.5358870406458798 0.03479955456570155 0.0626391982182628
1 0.5191733475130891 0.6561988710732984 0.0403918520942409 0.08027241492146597
0 0.5512569682675814 0.5209383040308748 0.01306550171526577 0.020770797598627766
0 0.6282495667244367 0.8673973678509532 0.014216854419410785 0.019294302426343113
0 0.6706498217922607 0.8041067337067209 0.011137983706721033 0.018695901221995936
0 0.6865612270875763 0.7977421715885946 0.015115835030549918 0.021082612016293356
0 0.7317243303571428 0.9561011904761905 0.013485863095238138 0.018601190476190466
0 0.021010315533980615 0.335596177184466 0.014032160194174755 0.021996359223300954
0 0.04205855582524275 0.3304763349514563 0.01516990291262136 0.0223756067961165
0 0.05059162621359227 0.32611498786407767 0.010998179611650484 0.018962378640776656
0 0.05988319174757284 0.32611498786407767 0.011377427184466014 0.02123786407766992
0 0.08851638349514565 0.3177715412621359 0.012515169902912626 0.02199635922330101
0 0.10615139563106799 0.31132433252427183 0.011377427184466021 0.020479368932038833
0 0.06137097837552745 0.6823328718354431 0.01730617088607595 0.012361550632911444
0 0.037059928797468375 0.7511455036919832 0.014833860759493674 0.021426687763713148
0 0.11576180116033757 0.7161211102320675 0.014009757383966245 0.021426687763713148
0 0.11637987869198313 0.7468189609704642 0.011949498945147671 0.01854232594936711
0 0.11617385284810128 0.771542062236287 0.010713343881856546 0.017718222573839704
0 0.06754478663446055 0.8066500603864735 0.015096618357487913 0.018241747181964585
0 0.04647242351046699 0.8491092995169083 0.019499798711755237 0.01383856682769724
0 0.07435451224328594 0.8252122827804107 0.014193325434439186 0.016970280410742555
0 0.32556898110932475 0.8052150321543408 0.019468448553054685 0.016642383440514386
0 0.31599176045016075 0.935842041800643 0.017270397909967816 0.017898412379421136
0 0.3335761655948553 0.9268928356109325 0.01601436897106112 0.01695639067524113
0 0.35273060691318325 0.9176296221864951 0.020410470257234692 0.022922528135048248
0 0.3182712427219796 0.9873658114992722 0.021322325327510938 0.014214883551673996
0 0.3230507046568627 0.9945810355392156 0.02186734068627455 0.006931678921568762
