0 0.06135330932784636 0.00736775548696845 0.02411265432098765 0.009912980109739369
0 0.05974579903978053 0.019022205075445817 0.018754286694101514 0.009645061728395063
0 0.05920996227709191 0.031748328189300415 0.018218449931412896 0.012056327160493825
0 0.05236853285498489 0.04366503021148036 0.015636801359516617 0.01003115558912386
0 0.05118839690332326 0.062104654456193356 0.019177209214501507 0.01327652945619335
0 0.12332420694864048 0.05708907666163142 0.022422583081570996 0.012686461480362538
0 0.11639090823262839 0.06933298716012085 0.020357345166163138 0.011211291540785498
0 0.16188363693467336 0.10103250628140703 0.015703517587939697 0.013249842964824121
1 0.16451209828101643 0.18640811846038863 0.03182221599402091 0.020728232436472344
1 0.0820370889387145 0.16903727578475336 0.027443011958146482 0.029194693572496266
0 0.008390422516198698 0.18858624122570194 0.016780845032397396 0.021703732451403862
0 0.10953803213689484 0.2790914545075125 0.022172370617696155 0.017607470784641033
0 0.031119574290484155 0.33615270242070117 0.01988992070116861 0.018911727879799667
0 0.03878208472454092 0.3438152128547579 0.018911727879799667 0.015977149415692837
1 0.132839960456942 0.3157952548330404 0.032952548330404216 0.024027899824253074
0 0.07198319755600815 0.359979633401222 0.023867107942973524 0.02386710794297353
1 0.09939700311942959 0.3707804144385026 0.025414995543672006 0.025066844919786113
0 0.09817847593582887 0.3345727495543672 0.02367424242424243 0.022977941176470618
1 0.1006155303030303 0.35459141042780745 0.027852049910873436 0.028200200534759357
0 0.28220113897396626 0.022881173430321592 0.012861313169984678 0.02123612174578867
1 0.2587705369241193 0.11797616023035229 0.02911161924119246 0.041285569105691075
0 0.25149263211382117 0.16442242547425473 0.009792090108401125 0.018260924796747957
0 0.24712588922764228 0.18572683773712736 0.013232554200542035 0.019054878048780477
0 0.14316128554502366 0.22940116508688782 0.012342022116903634 0.012033471563981046
0 0.22122457543443919 0.21921899684044233 0.012342022116903634 0.021907089257503953
0 0.23526362559241704 0.23202384478672983 0.012033471563981019 0.022832740916271715
0 0.22816696287519747 0.2616446978672986 0.013267673775671396 0.021598538704581394
0 0.22089198286413708 0.3027702340881273 0.011953029375765006 0.019363907588739293
0 0.25792559855233854 0.28239403535634744 0.01261483853006684 0.01892225779510026
0 0.26988794543429845 0.28054530902004454 0.010439866369710504 0.020879732739420898
0 0.28947787996777663 0.2847576530612245 0.014265574650912993 0.020349422663802352
0 0.3085685754564984 0.30647069683136413 0.022237513426423217 0.009230665950590744
0 0.2836038198174007 0.3155964688506982 0.02013963480128894 0.009860029538131032
0 0.3080078125 0.31826171875 0.02265624999999999 0.011132812500000033
0 0.1532816039071348 0.37922919026047563 0.015041053227633078 0.016147013023782575
0 0.1675484852774632 0.42711724943374857 0.016589396942242346 0.017695356738391843
0 0.11083984375 0.47470703125 0.01777343749999999 0.016210937499999967
0 0.19386160714285713 0.38571428571428573 0.00959821428571428 0.012946428571428581
0 0.18582589285714285 0.4024553571428572 0.014508928571428575 0.01517857142857143
0 0.23989188388625593 0.3950928120063191 0.0200557859399684 0.010799269352290697
0 0.24297738941548183 0.3867619470774092 0.01820448262243285 0.010182168246445467
0 0.23665210308056872 0.40527498025276465 0.016661729857819912 0.008947966034755173
0 0.23671707708779444 0.4154050120449679 0.023002542826552452 0.01108304336188437
0 0.23148922644539616 0.42565159930406854 0.017565578158458245 0.010246587259100659
0 0.23054821332976447 0.43506173046038543 0.020702288543897218 0.009828359207708803
0 0.23054821332976444 0.44635388784796576 0.021956972698072813 0.010246587259100659
0 0.22636593281584583 0.4570187031584583 0.022793428800856552 0.01108304336188437
0 0.22500669164882225 0.4658014922376874 0.021329630620985 0.012337727516059938
0 0.22176542425053533 0.4751070663811563 0.018611148286937884 0.011710385438972126
0 0.2178968147751606 0.48368074143468953 0.016729122055674506 0.010873929336188415
0 0.21716491568522484 0.494554670770878 0.021120516595289074 0.012128613490364037
0 0.21381909127408993 0.5044875869914347 0.020702288543897218 0.012337727516059938
0 0.20978058136261263 0.5192453195382882 0.0193552927927928 0.011877111486486513
0 0.2563300075301205 0.4283461972891566 0.01247176204819278 0.02094314759036142
0 0.2907640272244356 0.36274174136786186 0.015043990703851262 0.012190820053120832
0 0.2870030295484728 0.37259814907038513 0.017378403054448877 0.012190820053120832
0 0.28505768592297476 0.3816764193227091 0.015043990703851262 0.011672061752988017
0 0.283244460978836 0.3920097552910053 0.01730944113756616 0.009558945105820116
0 0.28208188657407407 0.4010520006613757 0.02273478835978837 0.013692542989417966
0 0.2798859126984127 0.413065269510582 0.02040963955026459 0.012917493386243428
0 0.2685513620885358 0.46463979143019296 0.021504327468785445 0.015075198637911458
0 0.260813643292683 0.4950695503048781 0.01857850609756101 0.011194740853658569
0 0.2572408536585366 0.5061451981707318 0.016673018292682945 0.010956554878048808
0 0.2746394230769231 0.5487720651549943 0.017042192881745133 0.01816338978185994
0 0.3070390513552068 0.574514087018545 0.013930991440798846 0.01727442938659063
0 0.3230462578988942 0.5856227784360188 0.012342022116903606 0.023449842022116862
0 0.24832589285714285 0.58515625 0.013169642857142838 0.014955357142857229
0 0.26372767857142854 0.5989955357142858 0.014508928571428548 0.02165178571428572
0 0.2722098214285714 0.6071428571428572 0.017187500000000022 0.019642857142857184
0 0.28147321428571426 0.6130580357142856 0.01517857142857143 0.017187500000000022
0 0.2902901785714286 0.6180803571428571 0.013169642857142838 0.018750000000000044
0 0.29910714285714285 0.6244419642857143 0.01741071428571428 0.018080357142857162
0 0.3154147943899782 0.6334890727124183 0.016807938453159033 0.018935525599128478
0 0.33296738834422657 0.6456163194444444 0.014893110021786449 0.0159569035947712
0 0.05894595286885247 0.5396228227459017 0.020811987704918038 0.016809682377049162
0 0.1816181752873563 0.6135506465517241 0.01751077586206895 0.01751077586206895
0 0.1619746767241379 0.6261224856321839 0.021327227011494254 0.019755747126436796
0 0.012012895331325343 0.6576618975903614 0.017648719879518073 0.015883847891566272
0 0.05422275037650606 0.6647213855421688 0.014413121234939756 0.01882530120481929
0 0.04451595444277112 0.6722220914909638 0.017354574548192767 0.014413121234939763
0 0.028080006544502656 0.6857002617801047 0.01574770942408377 0.016770287958115193
0 0.015400032722513123 0.6957215314136126 0.01370255235602094 0.013498036649214562
0 0.007730693717277523 0.6982779777486912 0.014725130890052356 0.018610929319371694
0 0.21972104519774013 0.7129678672316384 0.016551906779661008 0.01875882768361581
0 0.042983462806026405 0.8304864053672316 0.01618408662900188 0.016919726930320067
0 0.23846665302782322 0.7711806976268412 0.021097585924713586 0.019499283960720093
0 0.2335119169394435 0.78125 0.020138604746317484 0.015983019639934537
0 0.26467880523731585 0.7810901698036006 0.01150777414075288 0.021417246317512295
0 0.27805118110236215 0.8449187992125984 0.01968503937007876 0.010457677165354284
0 0.2574126901798064 0.8742814228907331 0.018369640387275232 0.009454961964038722
0 0.24732632710557534 0.8899114027283512 0.01644980723606171 0.010194246737840973
0 0.24260514937106917 0.9080802869496855 0.012897995283018882 0.011055424528301883
0 0.19989969817432274 0.9457219891048292 0.014723203769140158 0.017023704358068326
0 0.20772140017667845 0.9560742417550059 0.016563604240282692 0.019324204946996493
0 0.21591796875 0.9732421874999999 0.0166015625 0.019921874999999978
0 0.201171875 0.98056640625 0.01679687499999999 0.0205078125
0 0.1920056216931217 0.9748057208994708 0.015707671957671948 0.019634589947089998
0 0.2657718515037594 0.8619889567669172 0.01820958646616544 0.009398496240601517
0 0.3217264187116564 0.8586860141871164 0.01857266104294475 0.01228192101226988
0 0.3206779620398773 0.867972344708589 0.01887222009202455 0.00868721242331294
0 0.3217264187116564 0.8777080138036809 0.0221673696319018 0.011383243865030757
0 0.31813171012269936 0.8872939033742331 0.02156825153374231 0.010185007668711665
0 0.3175325920245399 0.8976286905674846 0.022167369631901856 0.0110836848159509
0 0.3074488146551724 0.9453573994252873 0.022674209770114917 0.012122844827586188
0 0.30666307471264365 0.9563577586206895 0.022898706896551713 0.011673850574712596
0 0.38863708651399487 0.7956623727735368 0.01192748091603052 0.01789122137404575
0 0.37392578125 0.919140625 0.010351562499999967 0.021874999999999978
0 0.3697265625 0.9453125 0.012109375000000033 0.020703125000000044
0 0.365625 0.96748046875 0.013671875 0.022070312500000022
0 0.3619140625 0.98994140625 0.010546875000000011 0.016210937500000022
0 0.4521122685185185 0.7879670965608465 0.01715443121693122 0.011367394179894186
0 0.4461447738222698 0.9037908190578159 0.010246587259100659 0.01589266595289085
0 0.43736198474304067 0.9539781852248395 0.009828359207708803 0.018820262312633784
0 0.4329705902034261 0.9787581972698074 0.011501271413276226 0.018611148286937884
0 0.5072084407216495 0.855649967783505 0.02134342783505161 0.023155605670103108
0 0.49583199097938135 0.862999355670103 0.020336662371134018 0.02214884020618557
0 0.49228515624999997 0.925390625 0.020898437499999978 0.012499999999999956
0 0.49150390624999996 0.94013671875 0.02363281249999999 0.013085937499999978
0 0.48759765625 0.962890625 0.022070312500000022 0.010546874999999956
0 0.5384167636786962 0.8860684662398137 0.012732828870779977 0.019099243306169966
0 0.56962890625 0.8036132812500001 0.019726562499999933 0.010351562500000022
0 0.5427734375 0.8580078124999999 0.013281250000000022 0.017187500000000022
0 0.5537109375 0.8589843749999999 0.012890625000000044 0.019140625000000022
0 0.56591796875 0.86259765625 0.013476562499999956 0.019335937500000067
0 0.5900390625 0.86669921875 0.015234375000000022 0.021289062499999956
0 0.60009765625 0.8671875 0.014257812499999911 0.01796875000000009
0 0.61220703125 0.87060546875 0.0146484375 0.02089843750000009
0 0.6244140625000001 0.8721679687499999 0.016015624999999978 0.022070312500000022
0 0.63671875 0.87412109375 0.012109375000000089 0.0205078125
0 0.6382800535987748 0.787979756891271 0.022133422664624813 0.01226311255742718
0 0.6795558958652372 0.8208807905819295 0.02153522205206737 0.011066711332312407
1 0.7076713246554365 0.8760647970903521 0.027517228177641573 0.029910030627871342
1 0.7558264739663093 0.8818972530627871 0.023329823889739698 0.027218127871363018
0 0.7555273736600306 0.9168919888973965 0.022133422664624813 0.01226311255742718
0 0.8207312404287902 0.8421169123277181 0.022133422664624813 0.01226311255742718
0 0.9729732963246553 0.866344037136294 0.0191424196018376 0.011066711332312407
0 0.9710291443338437 0.9485966213629402 0.015852316232771835 0.018245118683001493
0 0.969084992343032 0.9631029862174578 0.02153522205206737 0.0161514165390505
0 0.7168817934782609 0.7362432065217391 0.011209239130434812 0.022078804347826164
0 0.7265625 0.7362432065217391 0.012228260869565188 0.022758152173913082
0 0.7374320652173914 0.7391304347826086 0.010190217391304324 0.02038043478260876
0 0.7469429347826086 0.7440557065217391 0.010190217391304324 0.018002717391304435
0 0.8275692544459643 0.742203531121751 0.013092082763337953 0.018168604651162767
0 0.83718792749658 0.742203531121751 0.011488970588235281 0.016565492476060206
0 0.8460050444596443 0.7488831651846785 0.01042022913816687 0.015496751025991795
0 0.8659103539671682 0.7495511285909713 0.011756155950752412 0.02003890218878246
0 0.8842125512995895 0.7577002821477428 0.01095459986320102 0.018702975376196918
0 0.8460050444596443 0.6986523170314637 0.01042022913816687 0.01923734610123118
0 0.7786303323412699 0.4979332010582011 0.010333994708994654 0.018342840608465694
0 0.7883184523809523 0.5005166997354498 0.009558945105820116 0.017309441137566217
0 0.7272187086640212 0.42314091435185186 0.02170138888888895 0.01085069444444442
0 0.729543857473545 0.41280691964285715 0.0180844907407407 0.009817294973544999
0 0.7329024057539684 0.4016978753306878 0.02066798941798942 0.011884093915343896
0 0.7360026041666667 0.39381820436507936 0.01808449074074081 0.010075644841269882
0 0.7378110532407407 0.3843884341931217 0.01808449074074081 0.009817294973544999
0 0.7394903273809523 0.3734085648148148 0.01730944113756616 0.010592344576719537
0 0.7425905257936509 0.3652705439814815 0.01730944113756616 0.008267195767195756
0 0.7440114500661377 0.3554532490079365 0.01808449074074081 0.009817294973544999
0 0.7481450479497355 0.3334935102513228 0.015500992063492092 0.010850694444444475
0 0.7533120453042328 0.3134713955026455 0.01808449074074081 0.009558945105820116
0 0.7580001364628821 0.2957321233624455 0.015352074235807867 0.011087609170305657
0 0.7638637759279475 0.26556103302401746 0.020256209061135344 0.011300832423580764
0 0.7693009688864629 0.2474370564956332 0.01791075327510916 0.007889260371179069
0 0.7728191525655022 0.22867341020742357 0.019403316048034913 0.011300832423580764
0 0.7701538618995634 0.23805523335152837 0.01321984170305679 0.008742153384279472
0 0.7746315502183405 0.21843869405021832 0.01705786026200873 0.010447939410480361
0 0.7780431222707422 0.21054943367903928 0.020895878820960667 0.00959504639737993
0 0.7794290734170305 0.19978165938864628 0.018123976528384267 0.009381823144104795
0 0.7803885780567685 0.19093289437772926 0.020042985807860236 0.009595046397379903
0 0.7873183337882096 0.1716361899563319 0.02153554858078599 0.01236694868995633
