0 0.14589419866444073 0.20409667153589317 0.009455863939899833 0.01695534223706177
0 0.18423647164536744 0.21933656150159744 0.010920027955271555 0.0174720447284345
0 0.1422493811881188 0.33438494519094764 0.016575318246110332 0.009668935643564358
0 0.16876989038189535 0.294466053748232 0.010497701555869876 0.015470297029702984
0 0.11916901344476744 0.939453125 0.01816860465116278 0.017884720203488413
0 0.18247524527616277 0.9644349563953487 0.016465297965116282 0.015613644622093026
0 0.4678966929611651 0.14395605784789645 0.01738218042071199 0.009797228964401272
0 0.26987761699507384 0.40217056650246297 0.013469827586206906 0.017799415024630505
0 0.3620094476744186 0.4322613856589147 0.01665455426356588 0.016048934108527146
0 0.2765331392973856 0.6349251940359477 0.01116983251633985 0.02138225081699341
0 0.44649163984263235 0.6230831992131617 0.012853183118741063 0.02011802575107291
0 0.43488974883177567 0.4478193146417445 0.01916617990654207 0.015211253894081012
0 0.7561721110271904 0.017111971299093656 0.012391427492447149 0.019472243202416917
0 0.6616895443925234 0.011408440420560748 0.020687305295950198 0.01125632788161994
0 0.7253718248663101 0.11558600713012476 0.011488970588235281 0.017407531194295903
0 0.6951656484962405 0.14990601503759401 0.01938439849624063 0.010867011278195504
0 0.6091524920886076 0.2771212420886076 0.016811708860759444 0.015328322784810111
0 0.563171851217656 0.4494625190258752 0.009215658295281592 0.019620433789954317
0 0.6195062785388128 0.4603132134703196 0.01902587519025878 0.009215658295281592
0 0.540281345129376 0.5017836757990868 0.01872859589041098 0.012485730593607303
0 0.6397543988269795 0.570163581378299 0.019473973607038175 0.012028042521994187
0 0.5658143939393939 0.5995501893939393 0.018347537878787845 0.018347537878787845
0 0.5291892224409449 0.6293061023622046 0.01814714566929132 0.01537893700787396
0 0.5568713090551181 0.6285371555118109 0.01814714566929143 0.01507135826771655
0 0.6268737296747968 0.6699059959349594 0.017149390243902496 0.01810213414634143
0 0.786265577794562 0.026405541918429 0.016521903323262754 0.019177209214501507
0 0.762810375755287 0.06623513028700906 0.012686461480362565 0.020947413141993963
0 0.7743167012839879 0.06697271525679759 0.0115063255287009 0.02006231117824773
0 0.7679734705438066 0.0899853663141994 0.011801359516616317 0.02065237915407854
0 0.7579423149546827 0.11801359516616314 0.012391427492447149 0.018882175226586084
0 0.7980126883070301 0.07672951040172164 0.010648314203730358 0.017373565279770437
0 0.47886174841772156 0.7589744857594937 0.015822784810126556 0.017800632911392444
0 0.5142157832278481 0.7705943433544304 0.017306170886076 0.015328322784810111
0 0.5421528876582279 0.7521756329113924 0.019778481012658222 0.016564477848101222
0 0.6588358274647887 0.6981504914906104 0.01971464201877937 0.015359081572769995
0 0.8531992309190031 0.012169003115264797 0.016123929127725867 0.018861954828660436
0 0.8579147196261683 0.040918272975077885 0.01947040498442365 0.013690128504672897
0 0.8582579614384748 0.15249268847487002 0.01997129549393417 0.011847378682842274
0 0.8291472595320624 0.25894984835355284 0.015909337088388154 0.010154896013864823
0 0.8266085355285961 0.2718127166377816 0.020309792027729645 0.011508882149046773
0 0.8284702664644714 0.28129061958405543 0.021325281629116177 0.014216854419410785
0 0.8923492676565008 0.309703551364366 0.010972612359550604 0.0200642054574639
0 0.9521388633578431 0.647561465992647 0.011010263480392135 0.016036688112745057
0 0.9632688036151961 0.6522288602941176 0.013164445465686292 0.015318627450980449
0 0.92724609375 0.6851399739583333 0.015318627450980449 0.01795151654411764
0 0.9345463771446079 0.691961550245098 0.012685738357843146 0.01627604166666663
0 0.9447189031862745 0.6956715303308822 0.013882506127451011 0.01795151654411764
0 0.9521388633578431 0.7028521369485294 0.013882506127451011 0.01795151654411764
0 0.9626704197303921 0.7056047028186274 0.011967677696078427 0.01627604166666663
0 0.9706887637867647 0.7124262791053921 0.016036688112745057 0.018908930759803932
0 0.912210955969267 0.7698821660756501 0.01685320626477549 0.013851950354609954
0 0.9745447325650116 0.7651494163711583 0.016391474586288424 0.010388962765957466
0 0.646819429916318 0.8899385460251046 0.013347716178521596 0.015799337517433787
0 0.6436868026499303 0.924806049511855 0.015799337517433676 0.017433751743375137
0 0.6631635721757323 0.9512290794979079 0.02151978730822879 0.010896094839609405
0 0.7931131712147887 0.8340325154049296 0.012722821302816878 0.01960002200704225
0 0.7984430017605635 0.8152921434859155 0.013754401408450634 0.019943882042253502
0 0.8467553367077465 0.7797026298415493 0.018912301936619746 0.021663182218309873
0 0.8278430347711268 0.7874394806338029 0.01822458186619713 0.018568441901408494
0 0.9254008448401163 0.8200797147529069 0.018736373546511698 0.01589752906976749
0 0.9205748092296511 0.8277445948401163 0.019871911337209336 0.01589752906976749
0 0.9141874091569768 0.8361191860465116 0.015613644622093026 0.013910337936046568
0 0.9069483557412791 0.8453454305959303 0.014761991279069742 0.011923146802325646
0 0.98921912515006 0.8784326230492198 0.015943877551020336 0.018991971788715478
0 0.9821850615246098 0.8854666866746699 0.015006002400960394 0.016647283913565403
0 0.24432281949626866 0.8076682019589552 0.014939948694029842 0.019312616604477695
