0 0.4486762152777778 0.4991319444444444 0.017361111111111105 0.01844618055555558
0 0.6462318601583112 0.1958278364116095 0.015460092348284937 0.013398746701846959
0 0.6678759894459103 0.21154559696569922 0.01649076517150394 0.01906744722955145
0 0.9607056542266187 0.3275207958633094 0.013348696043165464 0.012997414568345356
0 0.9405069694244604 0.34174769559352525 0.015807666366906448 0.011943570143884863
0 0.9196057216726619 0.31417209982014394 0.014753821942446121 0.015807666366906448
0 0.8625224820143884 0.30012084082733814 0.014402540467625902 0.017915355215827378
0 0.91486342176259 0.06739686375899284 0.01861791816546765 0.01264613309352517
0 0.9025685701438848 0.048252023381295 0.013699977517985684 0.012294851618705034
0 0.8658596560251799 0.07424685251798564 0.016861510791366885 0.015807666366906475
0 0.8503568672839505 0.8814621913580246 0.011091820987654377 0.021219135802469147
0 0.886766975308642 0.8245563271604938 0.01157407407407407 0.016396604938271553
0 0.9923201195987654 0.7742091049382716 0.011453510802469147 0.014081790123456783
0 0.9798418209876543 0.7907986111111112 0.015432098765432167 0.018325617283950657
0 0.250493646978022 0.06913203983516485 0.02038976648351648 0.01609718406593407
0 0.014482606132075457 0.2263782429245283 0.008475825471698112 0.01584610849056603
0 0.013970190922190227 0.022975954610951033 0.012382925072046106 0.015760086455331408
0 0.01565877161383288 0.04520893371757928 0.019137247838616714 0.014071505763688756
0 0.015095911383285329 0.05956186959654182 0.020262968299711814 0.012382925072046115
0 0.5946180555555556 0.012369791666666666 0.01909722222222221 0.014322916666666668
0 0.25595238095238093 0.7325148809523809 0.011160714285714246 0.013392857142857206
0 0.5756114847046414 0.8774393459915613 0.009065137130801704 0.016894119198312185
0 0.5566571070675106 0.8401486682489452 0.010713343881856519 0.015657964135021074
0 0.8377430050872093 0.6940974745639534 0.018736373546511587 0.011923146802325646
0 0.5936023800872093 0.540515988372093 0.01760083575581395 0.013626453488372103
0 0.7429629342431762 0.014297068858560793 0.009692928039702231 0.01502403846153846
0 0.9578182909366577 0.9922427771226415 0.010144668126684575 0.011608195754716943
0 0.3601301115241636 0.5982806691449813 0.015973513011152463 0.01597351301115235
