0 0.5084063555743243 0.016331028293918918 0.011877111486486402 0.02144478462837838
0 0.5696041483274648 0.029571963028169015 0.01134738116197187 0.01994388204225352
0 0.7363762654049296 0.0722106073943662 0.011347381161971759 0.01994388204225353
0 0.7487552266725352 0.07152288732394366 0.011347381161971759 0.019943882042253516
0 0.2575511663732395 0.10229836047535212 0.017880721830985935 0.008596500880281702
0 0.5426111355633803 0.11588083186619719 0.022007042253521125 0.011003521126760563
0 0.3134889240506329 0.19481803797468356 0.008900316455696222 0.017800632911392417
0 0.3341457443019943 0.19280849358974358 0.010016025641025661 0.020588497150997143
1 0.38016668115438107 0.24583840403337967 0.010594141168289273 0.02825104311543808
0 0.3763000295741325 0.1612714412460568 0.018791896687697207 0.01571125788643532
0 0.4225809487951807 0.16290945030120485 0.017413403614457812 0.020001882530120474
0 0.5816250445156694 0.1750022257834758 0.014745815527065553 0.010016025641025633
0 0.67392578125 0.21064453125 0.013476562499999956 0.011132812500000006
0 0.4643251713564214 0.3208705357142857 0.010427940115440126 0.019446699134199108
0 0.4602385461760462 0.36821902056277056 0.011273448773448769 0.015500992063492036
0 0.6763642723880596 0.22463404133180254 0.009642293340987318 0.01614523536165327
0 0.04374514751552799 0.4014945652173913 0.0109180900621118 0.01892468944099379
0 0.00941381987577644 0.40622573757763975 0.017468944099378877 0.009462344720496896
0 0.12293836805555558 0.41035259589947093 0.01033399470899471 0.014725942460317498
0 0.13353071263227514 0.4367042824074074 0.011367394179894186 0.020409639550264536
0 0.10562892691798945 0.4832072585978836 0.010850694444444434 0.021443039021164012
0 0.08444423776455029 0.47700686177248675 0.009817294973544971 0.017309441137566106
0 0.2751446015424165 0.4408338688946015 0.0225939910025707 0.012552217223650408
0 0.3315903746966019 0.4543717763956311 0.023702973300970875 0.011851486650485465
0 0.3766260239684466 0.4272318719660194 0.01042930825242716 0.019673467839805836
0 0.3750853307038835 0.4610086089199029 0.010192278519417453 0.016118021844660213
0 0.48644276024363237 0.43993978405315615 0.018168604651162767 0.010814645625692176
0 0.46352289482306686 0.4377969364351245 0.02201425294888598 0.009471248361730022
0 0.5257682110570236 0.45052264429763555 0.010050851877607792 0.018743480528511824
0 0.5863189697265625 0.4856109619140625 0.00890096028645837 0.020599365234375
0 0.23706515330188677 0.18915831367924527 0.008475825471698117 0.017320165094339646
0 0.8366204554738562 0.19467422385620914 0.013084660947712434 0.0204248366013072
0 0.8468328737745098 0.20504621119281047 0.008616727941176405 0.01755259395424838
0 0.8465137357026143 0.22706673815359477 0.009255004084967267 0.018829146241830075
0 0.8745978860294117 0.23584303513071897 0.0105315563725491 0.01723345588235295
0 0.9436912785947712 0.21685431985294118 0.012127246732026142 0.020743974673202603
0 0.9867749183006536 0.2095141441993464 0.010212418300653558 0.021382250816993464
0 0.988211039624183 0.25642744076797386 0.009893280228758128 0.018829146241830075
0 0.9264578227124183 0.3670087826797386 0.01595690359477131 0.017871732026143783
0 0.9165180106602475 0.34253567744154056 0.008328318431911952 0.017731258596973887
0 0.9408313273727646 0.37880416093535074 0.013970082530949113 0.012358149931224194
0 0.7685559443371943 0.35040620978120973 0.016338883526383574 0.010557432432432401
0 0.8042501206563706 0.35518219111969107 0.0193552927927928 0.010054697554697511
0 0.8268731901544402 0.346258647039897 0.020863497425997468 0.013322474259974237
0 0.9457366370643432 0.4475064929624665 0.010210707104557626 0.02120685321715815
0 0.8762252848525469 0.4706769436997319 0.0178032841823057 0.016232406166219848
0 0.8954685405495979 0.48075674430294907 0.010734333109919558 0.020683227211796273
0 0.9581727546916889 0.488872947386059 0.023039544235924914 0.009163455093833817
0 0.99169921875 0.48115234375 0.0126953125 0.018164062500000022
0 0.021052460013908203 0.6511322148817802 0.01059414116828929 0.019558414464534102
0 0.12088186717663421 0.6903848661335188 0.01792854659248956 0.011137430458970754
0 0.1590479398470097 0.6274991307371349 0.0105941411682893 0.016841968011126585
0 0.15836882823365783 0.6478724791376912 0.009779207232267023 0.020101703755215583
0 0.15796136126564672 0.6694682284422808 0.01113743045897081 0.018200191237830343
0 0.22763821279554936 0.6728637865090403 0.009235917941585542 0.020644993045897064
0 0.22668745653685674 0.6495023470097356 0.009507562586926283 0.017928546592489547
0 0.2958210187760779 0.6416246522948539 0.010322496522948532 0.017385257301808066
0 0.29310457232267034 0.6607755997913769 0.011952364394993031 0.019830059109874787
0 0.29079559283727396 0.6808773035465925 0.01168071974965229 0.017656901947148862
0 0.23155449340062112 0.8544921875 0.017286975931677023 0.01789353649068326
0 0.300076191775837 0.8853029475982532 0.0139305858806405 0.0181950509461426
0 0.3088894195778748 0.8827442685589519 0.012224799854439583 0.01762645560407572
0 0.3570461715552524 0.8804996589358799 0.011191166439290579 0.018918400409276837
0 0.53330078125 0.92099609375 0.0205078125 0.009570312499999956
0 0.51181640625 0.92041015625 0.0205078125 0.009960937500000044
0 0.6291582661290323 0.8598499534739454 0.009450604838709742 0.02059747208436724
0 0.5570674003856041 0.8860610138174807 0.010543862467866427 0.019330414524421524
0 0.4005742143261608 0.8676210362400906 0.010174830124575318 0.017031780860702117
0 0.7720013786764706 0.9325597426470588 0.01780790441176472 0.011488970588235281
0 0.9255712959688825 0.9371740187411598 0.010221446251768018 0.018509105374823198
0 0.9096954865661862 0.8908809796854522 0.00972722804718218 0.01971043577981657
0 0.8897290711009176 0.8928008273263435 0.019966415465268672 0.008191349934469239
