0 0.00938265931372549 0.08386948529411764 0.016467524509803922 0.01914828431372549
0 0.2672403665413534 0.10974212875939851 0.010279605263157854 0.02055921052631579
0 0.3261021205357143 0.3282335069444444 0.012788318452380987 0.017826140873015872
0 0.41225090579710144 0.19813502846790892 0.01738806935817805 0.01051371635610765
0 0.33004372553816047 0.25608488258317025 0.011848703522504889 0.017581947162426587
0 0.4714497120307167 0.27730375426621157 0.012998613481228716 0.016664889078498335
0 0.577179939516129 0.30015908518145157 0.01890120967741926 0.01220703125
0 0.5334708921370968 0.24621188256048385 0.02205141129032251 0.015357232862903192
0 0.7033848916330645 0.15761246219758066 0.013782132056451624 0.020082535282258063
0 0.6561318674395161 0.22179782006048387 0.021657636088709742 0.009056829637096753
0 0.7450935337370241 0.25579855103806226 0.010813148788927252 0.017571366782006936
0 0.7732584901800328 0.024933510638297872 0.020458265139116194 0.0102291325695581
0 0.7882825286415711 0.008790660801963994 0.010229132569558153 0.016942000818330603
0 0.910403829225352 0.02035651408450704 0.009077904929577496 0.015955105633802816
1 0.9555191532258065 0.21753192204301075 0.07308467741935487 0.02688172043010753
0 0.8613452576754386 0.22872121710526316 0.013991684941520477 0.01656158625730994
0 0.5791888973577235 0.40094639227642276 0.020642784552845517 0.012703252032520318
0 0.4293961662861492 0.4018978310502283 0.023485064687975676 0.013674847792998435
0 0.2397303427419355 0.4915889616935484 0.018901209677419345 0.012915826612903247
0 0.36071696071904125 0.48906145972037285 0.017164613848202392 0.014303844873502003
0 0.3664384986684421 0.5008946404793608 0.018725033288948034 0.011963215712383457
0 0.046887934602649006 0.7510153663079471 0.010347682119205295 0.01972526903973504
0 0.12352545529801325 0.6970134002483444 0.010994412251655622 0.017138348509933787
0 0.19612091266556292 0.6792283216059603 0.011964507450331119 0.017138348509933787
0 0.18515242503059975 0.7202895501835985 0.019363907588739293 0.01386551407588743
0 0.3381486640708915 0.6211524906015037 0.013845998925886172 0.0083915145005371
0 0.37790253058954393 0.637305339265851 0.02107376251390436 0.0145561040044494
0 0.3807268492769744 0.6484939863737487 0.021508273081201346 0.012600806451612878
0 0.3810527322024472 0.6681555895439377 0.015642380422691893 0.01151453003337044
0 0.3590959821428571 0.6774863591269842 0.023251488095238082 0.012710813492063489
0 0.3434809127439724 0.7643782290470723 0.015248277841561408 0.010763490241102236
1 0.25659413474692205 0.9575549333105334 0.027520092339261254 0.027787277701778468
0 0.4396161080711355 0.9604939722982215 0.022710755813953487 0.013893638850889234
0 0.5414449144832605 0.8479178038573507 0.012224799854439694 0.01961653930131002
0 0.5855722023067331 0.9646294420199502 0.013881312344139585 0.019969607231920206
0 0.5716056771545828 0.7646471015731873 0.016298307113543076 0.010687414500684
0 0.822476393884892 0.5937921537769784 0.021428169964028743 0.012294851618705027
0 0.8083931268882175 0.5667602907854985 0.018292107250755363 0.011801359516616317
0 0.5249439169449082 0.5136946994991654 0.01173831385642743 0.015325020868113493
0 0.5187486957429048 0.4908702003338898 0.015651085141903276 0.012716506677796335
0 0.5384755843071787 0.47994704716193654 0.010107992487479178 0.01760747078464109
0 0.5459750626043407 0.4784797579298831 0.008151606844741255 0.01923779215358934
0 0.7257320374015748 0.6396099901574803 0.01199557086614178 0.016916830708661457
0 0.7112758366141732 0.6331508366141732 0.014456200787401619 0.015686515748031482
0 0.7524227819237148 0.49378757255389716 0.022025290215588744 0.009393138474295237
0 0.7328051412872841 0.7446097429356358 0.018396781789638883 0.01625049058084771
0 0.6984375 0.80390625 0.020312500000000067 0.010937499999999933
0 0.8442337684842883 0.8375548752310535 0.019856169131238444 0.013718807763401064
0 0.8092147065619224 0.8530787892791127 0.016245956561922403 0.0158849353049908
0 0.7900805799445472 0.8624653419593347 0.018412084103512028 0.010830637707948232
0 0.8687132098337951 0.9055033760387812 0.017583535318559496 0.010550121191135742
0 0.8666952304550759 0.9899905192532088 0.020511231038506383 0.011850933488914861
0 0.87981362514518 0.58412274970964 0.011115345528455278 0.017693815331010443
0 0.8843505008710801 0.6049923780487805 0.012022720673635301 0.020415940766550622
0 0.9153603001644737 0.3347232216282895 0.020237972861842035 0.0115645559210526
0 0.8430263601618705 0.3735386690647482 0.009835881294963933 0.018617918165467595
0 0.8424994379496402 0.39127838354316546 0.01088972571942437 0.016158947841726612
0 0.9120531699640289 0.41059886465827344 0.020725607014388525 0.011943570143884863
0 0.96404282823741 0.4042757981115108 0.016510229316546665 0.01124100719424459
0 0.9790231299212597 0.730345718503937 0.019685039370078705 0.010150098425196874
0 0.9019746555118109 0.8419968011811023 0.014456200787401507 0.019992618110236227
0 0.8566067913385826 0.7798658956692912 0.009842519685039353 0.019377460629921184
