0 0.28162031727828746 0.8123088685015291 0.016126720183486265 0.01911314984709489
0 0.5571099113272311 0.7649367133867278 0.01743063501144171 0.013855120137299726
0 0.5631435926773456 0.7736520308924485 0.016089816933638423 0.012514302059496663
0 0.5714119708237986 0.7801326516018305 0.015642877574370773 0.01474899885583525
0 0.5761048340961099 0.7910826659038901 0.012514302059496552 0.010726544622425727
0 0.7667709976340694 0.7941886829652998 0.02156447160883279 0.016019321766561512
0 0.8326212565104167 0.8015950520833334 0.01424153645833337 0.01118977864583326
0 0.934600830078125 0.605010986328125 0.01271565755208337 0.01373291015625
0 0.4718440594059406 0.13681543935643564 0.025139232673267342 0.020304764851485135
0 0.4351202538395904 0.03566286262798635 0.011665422354948829 0.015331697952218431
0 0.4272877559726962 0.041662222696245726 0.015331697952218393 0.01799808020477816
0 0.4189553114334471 0.046328391638225254 0.011998720136518759 0.015331697952218434
0 0.23041768790849673 0.15254799836601307 0.011488970588235281 0.017446214596949894
