0 0.041950924295774655 0.24362483494718312 0.011691241197183101 0.022350902288732405
0 0.07461762764084506 0.4171022227112676 0.013066681338028172 0.023382482394366244
0 0.08699658890845072 0.47057245818661975 0.01237896126760564 0.022350902288732377
0 0.12172645246478875 0.6550533670774649 0.015817561619718326 0.024070202464788748
0 0.037136883802816906 0.7490990867077465 0.013754401408450707 0.017536861795774628
0 0.07547727772887325 0.8013658120598592 0.01684914172535211 0.023726342429577385
0 0.07186674735915494 0.8391904159330986 0.01237896126760564 0.02097546214788726
0 0.049343915052816906 0.966246698943662 0.014785981514084508 0.024070202464788748
0 0.11536504181338028 0.982236190580986 0.013410541373239437 0.018912301936619746
1 0.12241417253521128 0.9588537081866197 0.02200704225352114 0.03610530369718312
0 0.4189934529049296 0.20476865096830987 0.014098261443661941 0.016849141725352124
0 0.41658643265845074 0.25187747579225356 0.016849141725352124 0.012035101232394402
0 0.5637434686495176 0.1764155446141479 0.012874296623794246 0.012560289389067503
0 0.5650241503724395 0.16039629888268156 0.017094390130353743 0.013093575418994419
0 0.6966445852534562 0.07290466589861752 0.015751008064516125 0.014850950460829501
0 0.7118330573156681 0.060191352246543775 0.012825820852534586 0.012375792050691246
0 0.6933226391065831 0.27805397727272724 0.01591888714733547 0.019898608934169282
0 0.7011290164576802 0.2847888910658307 0.010714635579937348 0.013163695141065856
0 0.7630511647254576 0.3166922316971714 0.015599001663893497 0.011374272046588974
0 0.9659254019028871 0.36345554461942253 0.024862614829396334 0.014866305774278221
0 0.5649250440917107 0.5077436067019401 0.01446759259259256 0.019290123456790154
0 0.6005773258377425 0.4946538800705468 0.014812059082892404 0.01860119047619052
0 0.5659984546703297 0.40985576923076916 0.013950892857142794 0.020032051282051266
0 0.8700657894736843 0.4263294956140351 0.014848318713450381 0.022082115009746606
