0 0.11896643738140417 0.14546519212523717 0.016306925996204924 0.02334855313092979
0 0.17604067836812143 0.24497450189753317 0.011118358633776082 0.020013045540796942
0 0.22570268026565465 0.22940879981024664 0.013342030360531304 0.023719165085388988
0 0.24478682620817843 0.433020155669145 0.01633654739776949 0.021782063197026025
1 0.31684915195167285 0.4243073303903345 0.03267309479553904 0.048646607806691444
0 0.451999470338983 0.3422603283898305 0.01754502118644069 0.020524364406779627
0 0.5645705259562841 0.5313513917349726 0.013341017759562868 0.017343323087431695
1 0.6821422166427547 0.7294991929698709 0.024939472740315605 0.03446691176470584
1 0.33236852433281006 0.8177369505494505 0.026981946624803743 0.03250098116169542
0 0.4317111459968603 0.9558661204866561 0.015943877551020447 0.01992984693877553
0 0.5045317405808477 0.9094142464678179 0.019316620879120894 0.023302590266875978
1 0.5602384868421053 0.8708881578947368 0.04646381578947367 0.06990131578947367
0 0.5731907894736842 0.9210526315789473 0.01726973684210531 0.022203947368421018
0 0.8610905827702703 0.03711597339527027 0.01319679054054057 0.017485747466216214
0 0.8548221072635136 0.04569388724662162 0.014516469594594628 0.017485747466216214
0 0.9762883771929824 0.030350534539473735 0.020987527412280604 0.010279605263157895
0 0.9113983689692983 0.09845291940789477 0.012849506578947345 0.014562774122807029
0 0.9185747972496474 0.3327750352609309 0.012947373060648859 0.016528561354019755
0 0.9404751410437235 0.3597716854724965 0.013773801128349805 0.014875705218617752
0 0.9510809679125529 0.3767134608603667 0.014600229196050751 0.015702133286318753
0 0.7904859639830508 0.22904528601694918 0.011917372881355859 0.020524364406779683
0 0.7913425673216885 0.11371906841339155 0.016204967248908297 0.011371906841339166
