0 0.14185540902140675 0.932960626911315 0.016126720183486237 0.022696865443424974
0 0.045393730886850156 0.9231054090214067 0.013140290519877675 0.01971043577981657
0 0.02747515290519878 0.9302728402140673 0.014334862385321102 0.017321292048929626
0 0.019411792813455658 0.9365443425076452 0.01373757645259939 0.017918577981651418
0 0.011348432721712539 0.9410239870030581 0.013140290519877676 0.01971043577981657
0 0.6183190333753148 0.09510784005037784 0.013775188916876568 0.01918687027707809
0 0.6698491224928367 0.08642997851002868 0.014550501432664786 0.016229405444126085
0 0.7286107628939829 0.12896221346704873 0.014550501432664675 0.020706482808022925
0 0.74912844422043 0.1936428931451613 0.015751008064516125 0.019951276881720437
0 0.7342140281593407 0.29476090315934067 0.015560611263736313 0.0209263392857143
0 0.8187242445054945 0.2842977335164836 0.015024038461538436 0.017170329670329665
0 0.8479674622252746 0.3441256009615385 0.01448746565934067 0.017706902472527486
0 0.8299922733516484 0.4619033310439561 0.016097184065934078 0.021462912087912123
1 0.9142342032967032 0.47826880151098905 0.04829155219780212 0.06492530906593408
0 0.9907494848901099 0.634508070054945 0.014594780219780223 0.020046359890109833
0 0.9568917410714286 0.6781421703296704 0.017706902472527486 0.021462912087912067
0 0.9856316618217054 0.7002331637596899 0.013626453488372103 0.019682655038759655
