0 0.44654979520631066 0.007926274271844672 0.018962378640776656 0.011614456917475728
0 0.43066880309466016 0.06327271692961166 0.019910497572815544 0.011377427184466014
0 0.4274689016990291 0.08353875910194176 0.0215697057038835 0.012088516383495146
0 0.4242690003033981 0.09112371055825244 0.01801425970873788 0.009244159587378648
0 0.4204765245752427 0.11020460406553399 0.021806735436893154 0.013273665048543687
0 0.3899677183173589 0.23167931309904155 0.02121605431309903 0.013312034078807239
0 0.3891357161874335 0.25539137380191695 0.021216054313099086 0.012896033013844482
0 0.405859375 0.3318359375 0.010937499999999989 0.021093750000000022
0 0.45126953125 0.33740234375 0.0107421875 0.0166015625
0 0.47763671875 0.34394531250000004 0.013476562500000011 0.02226562500000001
0 0.49072265625 0.350390625 0.0126953125 0.017968749999999978
0 0.503125 0.35244140625 0.010937499999999933 0.016210937499999967
0 0.52119140625 0.3546875 0.013867187499999933 0.016015624999999978
0 0.540025129701686 0.3115272373540856 0.018239299610894988 0.011146238651102425
1 0.5525636099726776 0.2850762038934427 0.014941939890710465 0.02481429303278687
0 0.553497481215847 0.26132919228142076 0.016809682377049162 0.01414147882513661
0 0.5619023224043715 0.2307782616120219 0.017610143442622905 0.009605532786885251
0 0.5636366547131149 0.21983862704918034 0.020011526639344246 0.011740095628415298
0 0.5701737534153006 0.2098328637295082 0.022412909836065587 0.010405993852459022
0 0.5747096994535519 0.196625256147541 0.025081113387978138 0.015475580601092886
0 0.5749765198087432 0.1823503671448088 0.019211065573770503 0.012006915983606564
0 0.5833287964576075 0.2820802482578397 0.011115345528455278 0.01792065911730545
0 0.5738928355501814 0.3189474380290206 0.013225513905683162 0.022436139661426824
0 0.6263671875000001 0.11435546875 0.013281250000000022 0.0224609375
0 0.6125030717562254 0.040900434141546524 0.0209903342070773 0.014334862385321105
0 0.6155748279816514 0.014662516382699862 0.011775065530799544 0.016638679554390565
0 0.71455078125 0.01357421875 0.011914062499999933 0.018945312500000002
0 0.70673828125 0.009375 0.010351562500000022 0.01875
0 0.69677734375 0.008496093750000001 0.009570312499999956 0.0158203125
0 0.6859375000000001 0.008203125 0.010156249999999978 0.015234375
0 0.6758789062499999 0.0067382812499999995 0.009179687499999978 0.0123046875
0 0.6654296875000001 0.0057617187499999995 0.010156249999999978 0.0111328125
0 0.730200066137566 0.10096312830687829 0.01157407407407407 0.020874669312169317
1 0.7691936728395061 0.11381172839506173 0.016396604938271664 0.02604166666666667
0 0.8091001157407407 0.11899594907407407 0.011332947530864224 0.01808449074074074
0 0.6964940200617284 0.13720100308641975 0.0209780092592593 0.014949845679012336
0 0.6809846135496183 0.21780077131043257 0.019630645674300284 0.011182013358778636
0 0.7983150718714769 0.16602663472378804 0.012991474069898534 0.01893672491544532
0 0.7812453106242496 0.18803927821128452 0.018757503001200493 0.012192376950780293
0 0.7892172493997599 0.1641234618847539 0.010316626650660243 0.01922644057623049
0 0.7160779457768509 0.3238236444212722 0.013034410844629862 0.0224028936392075
0 0.7114955357142857 0.3471430200729927 0.012016097497393075 0.020569929614181415
0 0.5968625142694064 0.37635559360730597 0.012039811643835607 0.020066352739726068
0 0.6271850028538812 0.3811492223173516 0.012485730593607358 0.0189515553652968
0 0.6383329765981736 0.3830443778538813 0.009810216894977186 0.01560716324200917
0 0.6466939569063928 0.38872984446347036 0.010479095319634646 0.017167879566210076
0 0.6570615724885844 0.3869461686643836 0.009810216894977075 0.01672196061643838
0 0.6655340325342466 0.392074236586758 0.009810216894977186 0.01583012271689499
0 0.7149040316358024 0.4247484246399177 0.016476980452674872 0.01446759259259256
0 0.6121877176183844 0.39728956302228413 0.0106088962395543 0.016593401810584996
0 0.9776220614828209 0.3372937386980108 0.012008363471970984 0.01907210669077758
0 0.9897769976265822 0.22100333408679929 0.016539754746835444 0.011118331826401456
1 0.964696223316913 0.14832845853858784 0.018601190476190466 0.012507697044334992
0 0.9667808394909688 0.1294065578817734 0.020204741379310276 0.013149117405582916
0 0.9698275862068966 0.11930418719211823 0.020525451559934238 0.010904146141215099
0 0.9731950431034483 0.10807933087027916 0.02212900246305427 0.011545566502463064
0 0.9751193041871922 0.0965337643678161 0.018280480295566504 0.009621305418719209
0 0.36377146631439894 0.05506419253632763 0.01032034346103039 0.020898695508586536
0 0.2807748321484992 0.31749234794628756 0.012342022116903661 0.01481042654028436
0 0.3173449612403101 0.2919089147286822 0.009084302325581384 0.013323643410852737
0 0.3114401647286822 0.31280281007751937 0.010598352713178272 0.019379844961240345
0 0.34427478825934577 0.38192264164719625 0.02327321845794389 0.013233790887850483
0 0.3376578928154206 0.39515643253504673 0.020078855140186924 0.011864778037383172
0 0.3634409681658879 0.4013169903621495 0.02144786799065418 0.013233790887850483
0 0.3950423481308411 0.40941698306074764 0.02258871203271029 0.014374634929906538
0 0.4018874123831776 0.39732403621495327 0.020307023948598124 0.012549284462616828
0 0.5886472785485592 0.42804078842049087 0.021678228388473886 0.013132003735325526
0 0.7397695437566701 0.4551385739060832 0.02001067235859133 0.013548892742796137
0 0.816164454375667 0.49140791755602986 0.021052894877267803 0.014382670757737415
0 0.23203125 0.44111328125 0.010937499999999989 0.020117187500000022
0 0.24082031250000002 0.44853515625 0.010156250000000006 0.018945312499999978
0 0.25732421875 0.434375 0.0146484375 0.021093750000000022
0 0.24970703125 0.47246093749999996 0.011914062500000017 0.02226562500000001
0 0.23486328125 0.4771484375 0.011523437500000011 0.01953125
0 0.2416015625 0.50556640625 0.01171875 0.01738281250000001
1 0.21914062499999998 0.47001953124999996 0.015234374999999994 0.02949218749999999
0 0.23974609375 0.609375 0.011523437500000011 0.01953125
0 0.20400390625 0.7250000000000001 0.011523437500000011 0.019921874999999978
0 0.18662359775641024 0.7794471153846154 0.010266426282051266 0.02003205128205121
0 0.19451121794871795 0.8133764022435896 0.013020833333333343 0.01978165064102566
0 0.008998536631419939 0.3428294939577039 0.016816937311178247 0.012391427492447094
0 0.06682519826283988 0.3469599697885196 0.009736121601208458 0.018292107250755307
0 0.11019519448640483 0.37085772280966767 0.010326189577039277 0.02006231117824775
0 0.11934124811178248 0.3673173149546828 0.010326189577039277 0.02006231117824775
0 0.14412410309667673 0.39151010196374625 0.010916257552870096 0.02124244712990936
0 0.04573026812688821 0.38900231306646527 0.020652379154078547 0.0115063255287009
0 0.04248489425981873 0.39888595166163143 0.019472243202416917 0.010621223564954707
0 0.01165384252265861 0.41909577983383683 0.011506325528700904 0.0191772092145015
0 0.0414522753021148 0.426471629531722 0.01445666540785498 0.02035734516616311
0 0.02935588179758308 0.4292744524169184 0.016816937311178247 0.022422583081570968
0 0.18376847044728434 0.4630091853035144 0.011856030351437702 0.022464057507987245
0 0.17394044528753994 0.5024772863418531 0.010920027955271555 0.01965605031948875
0 0.16302041733226838 0.5564534245207668 0.012792032747603821 0.02028005191693294
0 0.1403636899656947 0.5078728023156089 0.020100771869639794 0.020100771869639822
0 0.13383093910806176 0.5177556818181819 0.015075578902229853 0.01574560463121777
0 0.13165335548885077 0.5294811320754716 0.01608061749571181 0.013735527444253881
0 0.12746569468267582 0.5527645261578045 0.01976575900514578 0.021440823327615766
0 0.12411556603773585 0.5639874571183534 0.01775568181818181 0.017755681818181768
0 0.0804714864273205 0.6188635617338004 0.024969899299474616 0.014708296847635749
0 0.07901785714285714 0.65390625 0.020089285714285712 0.010937500000000044
0 0.09824505974264706 0.6700607000612745 0.01795151654411764 0.010292202818627416
0 0.09477443321078433 0.6819087009803921 0.01771216299019608 0.009095435049019551
0 0.07721975948033707 0.7525840502106742 0.0205736481741573 0.012892819522471899
0 0.07296787219101124 0.7652025544241573 0.02304248595505618 0.013441450140449396
0 0.07036187675561797 0.7735691713483146 0.018379125702247194 0.010423981741572996
0 0.06830451193820225 0.792359770014045 0.01920207162921348 0.011795558286516905
0 0.12748044611819237 0.7200943293742758 0.010184313441483211 0.017652809965237548
0 0.050723034649776455 0.8216398099850968 0.011351993293591656 0.02270398658718331
0 0.06163841281669151 0.8233862704918032 0.011643070044709387 0.0215396795827123
0 0.07313594448584203 0.8271702682563338 0.011351993293591656 0.02212183308494786
0 0.04199073211624441 0.8431794895678092 0.010187686289120715 0.020375372578241402
0 0.05217841840536513 0.843325027943368 0.010187686289120715 0.020084295827123677
0 0.0618671438547486 0.844426501396648 0.009820181564245814 0.020731494413407825
0 0.0722328910614525 0.8461723114525139 0.008292597765363119 0.017676326815642462
0 0.039826291899441334 0.8623210544692737 0.010693086592178769 0.0194221368715084
0 0.060339560055865916 0.8655944483240223 0.012875349162011177 0.020295041899441313
0 0.07092353351955306 0.8661400139664803 0.01222067039106145 0.01745810055865915
0 0.037092317139738 0.9560845387554584 0.011087609170305678 0.021322325327510883
0 0.04638115746013668 0.9567643080865604 0.01090012813211845 0.017796127562642372
0 0.04715973804100228 0.9833472736332575 0.01156748291571754 0.019798191913439567
0 0.057392511389521644 0.9843483058086561 0.01023277334851936 0.020465546697038706
0 0.05696614583333333 0.9609427503360215 0.012075772849462367 0.017588625672043
0 0.33297621340523886 0.4703570396764253 0.020765119414483835 0.01083397534668723
0 0.35554699537750384 0.44838814522342063 0.0201632318952234 0.012639637904468426
0 0.38488901194144837 0.45485843605546994 0.01926040061633283 0.010533031587056985
0 0.40821215331278893 0.4602754237288136 0.020765119414483835 0.012940581664098616
0 0.4802881837442219 0.4766768586286595 0.021066063174114025 0.009630200308166414
0 0.30481684602649006 0.5659664735099339 0.011123758278145712 0.019660596026490063
0 0.32939259105960267 0.589895488410596 0.019919288079470188 0.012675910596026463
0 0.326158940397351 0.6003725165562914 0.019143211920529812 0.011899834437086088
0 0.3252535182119205 0.6095560844370862 0.01681498344370863 0.011123758278145712
0 0.2826318767409471 0.6629200034818942 0.013057103064066822 0.02176183844011148
0 0.47957589285714286 0.5559151785714286 0.021205357142857095 0.013169642857142838
0 0.47667410714285713 0.5679687499999999 0.02254464285714286 0.011830357142857184
0 0.4765625 0.5806919642857142 0.024107142857142883 0.014062499999999978
0 0.5352031875834445 0.5284233144192256 0.021643441255006612 0.013298981975968016
0 0.53194363317757 0.539114652870494 0.021904205607476634 0.014342039385847771
0 0.5281625500667556 0.5487629339118825 0.02268649866488648 0.013298981975967905
0 0.5228168808411214 0.5786204522696929 0.018775033377837147 0.011473631508678195
0 0.5204700016688918 0.5885294976635513 0.0213826769025367 0.01043057409879844
0 0.5161673898531375 0.6031323014018691 0.02477261348464621 0.01564586114819755
0 0.5733653689856957 0.5018693107932379 0.01854071846553973 0.011683192457737357
0 0.5974937012353706 0.5050440913524057 0.016508858907672286 0.012953104681404426
0 0.5767941319895968 0.5251087044863458 0.023366384915474603 0.012953104681404426
0 0.6454963832899869 0.5185051609232769 0.021588507802340673 0.012953104681404426
0 0.2561262469770254 0.7624744936517533 0.014878703143893612 0.019602100967351932
0 0.2705326103385732 0.7858553128778718 0.010627645102781136 0.019129761185005978
0 0.22902567675159236 0.787718949044586 0.021148487261146515 0.010947452229299381
0 0.22902567675159236 0.7990396098726114 0.02065087579617833 0.011196257961783362
0 0.22865246815286622 0.8122263136942675 0.020899681528662423 0.011693869426751657
0 0.2871722522635815 0.7553131287726358 0.010021063883299819 0.020828093561368166
0 0.3450389839034205 0.7660219127263581 0.00903860663983902 0.013557909959758585
0 0.3833372201492537 0.785987056902985 0.011660447761194015 0.017733597636815923
0 0.39536205690298504 0.735215523942786 0.010931669776119368 0.017733597636815923
1 0.42366293532338306 0.7418959888059701 0.013118003731343253 0.021863339552238736
0 0.30681553171641784 0.7597510494402984 0.010202891791044777 0.013360929726368265
0 0.6986206385501355 0.5586202151084011 0.020642784552845517 0.010586043360433672
0 0.6974297086720868 0.5688092818428185 0.020907435636856375 0.010321392276422814
0 0.6935922679539296 0.5799246273712737 0.022230691056910556 0.010321392276422814
0 0.6870197639416983 0.5979037943599492 0.023516714195183752 0.010149318757921466
0 0.6875148526615968 0.6078055687579214 0.022526536755386517 0.010644407477820028
0 0.6819451045627376 0.6258763070342205 0.019308460076045586 0.013614939797211623
0 0.6800885218631179 0.6366444866920151 0.02104127059569072 0.012377217997465162
0 0.6761278121039289 0.646670033269962 0.02104127059569072 0.014110028517110296
0 0.6697179426803013 0.6739227327771797 0.020393231969859982 0.012404130785791168
0 0.6687718649085037 0.6838039895048439 0.01850107642626475 0.010722214747039827
0 0.6662489908503767 0.693685246232508 0.021444429494079653 0.010301735737351936
0 0.7277397260273972 0.5922918450342466 0.012485730593607358 0.011370933219178037
0 0.7248412528538812 0.6154796304223744 0.01739083904109584 0.01716787956621002
0 0.722277218892694 0.6375526184360731 0.014492365867579848 0.014046446917808209
0 0.7097914882990868 0.6786886415525114 0.020735231164383583 0.01828267694063923
0 0.7042175014269407 0.697863156392694 0.020289312214611832 0.013377568493150638
0 0.63916015625 0.8037109375 0.0205078125 0.013281249999999911
0 0.63740234375 0.8138671875000001 0.019726562499999933 0.011328125000000022
0 0.63525390625 0.8234375 0.01894531250000009 0.008203124999999978
0 0.6327148437500001 0.83154296875 0.020117187500000022 0.010351562499999911
0 0.669007406069364 0.8359826589595375 0.017611994219653204 0.01648302023121384
0 0.6039062500000001 0.90087890625 0.010156249999999978 0.0166015625
0 0.6466796875 0.9212890625000001 0.010546875000000067 0.019921874999999978
0 0.70302734375 0.9330078125 0.0107421875 0.018750000000000044
0 0.71259765625 0.9373046875 0.0087890625 0.01953125
0 0.73115234375 0.94287109375 0.0107421875 0.01621093749999991
0 0.741015625 0.9447265625000001 0.010546875000000067 0.016015624999999978
0 0.7509765625 0.94638671875 0.010156250000000089 0.019726562500000044
0 0.7603515624999999 0.9494140625 0.010156249999999978 0.020312500000000067
0 0.77001953125 0.94921875 0.012304687499999911 0.02304687499999991
0 0.77978515625 0.95302734375 0.013085937500000089 0.019726562500000044
0 0.8145521313364056 0.9483606950844854 0.0210013440860215 0.013800883256528396
0 0.8516374760076775 0.9745981285988483 0.019493761996161152 0.012745921305182262
0 0.849112587108014 0.6112668771777003 0.01735354965156799 0.009867704703832691
0 0.8470709930313589 0.623006043118467 0.020075675087108058 0.00952743902439035
0 0.8446891332752613 0.6333841463414634 0.018034081010453007 0.007145579268292623
0 0.8421371406794425 0.6441025152439025 0.019054878048780588 0.009527439024390238
0 0.9290750217770034 0.5622686193379791 0.011909298780487743 0.022797800522648126
0 0.9608898628048781 0.6272593641114983 0.017693815331010443 0.020075675087108058
0 0.9693965047909407 0.6219852460801394 0.014291158536585358 0.01633275261324041
0 0.9765420840592335 0.616370862369338 0.01361062717770034 0.018034081010453007
0 0.9877708514808362 0.613138338414634 0.01361062717770034 0.01837434668989546
0 0.9301091711150653 0.7078050860023726 0.02154693060498225 0.011584371293001161
0 0.9290665776986952 0.7182310201660735 0.021778618030842134 0.009730871886120984
0 0.9466748220640571 0.6899651542111507 0.014827995255041526 0.01853499406880199
0 0.9363647316132859 0.6943672153024911 0.014596307829181532 0.015754744958481615
0 0.956984912514828 0.6709667852906287 0.00996255931198109 0.020851868327402157
0 0.9727396574733096 0.6756005338078293 0.015059682680901632 0.016681494661921703
0 0.9896528395610914 0.6642478499406881 0.014596307829181532 0.017144869513641692
0 0.9813120922301305 0.6718935349940689 0.011352683867141167 0.015291370106761515
0 0.8048293842224745 0.8030558314415437 0.009089458002270123 0.014853504540295104
0 0.8458792688992043 0.8119456647877985 0.018909565649867344 0.013210792440318309
