0 0.03638174019607843 0.056678921568627444 0.013020833333333329 0.02144607843137255
0 0.04381293957800513 0.01633931425831204 0.009740648976982097 0.01873201726342711
0 0.07053728420716115 0.012967551150895158 0.012238251278772386 0.01898177749360614
0 0.10600323689258315 0.024831162084398995 0.009740648976982097 0.02073009910485934
0 0.11699268702046037 0.029201966112531987 0.00874160805626599 0.01748321611253197
0 0.14608975383631712 0.03257372921994887 0.009990409207161127 0.019231537723785167
0 0.1500859175191816 0.07977841272378519 0.009490888746803067 0.020230578644501285
0 0.1643222506393862 0.08464873721227623 0.011488970588235309 0.0204803388746803
0 0.1725643382352941 0.04106557704603582 0.009490888746803067 0.02073009910485934
0 0.19085822125527427 0.03901717431434601 0.010507318037974667 0.017512196729957803
0 0.2004384229957806 0.04375576872362871 0.009065137130801704 0.016276041666666664
0 0.21270422717842324 0.09488864756224069 0.012156379668049805 0.021678877074688796
0 0.22425278786307057 0.09671210451244816 0.009725103734439827 0.018842388485477188
0 0.21865955760749725 0.04983375826901876 0.011412968577728777 0.01615042723263506
0 0.22953417861080486 0.04703435088202868 0.008613561190738694 0.017873139470782798
0 0.23760939222712235 0.0512334619625138 0.008828900220507169 0.014643054024255787
0 0.2570975744211687 0.1064679230981257 0.009474917309812536 0.019595851708930537
0 0.268725882028666 0.10894432194046308 0.010766951488423382 0.016796444321940468
0 0.2779854603087101 0.10991334757442119 0.009474917309812592 0.019165173649393602
0 0.2629117282249173 0.12283368936052923 0.019380512679162076 0.011843646637265698
0 0.26614181367144435 0.13510801405733186 0.016796444321940496 0.008828900220507169
0 0.35486149393605293 0.0720136783351709 0.021533902976846764 0.012274324696802646
0 0.4025590890297685 0.009027012127894174 0.00925957828004409 0.017657800441014334
0 0.39577590959206177 0.04703435088202868 0.009474917309812536 0.01615042723263506
0 0.34506356808158767 0.11109771223814775 0.016150427232635045 0.015073732083792729
0 0.3213762748070562 0.13640004823594265 0.017011783351708887 0.017011783351708915
0 0.3143777563395811 0.14210653252480704 0.01808847850055123 0.016796444321940468
0 0.3071638988423374 0.14878204244762955 0.019165173649393574 0.016365766262403547
0 0.2896484375 0.1689453125 0.017187499999999967 0.01835937500000001
0 0.00767206225033289 0.23263253162450068 0.014823984687083888 0.009622586551264967
0 0.09969522664835165 0.21580958104395606 0.013092376373626369 0.01695570054945056
0 0.10903159340659341 0.21591689560439561 0.011160714285714288 0.021033653846153855
0 0.11954842032967034 0.21699004120879123 0.012448489010989008 0.019316620879120866
1 0.15791487754452926 0.2215281090966921 0.03255208333333334 0.01664877544529264
0 0.8162521440823327 0.09614199185248715 0.009045347341337884 0.022780874785591765
0 0.8383743428738318 0.09762430636682246 0.010723933995327117 0.022360543224299062
0 0.8479574328271029 0.09865106600467291 0.011180271612149517 0.02167603679906542
0 0.8593658732476637 0.10469753942757011 0.010267596378504718 0.020535192757009352
0 0.5403841635338346 0.2218999647556391 0.01835643796992481 0.01431802161654136
0 0.7384023740310077 0.23906855620155038 0.009992732558139483 0.01665455426356588
0 0.7483951065891472 0.234375 0.00938711240310075 0.018168604651162795
0 0.7586906492248062 0.23392078488372092 0.009992732558139594 0.01665455426356588
0 0.7692890019379846 0.23316375968992248 0.00938711240310075 0.018774224806201556
0 0.6926780523255813 0.2867611434108527 0.024527616279069853 0.012718023255813948
0 0.7231104651162791 0.28464147286821706 0.010901162790697638 0.019985465116279078
0 0.7332546027131783 0.28615552325581395 0.010598352713178216 0.0169573643410853
0 0.746578246124031 0.284187257751938 0.008781492248062017 0.01847141472868219
0 0.7556625484496124 0.28191618217054265 0.010598352713178216 0.019985465116279078
0 0.7692890019379846 0.2794937015503876 0.009992732558139594 0.02059108527131781
0 0.7810456031976745 0.2814089752906977 0.009935955668604612 0.017316951308139483
0 0.8483262172965116 0.32072697129360467 0.021291333575581328 0.013058684593023284
0 0.8017691678779069 0.3520962027616279 0.01163926235465118 0.022426871366279022
0 0.7263413915094339 0.45167551100628933 0.014003537735849059 0.014494889937106958
0 0.7493121069182389 0.4766116352201258 0.019654088050314544 0.018671383647798745
0 0.9344290487421383 0.47132959905660377 0.017934355345912034 0.020391116352201255
0 0.9188286163522013 0.48607016509433965 0.017688679245283057 0.021373820754717
0 0.9032281839622641 0.5016705974842768 0.014986242138364858 0.0181800314465409
0 0.4162433436098655 0.2899033071748879 0.01883057735426008 0.019268497757847558
0 0.39276066004672894 0.3342353606892523 0.016656323014018704 0.015515478971962648
0 0.4062226197429907 0.320088894567757 0.02258871203271029 0.025098568925233655
0 0.41376953125000004 0.3958984375 0.01738281250000001 0.014453125000000011
0 0.42138671875 0.401953125 0.0166015625 0.015234374999999967
0 0.44228515625 0.4244140625 0.01972656249999999 0.01640625000000001
0 0.44931640625 0.431640625 0.01777343749999999 0.016796875000000044
0 0.45478515625 0.44091796875 0.0166015625 0.013476562499999956
0 0.464453125 0.44775390625 0.017578125 0.0146484375
0 0.887172196191052 0.6139236321039904 0.009210625755743607 0.018185081620314403
0 0.899807285368803 0.610735338573156 0.009919135429262482 0.020310610640870586
0 0.9182285368802903 0.6019970525997582 0.010391475211608214 0.017004232164449795
0 0.9319263905683193 0.6011704579806529 0.009919135429262482 0.01771274183796856
0 0.9457423292019347 0.6002257784159613 0.00968296553808956 0.01960210096735182
0 0.9580231635429263 0.5992810988512697 0.00968296553808945 0.019602100967351932
0 0.9707763376662637 0.6017608827085852 0.011572324667472711 0.018893591293833167
0 0.9822305773881499 0.6054215160217655 0.010391475211608214 0.02101912031438935
0 0.9919135429262396 0.6099087439540508 0.0113361547762999 0.016768062273276874
0 0.83857421875 0.6625000000000001 0.013085937499999978 0.017187500000000022
0 0.84931640625 0.66923828125 0.009960937499999933 0.019726562499999933
0 0.8609375 0.6765625 0.008593749999999956 0.017578125
0 0.768062427240978 0.7125836728754366 0.0204634749708964 0.012278084982537907
0 0.8079662034342259 0.7074678041327125 0.010231737485448145 0.020236103026775254
0 0.8202442884167637 0.7087183498253784 0.011595969150174579 0.018644499417927896
0 0.8314991996507567 0.7115604991268918 0.009549621653085039 0.017962383585564567
0 0.842413052968568 0.7151984502328288 0.009094877764842857 0.017507639697322497
0 0.8536679642025611 0.7194048311990687 0.010686481373690326 0.018189755529685714
0 0.767870988403452 0.7529117785868393 0.009902575512405587 0.020015844120819803
0 0.7776682173678533 0.7567042543149947 0.010113268608414216 0.018751685544768026
0 0.7998963389967638 0.7606020765911543 0.011588120280474623 0.01769822006472488
0 0.8113791127292341 0.7622876213592233 0.011377427184465994 0.020226537216828433
0 0.8365569377022655 0.7666068298274002 0.012852278856526511 0.020437230312837062
0 0.8477236717907228 0.7712420779395901 0.009481189320388328 0.018330299352750767
0 0.8597331782632147 0.773559701995685 0.012009506472491882 0.019173071736785285
0 0.8794896253784057 0.7782858224016145 0.010445572653885016 0.015766902119071724
0 0.79775390625 0.9931640625 0.017773437500000044 0.009765625
0 0.709375 0.98193359375 0.016796875000000044 0.011132812500000089
0 0.6884765625 0.9750000000000001 0.01718749999999991 0.011328125000000022
0 0.66689453125 0.96943359375 0.0205078125 0.0126953125
0 0.6232421875 0.957421875 0.021093750000000022 0.012499999999999956
0 0.578125 0.946875 0.022265624999999956 0.013671875
0 0.5736328125000001 0.9560546875 0.021093750000000022 0.012499999999999956
0 0.520703125 0.95927734375 0.017968749999999978 0.0126953125
0 0.5173828125 0.96865234375 0.016406250000000067 0.0107421875
0 0.512109375 0.98720703125 0.018750000000000044 0.009570312499999956
0 0.6586119186046512 0.8557412790697674 0.014534883720930258 0.023619186046511698
0 0.7343120974235104 0.5946683776167472 0.016354669887278628 0.016983695652173947
0 0.7089938103864735 0.6550548510466989 0.02233041465378416 0.017612721417069155
0 0.7392062594268477 0.5453667043740573 0.016202394419306154 0.015024038461538436
0 0.731328708022388 0.5363805970149254 0.011903373756218971 0.012632151741293507
0 0.41194910465924894 0.8244414986091794 0.020373348400556324 0.010322496522948477
0 0.4194193324061196 0.834763995132128 0.01684196801112653 0.010865785813629958
0 0.43069258518776077 0.8430491568150208 0.017113612656467325 0.012224009040333828
0 0.3881801981919332 0.8476671157858136 0.014125521557719067 0.01711361265646727
0 0.3760920114742698 0.8448148470097356 0.01331058762169679 0.016841968011126585
0 0.324290205792683 0.7506431021341464 0.01976943597560976 0.015005716463414642
0 0.3205983231707317 0.7625524009146343 0.020007621951219523 0.011671112804877981
0 0.3165491615853659 0.7717225609756098 0.019054878048780477 0.011909298780487743
0 0.3126190929878049 0.7835127667682927 0.01976943597560976 0.011194740853658569
0 0.30904630335365857 0.7947075076219513 0.01786394817073167 0.011194740853658569
0 0.3058307926829269 0.8079268292682927 0.016673018292682917 0.010956554878048808
0 0.2869093710493047 0.48135765644753475 0.016790455120101133 0.016543536662452563
0 0.33206569664902996 0.4562458664021164 0.014467592592592615 0.018256723985890677
1 0.12672622437357628 0.8263364891799545 0.03470244874715264 0.01735122437357628
0 0.005782277960526315 0.7645456414473684 0.009851288377192981 0.019274259868421018
0 0.03419717071611255 0.8912494005754477 0.021479379795396422 0.011239210358056195
0 0.03282348945012789 0.9009900495524297 0.018232496803069053 0.010739689897698246
0 0.151765850945495 0.9931640625 0.01678079810901001 0.009765625
0 0.15319998378728922 0.9756150697146562 0.01013294422827496 0.01747932879377434
0 0.14256039234760054 0.9714352302204927 0.010639591439688706 0.016719357976653693
1 0.5193166208791209 0.6148265796703297 0.06224244505494503 0.0558035714285714
