0 0.22896699514038876 0.1513482046436285 0.020248380129589655 0.012655237580993517
0 0.22432674136069114 0.17328394978401726 0.01856101511879052 0.009280507559395246
0 0.14458813713592233 0.18235487459546926 0.010429308252427189 0.0195944579288026
0 0.19980184314320393 0.19375758495145634 0.008059010922330107 0.01682911104368931
0 0.21840867718446605 0.19814263501213594 0.009244159587378648 0.01659208131067963
0 0.16877133452535759 0.18934391254876462 0.008381420676202872 0.016508858907672286
0 0.15219817546583853 0.2302018633540373 0.009462344720496896 0.01795419254658384
0 0.16238839285714288 0.23177892080745344 0.009462344720496896 0.017226319875776386
0 0.179978649068323 0.2374805900621118 0.009219720496894401 0.01843944099378883
0 0.18980493012422361 0.23869371118012422 0.009462344720496868 0.01843944099378883
0 0.1762179736024845 0.25701184006211186 0.01188858695652173 0.016255822981366463
0 0.20994274068322982 0.24427406832298137 0.009947593167701857 0.01698369565217392
0 0.195506599378882 0.26247088509316774 0.011645962732919235 0.021350931677018625
0 0.20715256211180127 0.2627135093167702 0.010190217391304351 0.01746894409937888
0 0.21321816770186336 0.312694099378882 0.009704968944099363 0.01892468944099379
0 0.20230007763975158 0.31063179347826086 0.011645962732919235 0.019167313664596286
0 0.4084117111650485 0.5039820995145631 0.009860436893203872 0.021996359223300954
0 0.5027233714788732 0.29778279049295775 0.012378961267605681 0.019256161971831
0 0.45131629621478875 0.3228845730633803 0.013410541373239437 0.019256161971831
0 0.7034952606635072 0.015967491113744077 0.018050207345971514 0.011570645734597158
0 0.6993298281990521 0.0345962307464455 0.016661729857819885 0.010413581161137442
0 0.6868335308056872 0.08076310722748815 0.021289988151658723 0.011570645734597151
0 0.6811639143957346 0.11165673133886257 0.01781879443127954 0.010413581161137442
0 0.6776927206753555 0.12889699348341233 0.01828162026066349 0.008793690758293837
0 0.7371471774193549 0.07393129410282259 0.018113659274193505 0.008466166834677422
0 0.7340536632390745 0.08409985539845757 0.016066838046272514 0.008535507712082266
0 0.7330494858611825 0.09188223007712082 0.021087724935732632 0.008535507712082252
0 0.7268988994215938 0.10932981201799485 0.018828325835475557 0.00979072943444731
0 0.7228821899100257 0.1202502410025707 0.02033459190231357 0.010041773778920307
0 0.7222545790488432 0.12853470437017994 0.020083547557840697 0.008535507712082266
0 0.71949309125964 0.13907856683804626 0.01907937017994865 0.010041773778920321
