0 0.8968514052013423 0.56013396602349 0.018351510067114107 0.017368393456375752
0 0.5095717664392059 0.7574684010545906 0.01066222084367252 0.019385856079404462
0 0.5207186336848635 0.7577107242555832 0.01017757444168732 0.02083979528535973
0 0.5293211073200992 0.7620725418734491 0.009935251240694831 0.018901209677419373
0 0.5384082273573201 0.7640111274813896 0.00920828163771703 0.017447270471464105
0 0.5500397410049627 0.7644957738833746 0.01017757444168732 0.02083979528535984
0 0.5587633762406947 0.768130621898263 0.008723635235731941 0.02035514888337464
0 0.5710006978908189 0.772492439516129 0.0113891904466501 0.019870502481389662
0 0.5821475651364765 0.7722501163151365 0.009935251240694831 0.018416563275434172
0 0.5909923619727047 0.7752791563275434 0.01066222084367241 0.02011282568238215
0 0.6021392292183623 0.7786716811414391 0.010177574441687431 0.019143532878411862
0 0.6125591268610422 0.7814583979528535 0.009692928039702231 0.018416563275434283
0 0.6216462468982631 0.7832758219602978 0.008481312034739452 0.016720300868486304
0 0.6321873061414391 0.7831546603598014 0.01066222084367252 0.02229373449131511
0 0.6611449286600496 0.7905455179900744 0.01041989764267992 0.019143532878411862
0 0.3975246263586956 0.7804538892663043 0.011145550271739135 0.02016813858695654
0 0.39221722146739124 0.8030103600543478 0.009553328804347838 0.017514436141304435
0 0.37987750509510865 0.8477252462635869 0.01300314198369562 0.020964249320652106
0 0.3757642663043478 0.8737315302309783 0.01114555027173908 0.02255647078804357
0 0.128894484186747 0.9906932417168675 0.011742281626505993 0.014707266566265087
0 0.009662828947368448 0.6842986372180451 0.014097744360902257 0.01820958646616533
0 0.02023613721804514 0.690906954887218 0.01292293233082707 0.016153665413533913
0 0.029634633458646642 0.6925223214285714 0.017622180451127817 0.016447368421052655
0 0.03697720864661656 0.6991306390977443 0.01468515037593985 0.016153665413533913
0 0.04725681390977446 0.704564144736842 0.017622180451127817 0.017622180451127845
0 0.05430568609022558 0.7092633928571428 0.01820958646616541 0.01468515037593976
0 0.060914003759398525 0.718955592105263 0.017328477443609026 0.018796992481202923
0 0.06928453947368424 0.7238016917293233 0.015272556390977444 0.016741071428571508
0 0.07692081766917296 0.729235197368421 0.016447368421052627 0.01703477443609025
0 0.08411654135338348 0.7362840695488722 0.015566259398496235 0.01351033834586468
0 0.09278078007518799 0.7409833176691729 0.014097744360902248 0.014097744360902276
0 0.10544649216524216 0.7591312767094016 0.017806267806267803 0.01808449074074081
0 0.11393229166666666 0.7644175124643875 0.01418936965811965 0.012520032051282048
0 0.12088786502849003 0.7692864138176638 0.013076477920227925 0.011685363247863179
0 0.12283542556980057 0.7794415509259258 0.01641515313390314 0.014189369658119566
0 0.12853899572649574 0.789040242165242 0.011128917378917386 0.010572471509971426
0 0.13549456908831908 0.7964131499287749 0.015024038461538464 0.01085069444444442
0 0.13911146723646722 0.8051771723646723 0.01613693019943019 0.01168536324786329
0 0.14592792913105412 0.8118545227920227 0.02086672008547008 0.015580484330484312
0 0.15497017450142447 0.8202012108262108 0.016136930199430216 0.012798254985755042
0 0.10490355998168499 0.8342848557692308 0.016812614468864465 0.016097184065934078
0 0.10096869276556777 0.8228379693223443 0.016812614468864465 0.01538175366300365
0 0.09417210393772893 0.8165779532967034 0.014666323260073263 0.012877747252747263
0 0.08755437271062272 0.8094236492673993 0.01645489926739928 0.014308608058608119
0 0.08093664148351648 0.8031636332417583 0.016097184065934064 0.01538175366300365
0 0.07503434065934066 0.7942207532051282 0.017170329670329665 0.016097184065934078
0 0.06609146062271062 0.7893915979853481 0.017170329670329672 0.015024038461538436
0 0.06108344780219779 0.7825950091575091 0.013593177655677656 0.01359317765567758
0 0.05464457417582417 0.7745464171245422 0.014308608058608063 0.01538175366300365
0 0.049278846153846145 0.7686441163003663 0.017885760073260072 0.015739468864468864
0 0.02476328836150845 0.7488672382964889 0.013461069570871259 0.014984964239271759
0 0.01790576235370611 0.7434066157347203 0.01193717490247074 0.015238946684005161
0 0.00930059523809524 0.7380472350230416 0.012600806451612904 0.017401113671274948
0 0.13966223508634223 0.8470184948979592 0.012571134222919944 0.016863716640502346
0 0.010544526553106233 0.7905224511523046 0.014873496993987975 0.013894977454909863
0 0.0610361347695391 0.8416990230460921 0.014873496993987975 0.015264904809619284
0 0.010058593749999999 0.8431640625 0.013476562499999999 0.016406249999999956
0 0.0310546875 0.8669921875 0.016015625 0.018749999999999933
0 0.026034087601862634 0.9690592258440047 0.0156886641443539 0.015916036088475027
0 0.016844107434640522 0.9925704656862745 0.017093035130718956 0.010952818627451011
