0 0.20235412713472484 0.13879417694497154 0.012600806451612906 0.01741876185958255
0 0.12376006861575178 0.345642526849642 0.015382607398568018 0.012585769689737458
0 0.2750704405737705 0.40687969603825136 0.012807377049180335 0.01761014344262296
0 0.2211727288251366 0.42742486338797814 0.014941939890710382 0.009071892076502719
0 0.1256276901004304 0.47155779232424677 0.01317028335724535 0.019054878048780477
0 0.09914701398852221 0.42462114418938307 0.01737356527977045 0.010368095408895273
0 0.008145960365853652 0.3884495680894309 0.014820460704607047 0.010586043360433617
0 0.08407385466034756 0.5165074545813586 0.017587381516587675 0.011107819905213256
0 0.0652522709320695 0.4908977586887836 0.01635317930489731 0.01481042654028436
0 0.33106463791848617 0.5620564956331877 0.019047943959243085 0.013077692867540125
0 0.2651599702380953 0.6585204394257703 0.01723345588235292 0.012309611344537785
0 0.12100343208092487 0.7190209537572254 0.011289739884393038 0.01648302023121384
0 0.43456660872313524 0.7251896333754742 0.01086441213653605 0.013333596713021478
0 0.40567714917825537 0.7324737278761062 0.01530894437420982 0.009135982932996223
0 0.1533434537914692 0.7105857523696681 0.015427527646129535 0.014193325434439186
0 0.06679145801232667 0.8879165061633283 0.012639637904468412 0.017153794298921388
0 0.13465073529411764 0.9151826746323529 0.01091452205882354 0.015797334558823595
0 0.12093592171717171 0.9444049873737373 0.009075126262626257 0.020912247474747403
0 0.19849602724177073 0.8902924588535754 0.01574028093076052 0.013301645856980682
0 0.1804279582860386 0.9014880107832008 0.018178916004540302 0.010419622587968136
0 0.23314648069679852 0.863406308851224 0.015448446327683607 0.016551906779661008
0 0.2682514072204969 0.7271144701086956 0.01546729425465837 0.013041052018633592
0 0.2879646253881988 0.7008807259316769 0.009401688664596286 0.01577057453416153
0 0.29124384341032605 0.8781101392663043 0.02043350883152173 0.015922214673913082
0 0.11271025443989072 0.9565296277322404 0.015742400956284153 0.010672814207650316
0 0.36505154160475484 0.845497074665676 0.022056092124814297 0.013059528231797901
0 0.3641809063893016 0.8746633543833581 0.01915397473997027 0.014510586924219915
0 0.40843819650817237 0.8526072622585438 0.020605033432392283 0.011608469539375887
0 0.45777419205052006 0.8392575222882614 0.013639951708766751 0.015091010401188654
0 0.2582890795206972 0.9610311138344227 0.019148284313725505 0.01744621459694995
0 0.48892965587044535 0.7546179149797572 0.009686551113360309 0.016012462044534437
0 0.47192877024291496 0.7667755250506073 0.011268028846153855 0.018582363360323928
0 0.4701496077935223 0.7460186298076923 0.010872659412955454 0.016605516194332037
0 0.4629341156376518 0.6937310222672065 0.011465713562753055 0.017989309210526327
0 0.39464305679785333 0.06481300313059034 0.008734906082289773 0.016421623434704824
0 0.4359714673913043 0.2296195652173913 0.015285326086956486 0.012228260869565216
0 0.38963524070945943 0.10079048775337839 0.015176309121621656 0.011547191722972971
0 0.4503717576028623 0.06044555008944544 0.01607222719141327 0.010481887298747765
0 0.6046423135464232 0.17150637366818874 0.014863964992389733 0.010107496194824983
0 0.2546574519230769 0.14009915865384615 0.01652644230769232 0.015024038461538464
0 0.5007159549120235 0.41165116385630496 0.014605480205278631 0.02090588343108507
0 0.5104529417155426 0.40950329912023464 0.01174166055718473 0.01431909824046923
0 0.5618969488873435 0.26879237656467314 0.015483744784422826 0.016027034075104307
0 0.32427067946824223 0.3199432237813885 0.014424852289512513 0.01384785819793205
0 0.3982870452924394 0.2655246968616263 0.015324090584878769 0.012259272467902982
0 0.4122681656504065 0.3217574949186992 0.010056741192411955 0.016408367208672114
0 0.41265350073313783 0.45432207661290325 0.016610153958944274 0.014032716275659829
0 0.6577380952380953 0.2961309523809524 0.014136904761904767 0.011904761904761862
0 0.3100795628834355 0.2647462934560327 0.018772367075664598 0.011183537832310853
0 0.47377320300157977 0.558007503949447 0.0194386848341232 0.012650572669826166
0 0.7355123619477912 0.4772527610441767 0.016864332329317278 0.010197038152610416
0 0.6131012691979523 0.517278156996587 0.012332017918088689 0.019997866894197913
0 0.5378985737645349 0.5559252361918605 0.015329760174418672 0.018452489098837233
0 0.8047661493288591 0.5468618917785235 0.013108221476510029 0.01769609899328861
0 0.5559430803571428 0.6780133928571428 0.015345982142857095 0.012834821428571508
0 0.5606863839285714 0.6881975446428572 0.019810267857142905 0.011439732142857095
0 0.6602486818415638 0.6277970679012346 0.01366383744855959 0.007836612654321007
0 0.6710993762860082 0.6387482317386832 0.02089763374485598 0.008841306584362107
0 0.6762866248097412 0.7130006183409436 0.00951293759512939 0.01872859589041098
0 0.8573890493697479 0.6783525910364145 0.01778054971988796 0.011488970588235281
0 0.8774947478991597 0.6907989758403361 0.009300595238095233 0.01942183123249297
0 0.7121609201112877 0.7652585949920508 0.01894127583465821 0.011488970588235281
0 0.7478698827503975 0.8362107511923689 0.015215123211446802 0.017388712241653392
0 0.889236300436205 0.6956277262813522 0.008519629225736125 0.01576131406761172
0 0.6683485243055556 0.9923502604166667 0.01877170138888884 0.01139322916666663
0 0.5924117476851852 0.9061776620370371 0.01374421296296302 0.01844618055555558
0 0.5703486689814816 0.9363787615740742 0.01157407407407407 0.02025462962962965
0 0.4077690972222222 0.9408998842592593 0.009765625 0.01772280092592593
0 0.36328125 0.9759837962962963 0.01338252314814814 0.02206307870370372
0 0.8769132653061225 0.9768691130298273 0.012877747252747263 0.017783555729984246
0 0.9730893697698744 0.3708077275104602 0.015118331589958234 0.01593553870292891
0 0.949435763888889 0.5769648103632479 0.013354700854700807 0.011268028846153855
0 0.7936659535452323 0.32281479217603914 0.019101466992665017 0.009550733496332509
0 0.7446033149895177 0.25509368448637315 0.018425707547169767 0.013102725366876317
0 0.7154017857142857 0.09802827380952381 0.008928571428571397 0.018973214285714288
0 0.7981402319182389 0.1018020341981132 0.013512185534591103 0.018732802672955975
0 0.9311124213836477 0.09028596698113207 0.018425707547169767 0.014740566037735853
0 0.7041691234276729 0.03178434551886792 0.01474056603773577 0.01320509040880503
0 0.8013647307389937 0.004913522012578616 0.01934699292452835 0.009827044025157232
0 0.9677984775641026 0.9742671607905984 0.018362713675213693 0.012937366452991483
