0 0.8208295036764706 0.8901941636029411 0.01723345588235292 0.01062729779411764
0 0.6262467709529276 0.8208865528128588 0.013005884041331739 0.008072617680826677
0 0.6218741030424799 0.8349015140642939 0.012333165901262877 0.00784837830080376
0 0.7205101751512097 0.8724089591733871 0.01555412046370963 0.008269279233870996
0 0.7551623928931451 0.8064516129032258 0.011222593245967749 0.018113659274193616
0 0.763825447328629 0.8102909211189516 0.008072391633064502 0.016735446068548487
0 0.7840527658431793 0.7603467373791621 0.011118756713211608 0.0178319683136412
0 0.7746123120300752 0.7575146012352308 0.01153833243823843 0.018461331901181488
0 0.68115234375 0.7255859375 0.0107421875 0.01718749999999991
0 0.69365234375 0.7245117187500001 0.0126953125 0.018945312499999978
0 0.70224609375 0.72763671875 0.009570312499999956 0.015429687499999956
0 0.7603489646311972 0.6649363285973398 0.02101912031438935 0.013934023579201926
0 0.7507762419871795 0.6320863381410255 0.012269631410256499 0.015775240384615308
0 0.736503405448718 0.6191907051282051 0.015274439102564097 0.020032051282051322
0 0.7430138221153846 0.625450721153846 0.010266426282051322 0.015024038461538436
0 0.764929729959239 0.5193295686141304 0.015126103940217406 0.016983695652173947
0 0.7062138079073483 0.6332056210063899 0.015912040734824218 0.0134160343450479
0 0.83623046875 0.89189453125 0.0146484375 0.0087890625
0 0.84052734375 0.90244140625 0.0146484375 0.009960937500000044
0 0.9910513070913461 0.18329796424278846 0.01399113581730771 0.008404071514423073
0 0.942653026395631 0.20952006219660196 0.012325546116504937 0.01516990291262138
0 0.8964651323891625 0.24113396705665022 0.012507697044334964 0.016115686576354704
0 0.8677214824507389 0.29296875 0.014191425492610876 0.016356219211822676
0 0.7993861607142857 0.3515625 0.014508928571428603 0.017857142857142905
0 0.7027709592145015 0.4851833931268882 0.01298149546827787 0.01740700528700906
0 0.6709072885196374 0.5390270959214502 0.014751699395770368 0.018292107250755363
0 0.6218853042565947 0.6368733138489209 0.0124119454436451 0.01943757494004794
0 0.629847684352518 0.6156793315347722 0.011943570143884918 0.016393135491606703
0 0.28692055324773413 0.8563361499244713 0.010326189577039235 0.019767277190332333
0 0.2975417768126888 0.8582538708459215 0.009146053625377626 0.019472243202416917
0 0.30639279645015105 0.8595815237915407 0.008555985649546849 0.017407005287009114
0 0.3254224886706949 0.8588439388217523 0.00885101963746221 0.014751699395770368
0 0.34297701095166166 0.8625318636706949 0.009146053625377626 0.017997073262839947
0 0.4819728553227633 0.8794548060588901 0.00929006228765572 0.01858012457531144
0 0.5113913859003397 0.8821091095696488 0.008847678369195977 0.020349660249150636
0 0.5087370823895809 0.8554554784824462 0.010174830124575318 0.017916548697621715
0 0.49480198895809735 0.8549024985843714 0.008847678369195922 0.017695356738391843
0 0.5212389002732241 0.7829363046448088 0.009818989071038287 0.02134562841530052
0 0.49510727874859073 0.9347255496054114 0.009468362457722701 0.017615558060879333
0 0.4718698003327787 0.9341527142262895 0.011049292845257908 0.020473689683860208
0 0.32384720437017994 0.7193675690874035 0.020083547557840586 0.011296995501285267
0 0.17303743391238668 0.7238658893504532 0.01445666540785498 0.01681693731117817
0 0.11680678404539385 0.9264800984646194 0.012516688918558075 0.019818090787717013
0 0.11576372663551403 0.9627263434579438 0.019296562082777052 0.013559746328437927
0 0.1437958945260347 0.9658555156875834 0.011734395861148189 0.01773197596795728
0 0.12358665720961282 0.9843697847129504 0.011473631508678236 0.021904205607476634
0 0.18532986111111113 0.9736629533179013 0.013864776234567888 0.01175491898148151
0 0.045532034929356355 0.8358271193092621 0.016863716640502353 0.018396781789638883
0 0.09259713500784929 0.9862208104395604 0.0177835557299843 0.010118229984301452
0 0.0710079554908486 0.3399282445923461 0.019823731281198007 0.012999168053244636
0 0.09115666597337771 0.3129549708818635 0.013324147254575702 0.018198835274542413
0 0.13825061274509803 0.18114276960784312 0.012254901960784298 0.02144607843137253
0 0.2445145003828484 0.06191376339969372 0.00987031010719755 0.019142419601837678
0 0.24964007452574527 0.2661807672764228 0.017202320460704607 0.01323255420054198
0 0.23309938177506773 0.27531122967479676 0.017466971544715465 0.012967903116531176
0 0.23164380081300812 0.29291052676151763 0.012438600948509487 0.01693766937669372
0 0.2475 0.32359375 0.011249999999999982 0.017187500000000022
0 0.24368900150150152 0.39559872372372373 0.018182244744744752 0.011730480480480476
0 0.2523402308558559 0.40850225225225223 0.020821602852852866 0.011143956456456439
0 0.3379420230263158 0.06581802814327485 0.018560398391812838 0.015704952485380112
0 0.2896634615384615 0.23904676053113555 0.011446886446886406 0.01967433608058608
0 0.5574341832504146 0.2769356343283582 0.014251658374792697 0.018786276948590364
0 0.47790948275862066 0.22561961206896552 0.010237068965517293 0.018049568965517238
0 0.6152207548814506 0.332058490237099 0.013347716178521707 0.01797855648535568
0 0.5237055759803921 0.329031352124183 0.013403799019607865 0.014680351307189587
0 0.3977750365497076 0.5239857456140351 0.01066033138401562 0.018655579922027377
0 0.41310491405082206 0.5770331184603886 0.01342955904334825 0.008466461136023895
0 0.5601649443561209 0.69663528418124 0.016146661367249626 0.010246919713831404
0 0.5049148659737417 0.6846280087527352 0.014958287746170584 0.010684491247264782
0 0.28509947311046513 0.546840933866279 0.018452489098837233 0.010503724563953543
0 0.2906352198401163 0.5581963117732558 0.014761991279069742 0.008800417877906974
0 0.5377383474576272 0.7196438029661016 0.016882944915254328 0.009931144067796605
0 0.40582112388724034 0.04142131862017806 0.013619714391691407 0.017386869436201782
0 0.4694280879080118 0.07039943434718102 0.013909495548961426 0.019125556379821954
0 0.6184192004504505 0.027906813063063047 0.016539977477477485 0.01583614864864865
0 0.6211272800429184 0.08045533798283264 0.012294349070100075 0.016765021459227467
0 0.6113476841917025 0.09736006795422034 0.015088519313304682 0.01927977467811158
0 0.5983547925608012 0.1195737213876967 0.011456097997138759 0.016206187410586534
0 0.7233297413793104 0.15126616379310345 0.016702586206896575 0.013200431034482762
0 0.8246218659156976 0.23130337027616277 0.01589752906976738 0.01476199127906977
0 0.6915664269179895 0.23816240906084657 0.019634589947089887 0.013434193121693139
0 0.6347738429172509 0.18785610974754557 0.014518320476858304 0.014792251051893412
