0 0.024137463872832363 0.6876919255780347 0.013547687861271675 0.015241148843930574
0 0.1538792521598272 0.8838755399568035 0.016873650107991356 0.020670221382289355
0 0.17539315604751618 0.8927342062634989 0.01518628509719222 0.019826538876889788
0 0.15737513847858198 0.01716557422451994 0.01413635524372231 0.01586733751846381
0 0.18016640509601178 0.017454071270310192 0.021060284342688335 0.008943408419497785
0 0.31595552884615385 0.14677859575320515 0.01095502804487175 0.020032051282051266
0 0.24058360927152317 0.35139003863134655 0.02069536423841059 0.011209988962472384
0 0.3337127483443708 0.35877354097682124 0.017461713576158944 0.011317777317880806
0 0.5524963480801337 0.3764216402337229 0.020542049248747918 0.009455863939899833
0 0.5518442195325544 0.367943969115192 0.021194177796327263 0.010760121035058468
0 0.2805587437395659 0.4946199394824708 0.01988992070116863 0.01173831385642743
0 0.30325663919413914 0.5064388736263736 0.01860119047619052 0.008585164835164805
0 0.4735174704724409 0.41323203740157477 0.011380413385826738 0.019377460629921295
0 0.30058874486652976 0.5171570200205339 0.026068403490759784 0.010828413757700162
0 0.4617397314375987 0.5788346662717219 0.0194386848341232 0.010490718799368026
0 0.4995371741706161 0.5635614139020537 0.008639415481832446 0.016353179304897325
0 0.3356751399253731 0.6133395522388059 0.017782182835820892 0.013409514925373123
0 0.5705816806891026 0.6380333533653846 0.013772035256410242 0.017215044070512886
0 0.6128008697411004 0.7000278114886731 0.01327366504854366 0.012641585760517882
0 0.5755081917475728 0.7750872269417476 0.00884911003236244 0.016750101132686046
0 0.5209093896028036 0.02121969918224299 0.011408440420560662 0.017797167056074766
0 0.5072192610981308 0.1314252336448598 0.016884491822429903 0.007301401869158897
0 0.556395966029724 0.20246981157112526 0.009952229299363125 0.017001725053078565
0 0.6257756092057762 0.5397534972924187 0.008461191335740081 0.01903768050541521
0 0.6338842509025271 0.5811780798736461 0.011281588447653368 0.022210627256317728
0 0.7127342612809315 0.29950759643377 0.01819505094614271 0.010519013828238721
0 0.8825501399253731 0.1330019822761194 0.008745335820895539 0.01967700559701492
0 0.943585296175373 0.21262097714552236 0.013482392723880632 0.01639750466417908
0 0.9761981110074627 0.22683214785447758 0.022592117537313494 0.014939948694029842
0 0.7039995335820896 0.31337453358208955 0.024049673507462677 0.011660447761194015
0 0.6959829757462686 0.330136427238806 0.018219449626865614 0.015304337686567193
0 0.9862188083022387 0.2840412196828358 0.02004139458955223 0.011296058768656692
0 0.6850513059701493 0.40793347714552236 0.011660447761194015 0.019312616604477584
0 0.9796598064365671 0.35291073927238803 0.0244140625 0.011296058768656692
0 0.8439249067164178 0.5023102262126865 0.014575559701492491 0.016397504664179052
0 0.757290195386064 0.768324799905838 0.016919726930320067 0.013241525423728806
0 0.8220265419020716 0.7984860522598869 0.016184086629001837 0.016919726930320178
0 0.9290428861071933 0.9772511900564176 0.02010974964739065 0.01349832510578286
0 0.945324177877429 0.5279860332585948 0.014597346786248133 0.010802036621823663
