1 0.675885555740988 0.24132176234979974 0.01929656208277697 0.02581567089452605
0 0.6860553654873164 0.23558494659546061 0.01564586114819755 0.020600383845126857
1 0.5272294535283994 0.7655712134251291 0.03798676850258176 0.01983379948364883
1 0.4870046977124183 0.8806615093954249 0.027445874183006536 0.014999489379084907
1 0.5827461192810457 0.9521484375 0.025531045751633896 0.014999489379085018
1 0.5082273794934641 0.8597579656862745 0.012446384803921573 0.02616932189542487
1 0.49402573529411764 0.8364608864379085 0.022977941176470562 0.015318627450980449
0 0.569821027369281 0.8773105596405228 0.0105315563725491 0.019148284313725505
0 0.6235957924836601 0.838375714869281 0.019148284313725505 0.02170138888888895
0 0.6170534620098039 0.8474711499183006 0.01563776552287588 0.014999489379085018
0 0.6450179018353726 0.9492839265850945 0.01955297552836488 0.012818061735261344
0 0.641650444938821 0.960798456618465 0.019770230812013345 0.010645508898776468
0 0.638608870967742 0.9723129866518354 0.01803218854282529 0.010210998331479426
0 0.6356759246384872 0.9828498679087876 0.02302906006674088 0.012166295884315947
0 0.6867309162958843 0.9845879101779755 0.018683954393770796 0.011297274749721864
0 0.6846126772803114 0.9935985730672969 0.021399645439377113 0.008896603865406028
0 0.6428486592060811 0.7810850401182432 0.018805426520270285 0.01220703125
0 0.7243647246868475 0.7698289078810021 0.00978601252609601 0.014271268267223358
0 0.5713792670682731 0.499019515562249 0.029022339357429816 0.018433107429718987
0 0.8190176104972375 0.42110885704419887 0.017265193370165743 0.019962879834254155
0 0.83282900528169 0.4087808098591549 0.011828785211267623 0.01540492957746481
0 0.8260893485915493 0.41565801056338025 0.013754401408450745 0.01650528169014087
0 0.8559363996478873 0.41235695422535207 0.01623019366197176 0.014854753521126751
0 0.8635013204225351 0.41909661091549294 0.018705985915492995 0.016780369718309873
0 0.8698283450704225 0.4276243397887324 0.01815580985915488 0.017330545774647876
0 0.8747799295774648 0.4372524207746479 0.02090669014084512 0.01568001760563381
0 0.8828950264084506 0.44426716549295775 0.016780369718309762 0.012654049295774683
0 0.8857834507042253 0.45265735035211263 0.021456866197183122 0.015129841549295753
0 0.8933483714788732 0.4596720950704225 0.017330545774647876 0.014854753521126751
0 0.9025638204225351 0.4669619278169014 0.018155809859154992 0.014029489436619746
0 0.9065525968309858 0.4754896566901408 0.020631602112676117 0.014029489436619746
0 0.9137048855633803 0.48415492957746475 0.01788072183098588 0.014304577464788748
0 0.9205820862676055 0.49034441021126757 0.016780369718309873 0.01292913732394363
0 0.9266340228873239 0.498597051056338 0.01953125 0.013479313380281743
0 0.928834727112676 0.5082251320422535 0.015680017605633756 0.011828785211267623
0 0.938050176056338 0.5162026848591549 0.019806338028169 0.01623019366197176
0 0.9439645686619718 0.5236300616197183 0.01457966549295775 0.01292913732394374
0 0.9493287852112675 0.5318827024647887 0.01650528169014087 0.01292913732394363
0 0.9563435299295774 0.539310079225352 0.01788072183098599 0.014029489436619635
0 0.9632207306338028 0.546599911971831 0.018430897887323994 0.013754401408450634
0 0.8016397664835165 0.46657986111111116 0.02074748168498175 0.013593177655677635
0 0.8016397664835165 0.476953601953602 0.021224435286935295 0.009539072039072005
0 0.796989468864469 0.487685057997558 0.01907814407814412 0.010492979242979261
0 0.7956778464590966 0.4962702228327228 0.01740880647130638 0.010492979242979261
0 0.7910275488400489 0.5059285332722833 0.020032051282051322 0.010254502442002433
0 0.7916237408424909 0.5153483669108669 0.021224435286935295 0.010969932844932861
0 0.7886427808302809 0.5261990613553114 0.019555097680097666 0.011208409645909634
0 0.7870926816239316 0.5350227029914529 0.019316620879120894 0.011208409645909634
0 0.7838732448107448 0.5456349206349207 0.01907814407814412 0.011446886446886406
0 0.7816077152014652 0.5552932310744811 0.019316620879120894 0.010731456043956089
0 0.7782690399877901 0.5653092567155067 0.016931852869352837 0.011208409645909634
0 0.7757650335775337 0.5767561431623932 0.018601190476190577 0.010254502442002433
0 0.7737379807692308 0.5849835927960928 0.020270528083028094 0.00906211843711846
0 0.77230711996337 0.5941649496336997 0.016931852869352837 0.010254502442002433
0 0.7698031135531136 0.6051348824786325 0.01717032967032961 0.010731456043956089
0 0.7662259615384616 0.6143162393162394 0.01907814407814401 0.010492979242979317
0 0.7647951007326008 0.6246899801587302 0.018601190476190466 0.011208409645909634
0 0.7630065247252747 0.635063721001221 0.01979357448107444 0.010969932844932861
0 0.76038327991453 0.6436488858363858 0.020270528083028094 0.010016025641025661
0 0.7575215583028083 0.6552150106837606 0.015500992063492092 0.009777548840048778
0 0.8774491567460319 0.5086547205687831 0.01730944113756616 0.019634589947090053
0 0.8690527860449735 0.5131758432539683 0.01705109126984128 0.01885954034391535
0 0.849547371031746 0.49237867890211645 0.01730944113756605 0.018601190476190577
0 0.8397300760582012 0.4968998015873016 0.017826140873015928 0.020409639550264647
0 0.8338982077205881 0.51220703125 0.02039292279411764 0.014073988970588203
0 0.8311695772058822 0.5225471047794117 0.02182904411764708 0.011776194852941235
0 0.8297334558823529 0.5336052389705882 0.01780790441176472 0.011488970588235281
0 0.8278664981617647 0.5439453125 0.02039292279411764 0.012063419117647078
0 0.8254250919117647 0.5532801011029411 0.017807904411764608 0.010052849264705843
0 0.8225528492647058 0.5641946231617647 0.01780790441176472 0.011201746323529327
0 0.8188189338235294 0.5749655330882353 0.020680147058823484 0.010914522058823484
0 0.8186753216911764 0.5843003216911764 0.018095128676470562 0.011201746323529438
0 0.8159466911764706 0.5939223345588235 0.022403492647058876 0.010914522058823595
0 0.8132180606617647 0.6035443474264706 0.019818474264705954 0.00890395220588236
0 0.8110368189557321 0.613063989784336 0.014410116345062507 0.009532846197502831
0 0.8069354781498297 0.6237053064699205 0.020395856980703786 0.009532846197502831
0 0.8078222545402951 0.6340140820090806 0.016405363223609637 0.009311152099886533
0 0.8037209137343927 0.6443228575482407 0.01574028093076052 0.009976234392735539
0 0.8016148198070374 0.6539665507945517 0.015961975028376818 0.010641316685584545
0 0.7995087258796821 0.6642753263337117 0.018843998297389364 0.011306398978433663
0 0.8618900990770901 0.5249177185124865 0.016753189467969554 0.01251187567861023
0 0.8586030808903367 0.534778773072747 0.018237649294245428 0.01187567861020633
0 0.8581789495114007 0.5458061889250815 0.021206568946796955 0.012723941368078195
0 0.855103997014115 0.5548189807274702 0.02269102877307272 0.011239481541802432
0 0.8526652415852334 0.5646800352877308 0.02035830618892509 0.01017915309446249
0 0.8506506175352877 0.5757074511400652 0.019722109120521192 0.009330890336590736
0 0.8445007125407167 0.5942631989685125 0.02141863463626492 0.012087744299674297
0 0.842486088490771 0.6052906148208469 0.02035830618892509 0.01251187567861023
0 0.8399413002171552 0.6155758007600435 0.020782437567861023 0.01187567861020633
0 0.8373965119435396 0.6249066910966341 0.01696525515743763 0.009755021715526668
0 0.8354879207383279 0.6340255157437569 0.021206568946796955 0.011451547231270287
0 0.82511815744921 0.6746658084085779 0.018517212189616217 0.0112425931151241
0 0.82181151241535 0.6864595090293455 0.018517212189616328 0.01058126410835214
0 0.9012695312500001 0.55322265625 0.018164062500000022 0.012304687499999911
0 0.89697265625 0.56103515625 0.017382812499999956 0.012304687499999911
0 0.91591796875 0.5666015625 0.021679687500000044 0.010546875000000067
0 0.89619140625 0.5721679687500001 0.019335937500000067 0.010351562500000022
0 0.916015625 0.57529296875 0.01914062499999991 0.0107421875
0 0.89384765625 0.58134765625 0.020898437499999978 0.011523437500000067
0 0.914453125 0.5861328125 0.018750000000000044 0.010546875000000067
0 0.89326171875 0.591796875 0.021289062500000067 0.010937500000000044
0 0.9130859375 0.595703125 0.01718749999999991 0.010156250000000089
0 0.89111328125 0.60087890625 0.019335937499999956 0.0126953125
0 0.9092773437499999 0.60556640625 0.018164062500000022 0.011914062500000044
0 0.8885742187500001 0.61103515625 0.018945312499999978 0.012304687500000022
0 0.9064453125 0.61572265625 0.018749999999999933 0.010351562499999911
0 0.88447265625 0.6216796875 0.019335937500000067 0.009765625
0 0.9027343750000001 0.6259765625 0.019140625000000022 0.010937500000000044
0 0.88115234375 0.63115234375 0.019726562499999933 0.010351562500000022
0 0.8998046875 0.635546875 0.020703125000000044 0.012109374999999978
0 0.88125 0.64208984375 0.018359374999999956 0.010351562499999911
0 0.8980468749999999 0.6462890625 0.017187500000000022 0.011328125000000022
0 0.8787109375 0.65146484375 0.020703124999999933 0.0107421875
0 0.89765625 0.6556640625000001 0.01953125 0.010156249999999978
0 0.8763671875 0.6623046875 0.017578125 0.010546875000000067
0 0.8960937499999999 0.665234375 0.017968749999999978 0.010546875000000067
0 0.87431640625 0.67119140625 0.019335937500000067 0.011523437500000067
0 0.893359375 0.675 0.016406250000000067 0.010156249999999978
0 0.87177734375 0.6810546875 0.017773437499999933 0.008984375000000044
0 0.890625 0.6841796874999999 0.018750000000000044 0.010156249999999978
0 0.86787109375 0.69140625 0.017382812500000067 0.010156250000000089
0 0.88837890625 0.69482421875 0.016210937500000022 0.011132812500000089
0 0.85205078125 0.73623046875 0.010351562499999911 0.019335937499999956
0 0.8626953125000001 0.7353515625 0.009375000000000022 0.021484375
0 0.87216796875 0.7388671875 0.009960937500000044 0.020703125000000044
0 0.8818359375 0.74111328125 0.009765625 0.017773437500000044
0 0.88984375 0.74501953125 0.008203124999999978 0.017382812499999956
0 0.89873046875 0.7447265624999999 0.010351562500000022 0.019921874999999978
0 0.95947265625 0.58681640625 0.019726562500000044 0.0126953125
0 0.958203125 0.59697265625 0.019140625000000022 0.010351562500000022
0 0.954296875 0.60615234375 0.021484375 0.011132812499999978
0 0.95087890625 0.61611328125 0.021289062500000067 0.011914062500000044
0 0.94990234375 0.6263671875 0.019726562499999933 0.01171875
0 0.9423828125 0.6365234375 0.020312499999999956 0.009375000000000022
0 0.94482421875 0.64580078125 0.021679687500000044 0.0126953125
0 0.9427734375 0.6560546875 0.020703125000000044 0.01171875
0 0.94013671875 0.66611328125 0.020898437499999978 0.011914062500000044
0 0.93896484375 0.6763671875 0.01894531250000009 0.009765625
0 0.93798828125 0.6866210937499999 0.0185546875 0.010351562500000022
0 0.9318359375 0.69501953125 0.021484375 0.013085937499999978
0 0.93017578125 0.7052734375 0.02089843750000009 0.012500000000000067
0 0.927734375 0.71435546875 0.021484375 0.011523437499999956
0 0.9259765625 0.72509765625 0.020312500000000067 0.009960937500000044
0 0.92451171875 0.73505859375 0.018945312499999978 0.011523437500000067
