0 0.22138577063106796 0.9748242819579289 0.011061387540453077 0.0199104975728156
0 0.23890142640573317 0.9798830278390297 0.011412968577728777 0.01916517364939363
0 0.2505297340132304 0.9826824352260197 0.011843646637265753 0.01787313947078284
0 0.27649531422271223 0.989018786176957 0.009509371554575485 0.018056177646086025
0 0.28773816496692395 0.9899878118109151 0.010461170066152103 0.016118126378169895
0 0.4731900232919255 0.7938179347826086 0.020623059006211142 0.012616459627329157
0 0.4713703416149069 0.804493400621118 0.019895186335403714 0.009219720496894346
0 0.45899650621118016 0.8433132763975155 0.018439440993788858 0.013586956521739135
0 0.4062257375776398 0.8761888586956522 0.019167313664596286 0.01188858695652173
0 0.40040275621118016 0.9002086568322982 0.02013781055900621 0.013344332298136696
0 0.39894701086956524 0.9099136257763976 0.017226319875776386 0.010918090062111752
0 0.43606851708074534 0.9481269409937888 0.02401979813664601 0.010675465838509313
0 0.3950650232919255 0.9202251552795031 0.016741071428571452 0.010675465838509313
0 0.3934879658385093 0.9313858695652174 0.018439440993788803 0.009704968944099335
0 0.3957928959627329 0.941212150621118 0.01916731366459623 0.010432841614906763
0 0.3888781055900621 0.9591663431677018 0.01746894409937888 0.012373835403726718
0 0.6029094827586207 0.9279364224137931 0.022629310344827624 0.01373922413793105
0 0.6446659482758621 0.92578125 0.008620689655172376 0.016971982758620774
0 0.6734913793103448 0.9331896551724138 0.011314655172413812 0.01778017241379315
0 0.6834590517241379 0.9334590517241379 0.009159482758620663 0.019935344827586188
0 0.7525592672413793 0.951239224137931 0.00996767241379315 0.01778017241379315
0 0.927667025862069 0.8696120689655172 0.00996767241379315 0.0193965517241379
0 0.6977370689655172 0.8285290948275862 0.010775862068965525 0.016433189655172376
0 0.6134765625 0.7689453125 0.016796874999999933 0.014453124999999956
0 0.66162109375 0.7791015625 0.01894531250000009 0.010937499999999933
0 0.70263671875 0.72119140625 0.021679687500000044 0.013085937500000089
0 0.70283203125 0.73212890625 0.0224609375 0.011523437500000067
0 0.8056640625 0.73544921875 0.018359374999999956 0.011914062500000044
0 0.83115234375 0.7251953124999999 0.019335937499999956 0.010156249999999978
0 0.8806721430373361 0.7638985242179617 0.02108823158425832 0.013007694248234003
0 0.8697265625 0.7912109375 0.016796875000000044 0.009375000000000022
0 0.86923828125 0.8016601562500001 0.0185546875 0.010351562500000022
0 0.87431640625 0.783203125 0.0166015625 0.009765625
0 0.7153303723103057 0.6749628397508494 0.021234428086070123 0.012607941676104129
0 0.7978515625 0.676171875 0.020312499999999956 0.009765625
0 0.79443359375 0.6934570312499999 0.019726562500000044 0.012304687500000022
0 0.814453125 0.69755859375 0.01718749999999991 0.009960937499999933
0 0.8986328125 0.6892578125 0.019140625000000022 0.010937499999999933
0 0.9004882812499999 0.66943359375 0.016992187499999978 0.012304687499999911
0 0.9052734375 0.65888671875 0.018750000000000044 0.011132812499999978
0 0.853213220314319 0.766811881548312 0.021145590803259617 0.010686481373690326
0 0.4732421875 0.62841796875 0.009765625 0.019726562500000044
0 0.48564453125 0.62861328125 0.011132812499999978 0.019335937500000067
0 0.47978515624999996 0.5666015625 0.01777343749999999 0.009765625
0 0.528125 0.56953125 0.021484375 0.012109374999999978
0 0.4833984375 0.55673828125 0.018750000000000044 0.011523437499999956
0 0.488671875 0.5388671875 0.017187499999999967 0.009765625
0 0.53427734375 0.5311523437500001 0.0185546875 0.010351562500000022
0 0.580078125 0.5513671875 0.012109375000000089 0.01953125
0 0.49665178571428564 0.5081225198412698 0.021081349206349187 0.01302083333333326
0 0.4995453042328042 0.49840856481481477 0.018187830687830697 0.01012731481481488
0 0.5014054232804233 0.4829075727513227 0.019427910052910058 0.011367394179894186
0 0.50770916005291 0.4618262235449735 0.019221230158730174 0.011367394179894186
0 0.5090525793650793 0.4521122685185185 0.019014550264550234 0.010954034391534362
0 0.5557617187499999 0.45439453125 0.020117187500000022 0.0126953125
0 0.56025390625 0.43720703125 0.021679687499999933 0.013085937499999978
0 0.51640625 0.42265625 0.021093750000000022 0.01171875
0 0.52236328125 0.40351562500000004 0.017382812499999956 0.008984374999999989
0 0.52431640625 0.39296875 0.019726562500000044 0.012500000000000011
0 0.5267578125000001 0.38349609375 0.019921874999999978 0.009179687499999978
0 0.5669921875 0.40537109375 0.020312499999999956 0.011914062499999989
0 0.9406237868788819 0.5404454580745341 0.013041052018633481 0.009704968944099335
0 0.7272491632712457 0.5704762077997672 0.01841712747380675 0.011823341094295725
0 0.7297502546565775 0.5605855282305006 0.01887187136204893 0.011141225261932508
0 0.733274519790454 0.5512632785215367 0.019553987194412148 0.011595969150174579
0 0.7392998763096624 0.5237512732828871 0.021600334691501688 0.012505456926658942
0 0.7422557115832363 0.5132921638533179 0.01796238358556468 0.011141225261932397
0 0.7698814027939465 0.4508785651920838 0.01045910942956918 0.01864449941792784
0 0.8006903012223516 0.4578134094877765 0.013414944703143195 0.019781359138533183
0 0.810126236903376 0.4613376746216531 0.011368597206053543 0.019553987194412148
0 0.8201306024447031 0.46213347642607683 0.009094877764842746 0.01841712747380675
0 0.8986876091385332 0.48293800931315484 0.01205071303841676 0.021372962747380653
0 0.9102835782887078 0.4856664726426077 0.010686481373690326 0.019099243306169966
0 0.9064182552386496 0.5709309516880093 0.010686481373690437 0.01728026775320135
0 0.8849316065192084 0.5659287689173458 0.01000436554132711 0.015461292200232846
0 0.8744724970896391 0.5642234793364378 0.01000436554132711 0.016143408032596063
0 0.9637380125661376 0.24578373015873017 0.015759341931216975 0.010075644841269854
0 0.9360945767195767 0.20664372519841273 0.015759341931216975 0.019117890211640204
0 0.9190434854497355 0.19876405423280424 0.014209242724867677 0.016792741402116396
0 0.909355365410053 0.19333870701058203 0.012917493386243373 0.016792741402116396
0 0.9021215691137566 0.18636326058201058 0.016017691798941858 0.019892939814814797
0 0.8813244047619049 0.17512504133597884 0.016792741402116396 0.02015128968253968
0 0.6053261861313868 0.11134238138686131 0.020529197080291994 0.011690237226277364
0 0.6144502737226277 0.07042655109489052 0.018818430656934337 0.011405109489051088
0 0.6773209397810218 0.11747262773722628 0.018533302919708006 0.01197536496350364
0 0.6790317062043795 0.10606751824817517 0.017963047445255453 0.012545620437956206
0 0.6567917427007299 0.10321624087591241 0.020814324817518215 0.010264598540145983
0 0.660070711678832 0.09238138686131386 0.01995894160583933 0.011975364963503654
0 0.6845298776662484 0.08768722553324967 0.019359708281053933 0.012252979924717688
0 0.6915048140770252 0.05797124003984063 0.01919405710491373 0.011153303452855243
0 0.6916345036520584 0.047725763612217795 0.021528469455511234 0.009856407702523239
0 0.6685497592961487 0.044613213811420985 0.0199721945551129 0.010893924302788842
0 0.673348273572377 0.03488649568393094 0.021787848605577698 0.011672061752988048
0 0.6773686503984064 0.0246410192563081 0.0199721945551129 0.011931440903054449
0 0.6850203353253652 0.07638715969455512 0.01919405710491373 0.012709578353253662
0 0.6682903801460823 0.06186192729083665 0.019453436254980083 0.012190820053120846
0 0.6800921314741035 0.014265853253652058 0.0181565405046481 0.011931440903054449
0 0.6782764774236387 0.004409445551128818 0.019712815405046435 0.008300132802124834
0 0.6280866118857902 0.011801751328021248 0.017897161354581637 0.011153303452855244
0 0.627956922310757 0.023084744355909695 0.01919405710491362 0.011412682602921647
0 0.6251037516600265 0.03164425630810093 0.016600265604249653 0.010375166002656044
0 0.6227693393094289 0.04227880146082337 0.01919405710491362 0.010893924302788842
0 0.6209536852589641 0.05226489873837981 0.015043990703851318 0.009078270252324036
0 0.5851709674254317 0.30109399529042385 0.016863716640502346 0.019623233908948157
1 0.5443914344583988 0.24743671507064363 0.030967916012558883 0.03434065934065933
1 0.44529781484962405 0.051735784774436105 0.05213228383458646 0.023496240601503758
1 0.215380100388601 0.09128582415803108 0.019986641839378233 0.03693733808290155
0 0.29102161618098155 0.050026361196319015 0.012281921012269936 0.019171779141104295
0 0.31049295437116564 0.05511886503067484 0.01048456671779141 0.019171779141104295
0 0.3310127492331288 0.0593126917177914 0.010784125766871155 0.0197708972392638
0 0.34074841832822084 0.06215850268404907 0.01048456671779141 0.018872220092024543
0 0.3506338669478527 0.06380607745398773 0.011083684815950956 0.018572661042944777
0 0.3796910947085889 0.07144483320552147 0.0110836848159509 0.019471338190184054
0 0.38916015625 0.07529296875 0.009570312499999956 0.01621093750000001
0 0.231869378101737 0.27851659429280395 0.011146867245657555 0.017689593672456594
0 0.24350089174937967 0.28178795750620345 0.009692928039702231 0.013085452853598023
0 0.2631290710297767 0.28687674472704716 0.0116315136476427 0.020355148883374696
0 0.2734278070719603 0.28796719913151364 0.01041989764267992 0.019143532878411862
0 0.2839688663151365 0.29002694633995035 0.011146867245657555 0.018901209677419373
0 0.293782955955335 0.29414644075682383 0.008965958436724542 0.020839795285359786
0 0.3032335607940446 0.29560037996277916 0.009450604838709686 0.019385856079404462
0 0.3132899736352357 0.2971754807692307 0.010662220843672465 0.018658886476426828
0 0.32068083126550867 0.30226426799007444 0.01090454404466501 0.017204947270471505
0 0.3304949209057072 0.3031123991935484 0.009208281637717142 0.01793191687344914
0 0.340430172146402 0.3046875 0.0116315136476427 0.017204947270471505
0 0.3501231001861042 0.30638376240694787 0.009692928039702231 0.019628179280397007
0 0.35799860421836227 0.3101397720223325 0.00945060483870963 0.018901209677419373
0 0.36866082506203474 0.31135138802729523 0.009935251240694831 0.020355148883374696
0 0.3777479450992556 0.31256300403225806 0.009692928039702231 0.018416563275434283
0 0.3869562267369727 0.3148650744416873 0.010177574441687376 0.01672030086848636
0 0.3970126395781638 0.3172883064516129 0.011389190446650155 0.019628179280397007
0 0.4039188508064516 0.3204385080645161 0.010177574441687376 0.017204947270471505
0 0.41567152605459057 0.322134770471464 0.01041989764267992 0.01768959367245654
0 0.4247586460918114 0.32686007289081886 0.009692928039702231 0.01987050248138955
0 0.43372460452853595 0.3279505272952854 0.009208281637717142 0.01720494727047145
0 0.4630457118486352 0.3320700217121588 0.011146867245657555 0.021566764888337475
0 0.4527469758064516 0.3344932537220844 0.008965958436724597 0.015751008064516125
0 0.44323988001054854 0.33281002768987344 0.009271162974683556 0.015863989978902926
0 0.250831004403794 0.09058477303523034 0.019054878048780532 0.010321392276422758
0 0.24818449356368563 0.0995829098915989 0.023289295392953935 0.010321392276422758
0 0.26737169715447157 0.10461128048780487 0.017731622628726296 0.008733485772357719
0 0.24487635501355015 0.1095073255420054 0.020907435636856403 0.010586043360433603
0 0.2406419376693767 0.11784383468834686 0.019319529132791335 0.009792090108401083
0 0.24011263550135503 0.12750359925474253 0.022495342140921443 0.010586043360433603
0 0.25956449017615174 0.13266429539295393 0.019584180216802166 0.010321392276422786
0 0.23773077574525744 0.13822196815718157 0.022495342140921415 0.011909298780487826
0 0.2571826304200542 0.1509252201897019 0.021172086720867206 0.011909298780487798
0 0.23442263719512196 0.155688939701897 0.021172086720867206 0.011379996612466137
0 0.25413914295392953 0.16058498475609756 0.018790226964769702 0.011115345528455278
0 0.23111449864498645 0.1654810298102981 0.018260924796747985 0.009262787940379408
0 0.2512279810298103 0.1701124237804878 0.022495342140921443 0.013232554200542007
0 0.22952659214092141 0.1740821900406504 0.021966039972899726 0.008998136856368577
0 0.24593495934959347 0.18850567411924118 0.021436737804878064 0.012438600948509487
0 0.24553798272357724 0.19816543868563685 0.019584180216802194 0.010586043360433617
0 0.24262682079945802 0.20822217987804875 0.019054878048780505 0.010056741192411928
0 0.24037728658536583 0.2174849678184282 0.018260924796747985 0.011644647696476967
0 0.2362751947831978 0.22648310467479674 0.019054878048780505 0.012173949864498657
0 0.23362868394308942 0.2368044969512195 0.020642784552845517 0.012703252032520318
0 0.3193359375 0.10674579326923075 0.01928084935897434 0.01126802884615384
0 0.34074519230769235 0.11050180288461538 0.01953125 0.012269631410256415
0 0.31883513621794873 0.11626101762820512 0.021284054487179516 0.011768830128205121
0 0.33799078525641024 0.12089342948717947 0.017027243589743557 0.010016025641025633
0 0.3148287259615385 0.1252754407051282 0.020783253205128194 0.010266426282051266
0 0.333984375 0.12978265224358973 0.020032051282051266 0.010767227564102533
0 0.3143279246794872 0.13616786858974356 0.019781650641025605 0.011017628205128221
0 0.33348357371794873 0.1392978766025641 0.021534455128205177 0.012770432692307682
0 0.31282552083333337 0.14568309294871795 0.020282451923076927 0.009515224358974367
0 0.3303535657051282 0.14868790064102563 0.015775240384615363 0.009014423076923073
0 0.3078175080128205 0.15432191506410253 0.021784855769230782 0.01076722756410256
0 0.32797475961538464 0.1588291266025641 0.01953125 0.010266426282051294
0 0.30618990384615385 0.16471354166666663 0.02153445512820512 0.009515224358974367
0 0.3253455528846154 0.1680939503205128 0.018780048076923073 0.010266426282051266
0 0.30318509615384615 0.17372796474358973 0.020032051282051266 0.011017628205128194
0 0.3230919471153846 0.1773587740384615 0.020282451923076927 0.01076722756410256
0 0.3011818910256411 0.1827423878205128 0.01752804487179488 0.009515224358974339
0 0.3205879407051282 0.1864983974358974 0.020282451923076927 0.010516826923076927
0 0.2991786858974359 0.19175681089743588 0.020532852564102533 0.010516826923076927
0 0.31908553685897434 0.19638922275641024 0.019781650641025605 0.01076722756410256
0 0.2978014823717949 0.20089643429487178 0.017778445512820484 0.010266426282051266
0 0.31595552884615385 0.20490284455128205 0.018529647435897467 0.010266426282051294
0 0.2925430689102564 0.20915965544871795 0.021784855769230782 0.012269631410256415
0 0.3118239182692308 0.21329126602564102 0.018780048076923128 0.011518429487179488
0 0.2929186698717949 0.21992688301282048 0.018028846153846145 0.009264823717948706
0 0.31044671474358976 0.22380809294871795 0.020532852564102533 0.009515224358974367
0 0.28853665865384615 0.22919170673076922 0.018780048076923073 0.009765625
0 0.3113231169871795 0.23369891826923075 0.020282451923076927 0.011768830128205121
0 0.2855318509615385 0.2382061298076923 0.018279246794871806 0.010266426282051266
0 0.3064403044871795 0.24346454326923075 0.01852964743589741 0.010767227564102588
0 0.28352864583333337 0.24834735576923075 0.019781650641025605 0.012019230769230782
0 0.30193309294871795 0.252353766025641 0.01752804487179488 0.010516826923076955
0 0.376171875 0.17958984374999998 0.021093750000000022 0.011132812500000006
0 0.36787109375000004 0.18662109375000002 0.01738281250000001 0.011132812500000006
0 0.38662109375 0.19091796875 0.01777343749999999 0.0107421875
0 0.36572265625 0.1990234375 0.019335937499999956 0.012109375000000006
0 0.38681640625 0.20234375 0.01972656249999999 0.012109375000000006
0 0.3634765625 0.2078125 0.021874999999999978 0.01171875
0 0.38525390625 0.21279296875 0.0205078125 0.011914062499999989
0 0.3626953125 0.21767578125 0.02070312499999999 0.011523437500000011
0 0.38105468750000004 0.2205078125 0.01640625000000001 0.008984375000000017
0 0.3609375 0.22685546875 0.02070312499999999 0.011132812500000006
0 0.380859375 0.2306640625 0.020312499999999956 0.012109375000000006
0 0.35732421875 0.23505859375 0.020898437500000033 0.011523437499999983
0 0.378515625 0.23876953125 0.019921875000000033 0.012304687500000022
0 0.354296875 0.244921875 0.019140625000000022 0.010546874999999983
0 0.37490234375 0.24921875000000002 0.0185546875 0.010546875000000011
0 0.35185546875 0.2546875 0.018945312499999978 0.010546874999999983
0 0.37431640625 0.2591796875 0.016992187499999978 0.010546875000000011
0 0.35 0.26484375 0.021484375 0.01171875
0 0.370703125 0.2697265625 0.02031250000000001 0.013281250000000022
0 0.4287109375 0.24248046875 0.020312499999999956 0.011523437499999983
0 0.4287109375 0.253515625 0.018359374999999956 0.010156250000000006
0 0.44326171875 0.2681640625 0.01972656249999999 0.010937499999999989
0 0.439453125 0.27568359375 0.017578125 0.0107421875
0 0.43974609374999996 0.2857421875 0.01777343749999999 0.009374999999999967
0 0.42216796875 0.2626953125 0.0166015625 0.010156249999999978
0 0.42001953125 0.2716796875 0.016210937499999967 0.010156249999999978
0 0.4185546875 0.2818359375 0.019140624999999967 0.01171875
0 0.40517578125 0.1296875 0.016992187500000033 0.015625000000000014
0 0.41416015625 0.13613281249999998 0.011132812500000033 0.010156250000000006
0 0.41787109375 0.14492187499999998 0.011914062499999989 0.010156250000000006
0 0.42529296875 0.15224609375 0.011914062500000044 0.009960937499999989
0 0.43125 0.16064453125 0.013671875 0.0126953125
0 0.438671875 0.16787109375 0.011328125000000022 0.009960937499999989
0 0.44560546875 0.1740234375 0.0126953125 0.01171875
0 0.4848090277777778 0.2300347222222222 0.018229166666666685 0.015625
0 0.4780815972222222 0.2224392361111111 0.01519097222222221 0.014322916666666657
0 0.47577948046432617 0.21300343289920726 0.011944365798414514 0.012386749716874312
0 0.46737418601359004 0.20636767412231033 0.014598669309173307 0.014598669309173279
0 0.4595621508690894 0.19753005786506847 0.010622049485926599 0.010910340955362141
0 0.7327782846715329 0.9479478949426486 0.008961157455683044 0.014460049530761188
0 0.7236134645464025 0.947540569603754 0.009368482794577693 0.014460049530761299
0 0.7145504757559958 0.9448929549009385 0.007942844108446367 0.012016097497393075
0 0.8375627281021898 0.9720819212721585 0.009979470802919721 0.019551616266944682
0 0.8271759319603754 0.9701471259124088 0.008757494786235664 0.013238073514077242
