0 0.0659511529126214 0.0699332524271845 0.009860436893203879 0.017824635922330086
0 0.0968598300970874 0.033715109223301 0.010998179611650477 0.018203883495145633
0 0.41912915587219346 0.11300464162348878 0.017878346286701208 0.011469127806563048
0 0.5562014995805369 0.08545249580536912 0.010158871644295409 0.017696098993288584
0 0.25217363911290325 0.14742943548387094 0.01102570564516131 0.018901209677419345
0 0.2710748487903226 0.13955393145161288 0.012285786290322565 0.014490927419354843
0 0.37977296802773497 0.2008619029275809 0.015649075500770437 0.008125481510015409
0 0.39906972543352603 0.22870755057803469 0.01648302023121384 0.015354046242774588
0 0.460201339811543 0.2635085394581861 0.018634054770318043 0.011732553003533541
0 0.2423070236439499 0.326245219054242 0.008692628650904033 0.013582232267037586
0 0.20530282079646017 0.38125691371681414 0.010370575221238937 0.020741150442477874
0 0.2567078890205371 0.4674479166666667 0.01913013428120064 0.018513033175355464
0 0.24775992298578198 0.4762416074249605 0.014193325434439186 0.015736078199052095
0 0.3698518368761553 0.43916791820702406 0.016245956561922348 0.014801871534195932
0 0.17924794320594478 0.5298566878980893 0.012025610403397002 0.020733811040339778
0 0.16639298036093417 0.556395966029724 0.013684315286624227 0.020733811040339778
0 0.0826159164859002 0.5677196312364425 0.020336225596529284 0.010168112798264572
0 0.32737613341968913 0.975550518134715 0.014167746113989632 0.016191709844559643
0 0.031641336520947194 0.7529456967213115 0.01209585610200364 0.016720742258652055
0 0.7932992280033841 0.04493178934010153 0.009583862098138773 0.018506768189509304
0 0.8613776967005076 0.05864662648054146 0.01817629018612521 0.008922906091370558
0 0.7741350446428571 0.09123883928571429 0.009765625 0.01785714285714285
0 0.5872967411670236 0.14606614694860814 0.01693823608137046 0.010246587259100659
0 0.8825749105545617 0.20299921735241505 0.00978309481216455 0.01607222719141324
0 0.5410846294162827 0.446278561827957 0.014100902457757192 0.017701132872503855
0 0.8135356996726677 0.36872826309328965 0.015983019639934537 0.01310607610474629
0 0.6104525862068966 0.48568830818965514 0.01953125 0.013806573275862044
0 0.5412513469827587 0.5095972521551724 0.011112607758620663 0.017847521551724088
0 0.5722145629084967 0.5474813623366013 0.019148284313725505 0.008616727941176516
0 0.6435419219771241 0.5817887050653594 0.01627604166666663 0.01085069444444453
0 0.3391432139376218 0.6115527534113061 0.014467592592592615 0.02093993664717353
0 0.4624984770955166 0.6050804093567251 0.021320662768031184 0.008756700779727122
0 0.5123735989278753 0.6269721613060428 0.012183235867446407 0.019797758284600397
0 0.3235128012048193 0.8336448472461274 0.01378280981067126 0.01344664371772808
0 0.7087796381031615 0.7349404638103162 0.020148710482529197 0.012024230449251272
0 0.7052048668885191 0.7432274334442596 0.01884879367720471 0.011049292845257908
0 0.5716575766509433 0.738256682389937 0.014433470911949686 0.010441234276729605
0 0.276335685483871 0.7096938551893408 0.015340112201963574 0.00821791725105181
0 0.41578152951699465 0.9065085532200359 0.013975849731663659 0.01642162343470488
0 0.4231188506261181 0.914020572450805 0.01467464221824688 0.016072227191413324
0 0.48967883497316633 0.9325385733452594 0.008036113595706607 0.015373434704830102
0 0.4937402950310559 0.9477508734472049 0.015770574534161474 0.009098408385093126
0 0.6110289977477479 0.902414132882883 0.013724662162162171 0.017947635135135198
0 0.6455380935077519 0.5647256540697674 0.010976865310077466 0.015140503875968991
0 0.9696142146017699 0.21238938053097345 0.011061946902654829 0.014864491150442471
0 0.9341814159292035 0.2998478982300885 0.011407632743362872 0.019704092920353966
0 0.9427363625244618 0.390625 0.011848703522504889 0.01987524461839535
0 0.9713066657725322 0.48847404774678116 0.018022398068669565 0.009639887339055797
0 0.925412419527897 0.5132024543991416 0.014250268240343367 0.014669393776823969
0 0.8706152561247216 0.7920987611358574 0.022184716035634766 0.014789810690423177
0 0.9708814727171492 0.881707614142539 0.010439866369710504 0.014789810690423177
0 0.8160234548997772 0.8608278814031181 0.010439866369710504 0.016529788418708224
0 0.8075479822834645 0.8953617125984251 0.014456200787401619 0.00922736220472431
