0 0.08529690285204991 0.015144552139037433 0.011140819964349374 0.019844585561497326
0 0.14328481125356124 0.03797743055555555 0.017806267806267817 0.012520032051282048
0 0.09349400788834952 0.06457638046116507 0.013984754247572811 0.016829111043689324
0 0.0199658814325452 0.2894373696105702 0.02091663769123783 0.012224009040333772
0 0.03910933752997602 0.2964815647482014 0.019203387290167868 0.011241007194244645
0 0.2528513707037643 0.17085847995090014 0.019818944353518803 0.01694200081833061
0 0.3604474055039788 0.06605396220159152 0.016319214190981424 0.017096319628647216
0 0.5997340425531914 0.01333481087470454 0.00923463356973997 0.018469267139479904
0 0.5872672872340425 0.12507387706855796 0.01754580378250592 0.013851950354609913
0 0.5826585310218978 0.21299041970802918 0.01682253649635035 0.01083485401459855
0 0.4768474544072948 0.1409871295592705 0.009201652735562338 0.01662234042553193
0 0.35960949842022116 0.256090787914692 0.0169702804107425 0.011724921011058431
0 0.48824814618644063 0.2359970868644068 0.019862288135593265 0.01059322033898305
0 0.5179799306797853 0.2651917486583184 0.019915585867620766 0.01187947227191416
0 0.5415641771019678 0.27130618291592135 0.01886739713774599 0.012228868515205715
0 0.5489014982110912 0.28248686270125223 0.020264982110912433 0.010831283542039383
0 0.5880338774597496 0.32231803443649376 0.015373434704829991 0.017819208407871212
0 0.873677677029361 0.01872166450777202 0.014167746113989632 0.019227655440414507
0 0.8961099417098446 0.019227655440414507 0.011131800518134782 0.014167746113989637
0 0.9254574158031088 0.09647560449050087 0.011806455094991453 0.016191709844559588
0 0.9128076424870466 0.12042584196891193 0.014842400690846302 0.019564982728842842
0 0.9203975064766838 0.13206363341968913 0.011806455094991342 0.015854382556131266
0 0.9264693976683938 0.13864151554404144 0.010457145941278112 0.012143782383419677
0 0.7417063782991202 0.22306864002932553 0.015464626099706669 0.012600806451612906
0 0.7379834127565983 0.23495349156891498 0.01603739002932547 0.010596132697947208
0 0.8413052721088434 0.3821215986394558 0.013818027210884432 0.018601190476190466
0 0.8219068877551019 0.43765943877551017 0.015943877551020447 0.01913265306122447
0 0.9164767795138888 0.4363335503472222 0.01057942708333337 0.01600477430555558
0 0.9859212239583333 0.4823133680555555 0.01112196180555547 0.01410590277777779
0 0.9025147486320109 0.4214475034199726 0.01122178522571815 0.018970160738714104
0 0.24609375 0.349830483490566 0.022110849056603793 0.013635023584905703
0 0.24167158018867924 0.36420253537735847 0.01252948113207547 0.018057193396226412
0 0.16883505544354838 0.3194540700604839 0.012600806451612906 0.016932333669354815
0 0.11022767024253731 0.50048828125 0.021498950559701496 0.008380946828358216
0 0.25447650547445255 0.8109508059610705 0.018533302919708033 0.011880322384428155
0 0.244140625 0.8777744722682119 0.013581332781456928 0.02037199917218535
0 0.35526315789473684 0.8106496710526316 0.012335526315789491 0.01685855263157887
0 0.38083272417154 0.9132782041910332 0.014086866471734905 0.012183235867446407
0 0.3635096856725146 0.9795245492202729 0.015229044834307981 0.012183235867446407
0 0.4937198553054662 0.9728948954983923 0.015386354501607635 0.009734224276527259
0 0.4448913284952607 0.7983745556872038 0.01781879443127965 0.009256516587677677
0 0.46247871001184837 0.7925892328199053 0.01550466528436023 0.0069423874407582575
0 0.5987126572327044 0.9215310534591195 0.008844339622641417 0.02014544025157239
0 0.6169763513513513 0.9661106418918919 0.018158783783783772 0.009079391891891886
0 0.7129477100730688 0.9829804932150312 0.011824765135699411 0.013251891962421714
0 0.6377767911124547 0.6745012091898428 0.010627645102781136 0.01936593107617901
0 0.7571936881188118 0.6734883309759547 0.01049770155586982 0.018232850070721396
0 0.8462146577380952 0.5934709821428571 0.015578497023809534 0.019763764880952328
0 0.9085815947666195 0.6628525017680339 0.011050212164073647 0.019061615983026803
0 0.8078136643070044 0.7433401639344261 0.01309845380029806 0.019211065573770503
0 0.8162548900894188 0.7570207712369597 0.01368060730253351 0.018046758569299493
0 0.7142554593373495 0.5981268825301205 0.006824171686746983 0.014118975903614439
0 0.8225548120728929 0.9026373861047836 0.016016514806378113 0.01779612756264226
0 0.7221031526548672 0.5394081858407079 0.0165929203539823 0.014864491150442527
0 0.03108494718309859 0.45485805457746475 0.012654049295774648 0.015680017605633756
0 0.01199500530410186 0.4848059582743989 0.00911642503536068 0.012155233380480912
0 0.026222153465346558 0.5552510608203678 0.011602722772277228 0.01878536067892511
0 0.010303442028985504 0.6945262177938809 0.012580515297906603 0.018556260064412244
0 0.023339229559748424 0.9352070230607965 0.018835167714884693 0.011464884696016697
