0 0.1462861096112311 0.0747840172786177 0.01856101511879049 0.011389713822894165
0 0.041499789207419896 0.30564924114671166 0.01910307757166948 0.01317453625632381
0 0.22966162263406942 0.2042463525236593 0.012014491324921134 0.018483832807570988
0 0.2208818020504732 0.2080971510252366 0.012322555205047325 0.019408024447949535
0 0.2080971510252366 0.20732699132492113 0.012014491324921162 0.008009660883280756
0 0.24198417783911672 0.23936563485804419 0.010782235804416396 0.01848383280757096
0 0.23628499605678233 0.22149792981072558 0.01293868296529968 0.01725157728706625
0 0.21264214261285913 0.22319596443228457 0.019237346101231206 0.009885858413132692
0 0.22720374487004108 0.22346314979480167 0.010420229138166898 0.013626453488372103
0 0.22431086244541484 0.23511417394468703 0.012509097525473079 0.016489264919941765
0 0.0879987442020817 0.25433905750131447 0.02172914002557544 0.012238251278772372
0 0.1083759590792839 0.24736752717391303 0.017982736572890026 0.011738730818414339
0 0.12373621323529413 0.2478670476342711 0.011738730818414311 0.018732017263427103
0 0.0903932225063939 0.26297754156010233 0.018482257033248087 0.009490888746803094
0 0.09513866687979541 0.2700957081202046 0.021978900255754483 0.010739689897698246
0 0.11055937065368567 0.2565683675243393 0.019015125173852565 0.009507562586926255
0 0.11381910639777468 0.26403859527121 0.01847183588317107 0.010865785813630069
0 0.11898035465924894 0.27137300069541026 0.016298678720445048 0.009779207232267051
0 0.13514321105702365 0.26648339707927676 0.01439716620305978 0.01521210013908203
0 0.14872544332406118 0.28142385257301805 0.015483744784422798 0.01358223226703753
0 0.15673896036161333 0.2956851964534075 0.013582232267037558 0.008420984005563292
0 0.10145927503477051 0.27884322844228093 0.016570323365785816 0.00950756258692631
0 0.11381910639777468 0.2818313195410292 0.01847183588317107 0.00950756258692631
0 0.17021648044692736 0.28729486731843573 0.013966480446927387 0.013311801675977675
0 0.23691742995689652 0.2898145653735632 0.019362877155172403 0.012347341954022983
0 0.09482299147217238 0.3341421678635548 0.010870175044883301 0.017532540394973095
0 0.23666124326750448 0.3651747643626571 0.021039048473967675 0.011571476660682256
0 0.276795073375262 0.3953337919287211 0.010645964360587012 0.018425707547169823
0 0.09430803571428571 0.4343377976190476 0.013764880952380959 0.01748511904761907
0 0.28721258892276424 0.46148532774390244 0.016276041666666685 0.017069994918699205
0 0.146484375 0.5972513338414633 0.023818597560975596 0.018657901422764245
0 0.2522179555084746 0.7443061440677967 0.020524364406779627 0.010924258474576232
0 0.3072300938803894 0.7172776860222532 0.008149339360222552 0.013853876912378271
0 0.12932433107028754 0.6367936301916933 0.012792032747603821 0.013104033546325944
0 0.39189656575520837 0.9052276611328125 0.015767415364583315 0.00940958658854163
0 0.3033424908424909 0.9500915750915752 0.017647283272283265 0.006677350427350515
0 0.2859336843711844 0.9530725351037852 0.015262515262515264 0.008346688034188032
0 0.3755387931034483 0.3192349137931034 0.010237068965517238 0.017780172413793094
0 0.40261314655172414 0.3996497844827586 0.014816810344827624 0.019127155172413812
0 0.41433189655172414 0.44719827586206895 0.016163793103448287 0.016702586206896575
0 0.3771241359447005 0.09788126440092165 0.02250144009216587 0.013050835253456225
0 0.431577620967742 0.11813256048387097 0.02070132488479265 0.012150777649769587
0 0.627153635931559 0.053283923479087454 0.02302162547528519 0.012996078897338406
0 0.6077865663900415 0.14719484785615494 0.009184820193637644 0.015668222683264177
0 0.5187152183219178 0.08929526969178082 0.01627604166666674 0.008249500570776253
0 0.5365049002751031 0.14198439649243466 0.011820839064649258 0.00994025103163687
0 0.552933982858991 0.38705732535575677 0.012886076972833171 0.014149417852522661
0 0.49635695826952525 0.37552043453292494 0.00927210949464008 0.01465591500765695
0 0.647743553008596 0.36764640042979946 0.008954154727793595 0.019587213467048725
0 0.6530600823782235 0.3393848495702006 0.008954154727793706 0.013990866762177645
0 0.939378805175038 0.3081062119482496 0.02080955098934556 0.009215658295281592
0 0.8244977678571429 0.03948102678571429 0.01953125 0.011439732142857144
0 0.8410816461267605 0.0800506161971831 0.015129841549295753 0.013754401408450703
0 0.7728486180904524 0.017607569095477366 0.012104794807370145 0.013740577889447238
0 0.4847179150763359 0.5134184160305344 0.012300214694656475 0.020500357824427495
0 0.4947817270992367 0.5108092795801527 0.009318344465648831 0.018263955152671763
0 0.5205003578244275 0.5227367604961832 0.010063812022900853 0.01602755248091614
0 0.5365279103053435 0.4752132037213741 0.011554747137404564 0.018636688931297718
0 0.5605692390267176 0.4645902910305344 0.019382156488549573 0.009318344465648887
0 0.5823741650763359 0.45825381679389315 0.014536617366412208 0.00857287690839692
0 0.6638719512195121 0.44378810975609756 0.011750508130081272 0.017466971544715437
0 0.7271634615384615 0.49712873931623924 0.015357905982905984 0.013354700854700807
1 0.7597155448717947 0.4887820512820512 0.023704594017094016 0.0180288461538462
0 0.5499104689952904 0.5698403159340659 0.010118229984301452 0.01625049058084782
0 0.7407770800627943 0.5373393347723705 0.009198390894819441 0.01809016875981162
0 0.5661840936018957 0.6712455568720379 0.020981437598736274 0.013267673775671396
0 0.7890373389694042 0.6742401368760065 0.02264492753623193 0.008806360708534688
0 0.5234107448630136 0.8373822773972603 0.009899400684931448 0.01605308219178081
0 0.7216663099315068 0.8692208904109588 0.018461044520547865 0.011237157534246589
0 0.742802868150685 0.8780500856164384 0.020601455479452024 0.011772260273972601
0 0.6707277097902098 0.6811421000874126 0.017414226398601462 0.009560751748251661
0 0.7793755723443224 0.934087396978022 0.019316620879120894 0.010373740842490875
0 0.5385779460877863 0.9398258587786259 0.01640028625954204 0.009318344465648942
0 0.7594169735701906 0.932388702339688 0.009816399480069293 0.015232344020797317
0 0.7405335022522523 0.9404208896396398 0.0200591216216216 0.010205518018017945
0 0.8289394718792866 0.40201153120713307 0.016075102880658387 0.016878858024691357
0 0.8384505744170097 0.42223936899862824 0.012056327160493763 0.018218449931412917
0 0.8961025140224359 0.40046574519230765 0.010016025641025661 0.011581029647435903
0 0.8574741325250836 0.4516617892976589 0.013390990802675584 0.018290133779264195
0 0.8726614757525084 0.568098087374582 0.019596571906354554 0.009471676421404673
0 0.9896282327586208 0.4533607219827586 0.010102370689655138 0.01582704741379315
0 0.9310889790076335 0.7300612277353689 0.012921437659033086 0.010436545801526642
0 0.856927647158322 0.8541525710419486 0.014007527063599423 0.010571718538565533
0 0.9523094093406594 0.7838255494505495 0.008585164835164805 0.02060439560439553
0 0.9300950222646309 0.6973848998091603 0.00844863231552162 0.01615179707379133
0 0.9930680071721312 0.5672387295081966 0.009957735655737765 0.006147540983606592
0 0.9758831521739131 0.8389945652173914 0.014266304347826053 0.008831521739130488
0 0.9880612734641638 0.9425661262798635 0.011665422354948718 0.014665102389078477
