0 0.09323169498381878 0.048512085355987056 0.012641585760517798 0.021174656148867314
0 0.19562853964401294 0.03049782564724919 0.012641585760517798 0.016118021844660196
0 0.16669751402743144 0.06088294887780549 0.014368375935162103 0.017534289276807974
0 0.17753467892768082 0.06624064837905237 0.013150716957605973 0.01802135286783043
0 0.18557122817955113 0.07147658198254364 0.012176589775561103 0.013394248753117205
0 0.19360777743142146 0.07525132481296759 0.012663653366583538 0.01656016209476309
0 0.20213139027431423 0.08133961970074813 0.011202462593516205 0.016073098503740654
0 0.2116291302992519 0.0853578943266833 0.013150716957605973 0.015829566708229437
0 0.21990921134663344 0.09254208229426433 0.012176589775561103 0.011689526184538654
0 0.15806321633237824 0.0559298889684814 0.010073424068767906 0.017908309455587405
0 0.14798979226361036 0.05159272027220633 0.011752328080229218 0.01818812679083094
0 0.07027978433835844 0.11640886725293131 0.013086264656616414 0.01701214405360134
0 0.06128297738693465 0.13145807160804018 0.016030674204355104 0.018320770519262994
0 0.05130470058626464 0.14994242043551087 0.015049204355108876 0.01733930067001674
0 0.03560118299832494 0.17709641959798994 0.01504920435510888 0.017339300670016766
0 0.03674623115577888 0.09857883165829143 0.017993613902847573 0.008833228643216076
0 0.03085741206030149 0.11052004815745392 0.020610866834170856 0.009814698492462318
0 0.023823544807370166 0.12115263819095476 0.018975083752093808 0.010141855108877731
0 0.015971786013400317 0.132112384840871 0.017012144053601342 0.008506072026800676
0 0.008447183835845877 0.1411091917922948 0.01504920435510888 0.008178915410385262
0 0.009101497068676698 0.15206893844221103 0.01504920435510888 0.008506072026800676
0 0.04672450795644889 0.08500183207705189 0.013740577889447235 0.017666457286432166
0 0.24532023514851486 0.1242651608910891 0.021271658415841582 0.009668935643564372
0 0.6854583084725536 0.4416672881861575 0.020976282816229097 0.016314886634844872
0 0.8185362327755905 0.37696850393700787 0.019992618110236227 0.010380782480314932
0 0.8387210875984252 0.3727392962598425 0.019608144685039353 0.008073941929133854
0 0.5834258310564664 0.36463313979963574 0.00782673041894355 0.01707650273224043
0 0.7386336936090225 0.34819225798872183 0.015419407894736836 0.01945782424812026
0 0.7298226033834586 0.3072574013157895 0.01101386278195493 0.02055921052631582
0 0.5391760537790697 0.2119519137596899 0.012490915697674465 0.015897529069767435
0 0.9654479541366907 0.06581609712230219 0.020725607014388525 0.014402540467625888
0 0.8010482239208633 0.14485442895683456 0.017212792266187105 0.015105103417266175
0 0.8286238196942446 0.14731339928057557 0.017564073741007213 0.015105103417266202
0 0.81755845323741 0.16031081384892087 0.017212792266187105 0.01651022931654675
0 0.15285326086956522 0.8680366847826086 0.007472826086956541 0.01188858695652173
0 0.16134510869565216 0.8658288043478262 0.007472826086956513 0.014266304347826053
0 0.2901171181172291 0.8474342251332149 0.01977408969804617 0.00832593250444047
0 0.5934367000853242 0.8914049168088737 0.0223309513651877 0.014331804607508492
0 0.5521077751706485 0.8832391211604096 0.011665422354948829 0.01599829351535831
0 0.6773049645390071 0.7069135084219859 0.007618572695035519 0.014890846631205656
0 0.7516801727484472 0.8661684782608695 0.011221370341614967 0.021229619565217295
0 0.7426449887387387 0.8765484234234235 0.013724662162162171 0.0182995495495496
0 0.784051364142539 0.675085258908686 0.015224805122494356 0.017399777282850803
0 0.7823113864142539 0.631585815701559 0.011744849665924262 0.01913975501113585
0 0.8147598140495869 0.9038072486225895 0.02206008953168037 0.013989325068870517
0 0.888189129818594 0.9787592120181405 0.011072137188208653 0.011515022675737008
0 0.8049616228070176 0.9768594663742691 0.010279605263157965 0.019036306042884976
0 0.6535605778769842 0.4776243179563492 0.015113467261904767 0.014338417658730174
0 0.5398602552816901 0.7099563526995305 0.0096280809859155 0.015129841549295864
0 0.4180676424050633 0.1379549050632911 0.015328322784810111 0.01384493670886075
