3 0.65986328125 0.2578125 0.0634765625 0.07890624999999998
3 0.591796875 0.2943359375 0.06210937499999991 0.07773437499999997
3 0.6125 0.5370117187500001 0.064453125 0.07285156250000002
3 0.54814453125 0.5751953125 0.0634765625 0.06914062499999996
3 0.48046875 0.612109375 0.06015624999999997 0.06562499999999993
3 0.3837890625 0.651171875 0.06367187500000004 0.08085937500000007
3 0.5197885874155406 0.3196922508445946 0.06103515625 0.058065878378378344
3 0.45001055743243246 0.35482870565878377 0.0593855574324324 0.05971547719594594
3 0.38237700591216217 0.38963524070945943 0.060705236486486513 0.06136507601351354
3 0.25139885979729726 0.47129038217905406 0.062024915540540515 0.0808303420608108
3 0.3144135346283784 0.42873073268581086 0.06598395270270269 0.06697371199324326
3 0.18261058910472971 0.5051071579391893 0.06433435388513511 0.08050042229729726
1 0.87138671875 0.2763671875 0.009570312500000067 0.028515625000000044
1 0.88818359375 0.3162109375 0.012304687499999911 0.028906250000000022
1 0.9064453125 0.33896484375 0.017187500000000022 0.025976562499999967
1 0.9007812500000001 0.343359375 0.017187500000000022 0.02617187500000001
1 0.04951171875 0.18134765625 0.015429687500000004 0.022070312499999994
1 0.0423828125 0.18515625000000002 0.014453124999999997 0.019140624999999994
1 0.013085937499999999 0.22236328125 0.013671874999999998 0.017773437500000017
1 0.00859375 0.22685546875 0.0140625 0.018164062499999994
1 0.0046875 0.2298828125 0.008984375000000001 0.01679687499999999
