0 0.007207961309523809 0.31901041666666663 0.013485863095238094 0.0074404761904762196
0 0.005580357142857143 0.32993861607142855 0.011160714285714286 0.007905505952380931
0 0.006510416666666666 0.33807663690476186 0.011160714285714284 0.008370535714285754
0 0.015654818702290078 0.1500874681933842 0.020376113231552164 0.008945610687022904
0 0.018139710559796435 0.1602755248091603 0.018388199745547073 0.009442589058524187
0 0.024848918575063612 0.18661537849872772 0.019879134860050888 0.009442589058524187
0 0.02633985368956743 0.2064945133587786 0.01987913486005089 0.011430502544529264
0 0.03329755089058524 0.23606472646310434 0.018885178117048346 0.01093352417302798
0 0.04075222646310432 0.27358659351145037 0.0178912213740458 0.009442589058524131
0 0.04100071564885496 0.28377465012722647 0.01838819974554707 0.009939567430025442
0 0.045970499363867684 0.30241133905852413 0.01540632951653944 0.008448632315521676
0 0.0482069020356234 0.33173306297709926 0.0178912213740458 0.007454675572519054
1 0.01317852508650519 0.3710261678200692 0.020950475778546713 0.010813148788927363
0 0.058965451989619375 0.358523464532872 0.018585099480968863 0.00878568339100344
0 0.059979184688581315 0.3686607915224913 0.019936743079584776 0.010137326989619388
0 0.08143652681660898 0.3402762759515571 0.018923010380622843 0.010137326989619388
0 0.08810292119565216 0.3602401069972826 0.016983695652173905 0.008757218070652217
0 0.08956245754076086 0.3695280655570652 0.02043350883152173 0.011410920516304324
0 0.13430337153518124 0.35147921108742 0.014575559701492519 0.009161780383795282
0 0.08125 0.10130208333333333 0.009374999999999994 0.015104166666666669
0 0.1636007557744565 0.01923934273097826 0.010349439538043459 0.015656844429347824
0 0.17368482506793476 0.018443231997282608 0.00875721807065219 0.016718325407608696
0 0.18326518691588783 0.021174065420560745 0.008761682242990676 0.01679322429906542
0 0.17468603971962615 0.08013288551401868 0.011317172897196248 0.02153913551401869
0 0.18381279205607476 0.07775992990654204 0.009856892523364497 0.02117406542056076
0 0.1931220794392523 0.07593457943925233 0.009491822429906566 0.020443925233644855
0 0.2022488317757009 0.07721232476635513 0.010952102803738317 0.020078855140186924
0 0.21429614485981308 0.07392669392523363 0.010221962616822428 0.02007885514018691
0 0.22451810747663548 0.07228387850467288 0.010221962616822428 0.0182535046728972
0 0.25826347623089985 0.014703151528013554 0.020559210526315763 0.012269206281833615
0 0.20266990291262138 0.19375758495145634 0.013273665048543687 0.02351334951456313
0 0.21670206310679613 0.18674150485436897 0.020100121359223316 0.012515169902912626
0 0.2244766383495146 0.21708131067961167 0.018203883495145623 0.008722694174757267
0 0.30104813664596275 0.012931871118012429 0.010918090062111807 0.018601190476190476
0 0.2961956521739131 0.03476805124223603 0.010109342650103492 0.01860119047619048
0 0.2913431677018634 0.10998156055900621 0.010918090062111807 0.0218361801242236
0 0.260999177631579 0.1710526315789474 0.021293468045112784 0.011748120300751896
0 0.2600813557330827 0.1816993656015038 0.021660596804511267 0.008811090225563922
0 0.26711408466312053 0.19941267730496454 0.018353834219858145 0.011081560283687925
0 0.26590203900709214 0.20980164007092197 0.02008532801418439 0.009003767730496437
0 0.27075022163120566 0.2186322584219858 0.01800753546099293 0.010735261524822681
0 0.27213541666666663 0.22832862367021275 0.02008532801418439 0.009350066489361708
0 0.2734227871939736 0.24013506355932207 0.020230108286252324 0.010298964218455747
0 0.27507797787193977 0.2487788370998117 0.022804849340866296 0.011402424670433148
0 0.281330920433145 0.2850091219397364 0.023540489642184526 0.013241525423728806
0 0.28159573951863354 0.2964564732142857 0.020319778726708093 0.010008249223602439
0 0.28629658385093165 0.3060098020186335 0.021229619565217406 0.00970496894409939
0 0.2593046389751552 0.3278459821428571 0.012131211180124224 0.020016498447204933
0 0.27189077057453415 0.32541973990683226 0.012434491459627328 0.022442740683229823
0 0.26041666666666663 0.34925968886462877 0.018195050946142655 0.017342157933042224
0 0.32897593267581476 0.06347823756432248 0.010050385934819883 0.01775568181818183
0 0.37906035591766724 0.04270743996569469 0.009715373070325883 0.020435784734133787
0 0.399496140651801 0.04019484348198971 0.012395475986277882 0.020770797598627783
0 0.33271437798092207 0.13119162360890302 0.010867945151033342 0.015215123211446746
0 0.3359747615262321 0.14935661764705882 0.010557432432432456 0.019251788553259153
0 0.34032193958664547 0.1743528914944356 0.010557432432432456 0.01707819952305245
0 0.34589168653158525 0.1994655095351609 0.008380512514898686 0.0167610250297974
0 0.350198338796186 0.22076597884386173 0.011872392729439796 0.02118407330154945
0 0.35564497180451127 0.2569607612781955 0.013510338345864625 0.017034774436090222
0 0.3588757048872181 0.27399553571428575 0.008811090225563867 0.01351033834586468
0 0.3019007831885856 0.1807391826923077 0.009208281637717142 0.016962624069478932
0 0.30844350961538464 0.21006029001240697 0.012116160049627789 0.020355148883374696
0 0.31256300403225806 0.23162705490074442 0.01066222084367241 0.01987050248138958
0 0.3231411637931034 0.29364224137931033 0.011584051724137956 0.016163793103448287
0 0.359375 0.3429418103448276 0.01346982758620685 0.02262931034482757
0 0.37665220748546513 0.15011241824127908 0.021575218023255793 0.011355377906976744
0 0.22786458333333334 0.23592654789719625 0.01399435358255452 0.008822527258566998
0 0.23014627141744548 0.2459659754672897 0.013690128504672883 0.009430977414330188
0 0.22527867017133957 0.22558289524922118 0.01064787772585668 0.00882252725856697
0 0.37830388434579443 0.16047872858255452 0.022208430685358216 0.009430977414330244
0 0.3828672605140187 0.17903645833333334 0.02038308021806856 0.010039427570093462
0 0.010791723278985506 0.46156731204710144 0.015922214673913044 0.010968636775362361
0 0.005705460258152174 0.42233674422554346 0.011410920516304348 0.009287958559782594
0 0.05917756453804347 0.4259192425271739 0.018045176630434777 0.009553328804347783
0 0.08863366168478261 0.40495499320652173 0.018045176630434784 0.011676290760869568
0 0.14555557914402173 0.40853749150815216 0.021494989809782594 0.012472401494565188
0 0.15391474184782608 0.3936767578125 0.02229110054347827 0.011941661005434756
0 0.1235298488451087 0.4386570142663043 0.021494989809782608 0.01008406929347827
0 0.15325131623641303 0.43494183084239124 0.021494989809782622 0.009553328804347838
0 0.17753269361413043 0.4305632218070652 0.01751443614130435 0.009287958559782594
0 0.2215841542119565 0.3816024116847826 0.021229619565217406 0.011145550271739135
0 0.24626358695652173 0.3770911175271739 0.02229110054347827 0.011145550271739135
0 0.25820524796195654 0.4158351732336957 0.016452955163043487 0.008491847826086973
0 0.6639635240709459 0.05179740287162162 0.009567673141891886 0.018475506756756757
0 0.6948110219594594 0.17766179265202703 0.010557432432432456 0.019465266047297314
0 0.5441819724930362 0.19313631615598886 0.018225539693593307 0.008704735376044548
0 0.5454060759052926 0.20048093662952648 0.016865424791086325 0.007616643454038979
0 0.5486703516713092 0.22088266016713093 0.016321378830083555 0.007072597493036237
0 0.5501431772908366 0.23292247675962813 0.014525232403718391 0.007262616201859223
0 0.5929407370517928 0.2259192397078353 0.021269090305444882 0.010893924302788849
0 0.6120051045816732 0.21100493857901725 0.019453436254979972 0.009597028552456838
0 0.6145988960823373 0.2216394837317397 0.016859644754316117 0.009597028552456838
0 0.6173223771580345 0.23110682270916333 0.019712815405046547 0.010375166002656061
0 0.6173223771580345 0.2430382636122178 0.019712815405046547 0.009856407702523245
0 0.6197864790836654 0.2523759130146082 0.020490952855245714 0.00933764940239043
0 0.5998142845285525 0.2565259794156707 0.02204722775564405 0.010893924302788849
0 0.6236771663346614 0.2619729415670651 0.0199721945551129 0.009337649402390458
0 0.5996845949535192 0.2672902141434263 0.020750332005312067 0.011153303452855257
0 0.6208897369431644 0.27256744431643626 0.022501440092165925 0.009300595238095233
0 0.6535918298771122 0.18991215437788017 0.020701324884792593 0.008400537634408595
0 0.6581260720411664 0.21239145583190394 0.019765759005145767 0.012060463121783882
0 0.8073743031732419 0.023779213121783882 0.01541059176672388 0.01809069468267581
0 0.7773906518010292 0.18977808747855918 0.011725450257289882 0.020435784734133794
0 0.7636551243567753 0.23734991423670668 0.009045347341337884 0.017755681818181823
0 0.7735380038593482 0.2339997855917667 0.011390437392795882 0.019095733276157795
0 0.7841765474276527 0.23434987942122187 0.010362238745980634 0.016014368971061094
0 0.9535721009036144 0.15502635542168675 0.017648719879518104 0.014118975903614467
0 0.9491010918674698 0.1645566641566265 0.017648719879517993 0.012471762048192753
0 0.9387471762048193 0.17902861445783136 0.018589984939759052 0.015530873493975889
0 0.9316876882530121 0.1869117093373494 0.015295557228915735 0.012942394578313254
0 0.6327159792877907 0.34485714934593026 0.019304142441860517 0.01249091569767441
0 0.6568461573401163 0.34159247819767447 0.018168604651162767 0.009935955668604668
1 0.7770595265858209 0.293515333488806 0.04409106809701491 0.018583838619402993
0 0.8366371268656716 0.29734141791044777 0.026236007462686617 0.0138467817164179
0 0.9827571128731343 0.274384911380597 0.01894822761194037 0.015304337686567138
0 0.9630801072761193 0.28167269123134325 0.019677005597014907 0.011660447761194015
0 0.0041744903433476544 0.5037721298283262 0.007264842632331903 0.017323855507868358
0 0.01367466917024322 0.5011176680972819 0.0106178469241774 0.020956276824034337
0 0.022895430972818327 0.4981837893419171 0.010059012875536483 0.01955919170243209
0 0.03267502682403435 0.49692641273247495 0.009500178826895564 0.020397442775393404
0 0.04147666309012877 0.49357340844062947 0.010897263948497854 0.018720940629470606
0 0.05181509298998571 0.4910586552217454 0.009779595851216023 0.01872094062947066
0 0.061035854792560816 0.48896302753934195 0.00977959585121603 0.01955919170243209
0 0.06941836552217455 0.48756594241773965 0.008661927753934179 0.021794527896995708
0 0.11524275751072963 0.48169818490701005 0.008661927753934179 0.01788268955650929
0 0.12348555972818312 0.48002168276108725 0.009500178826895564 0.0190003576537911
0 0.13312544706723892 0.47387450822603716 0.012014932045779692 0.018441523605150223
0 0.14304475143061518 0.4742936337625179 0.010059012875536483 0.01704443848354792
0 0.155758226037196 0.47638926144492133 0.012014932045779692 0.016206187410586548
0 0.011439332975679558 0.5526701090844063 0.008941344778254652 0.019000357653791156
0 0.022616013948497868 0.5508538984263234 0.008941344778254649 0.01816210658082973
0 0.038682492846924196 0.5470817685979972 0.009779595851216023 0.018441523605150167
0 0.04818267167381976 0.543309638769671 0.010338429899856942 0.02039744277539346
0 0.0667639037911302 0.5410743025751072 0.012294349070100137 0.02039744277539335
0 0.07682291666666669 0.5385595493562232 0.009500178826895564 0.02039744277539346
0 0.09023493383404865 0.5413537195994278 0.009500178826895564 0.018720940629470717
0 0.07471600229658792 0.5646633038057742 0.02076156496062992 0.011790518372703396
0 0.09250847868217055 0.6050145348837209 0.009387112403100764 0.0187742248062015
0 0.10261194029850745 0.6032824160447761 0.009911380597014921 0.01894822761194026
0 0.11325209888059701 0.601533348880597 0.009619869402985079 0.016616138059701524
0 0.07023499503968256 0.5768590856481481 0.009300595238095233 0.009300595238095233
0 0.0707516947751323 0.5887431795634921 0.008783895502645495 0.009817294973544999
0 0.16148107714701598 0.49595728711790393 0.02046943231441048 0.008244632459970869
0 0.16133892831149926 0.5046283660844251 0.019047943959243085 0.00852893013100442
0 0.1624761189956332 0.5132994450509462 0.02132232532751091 0.00938182314410474
0 0.16389760735080058 0.5232498635371179 0.021890920669577874 0.011087609170305601
0 0.1643240538573508 0.5329159843522562 0.01876364628820959 0.00824463245997098
0 0.16844637008733626 0.5425821051673945 0.013930585880640473 0.007676037117903878
0 0.17143149563318777 0.5512531841339156 0.02046943231441048 0.011371906841339152
0 0.17043645378457062 0.5612036026200873 0.015636371906841334 0.00852893013100442
0 0.17214223981077148 0.5715804676128093 0.023596706695778763 0.00881322780203786
0 0.17498779296875003 0.58087158203125 0.020892803485576927 0.010094275841346145
0 0.17745267427884617 0.589557354266827 0.019249549278846145 0.008685772235576872
0 0.18003493088942307 0.59765625 0.021597055288461536 0.011737530048076983
0 0.1792133037860577 0.6092764047475963 0.016667292668269218 0.008685772235576983
0 0.1826171875 0.618549053485577 0.02206655649038461 0.009859525240384581
0 0.20546216643258425 0.5682441625702248 0.018104810393258425 0.008503774578651702
0 0.2050506934691011 0.579491090238764 0.020025017556179775 0.007955143960674094
0 0.20793100421348315 0.5893664413623596 0.02029933286516855 0.010149666432584303
0 0.20943973841292135 0.5975959006320225 0.01783049508426965 0.009052405196629199
0 0.21190857619382023 0.6065111481741573 0.01947638693820225 0.010972612359550604
0 0.2152003599016854 0.6162493416432584 0.01947638693820225 0.0106982970505618
0 0.21712056706460675 0.6257132198033708 0.018927756320224726 0.0098753511235955
0 0.36361062315088755 0.6064510909763314 0.014735114644970404 0.009245562130177576
0 0.44902012711864403 0.421875 0.011586334745762705 0.018869173728813582
0 0.5044690148305084 0.425681938559322 0.01986228813559332 0.011255296610169496
0 0.508938029661017 0.4440545550847458 0.017545021186440746 0.010924258474576287
0 0.44604078389830504 0.497020656779661 0.010262182203389869 0.018207097457627164
0 0.46573755296610164 0.49569650423728817 0.010593220338983078 0.018869173728813637
0 0.5221795550847458 0.5261520127118644 0.020855402542372836 0.010262182203389814
0 0.5255546278625954 0.5366123966284987 0.015406329516539419 0.007703164758269709
0 0.45098396501457727 0.5453660258746356 0.015374453352769712 0.009395499271137031
0 0.4502629843170271 0.5561170023133477 0.01108537096641582 0.008689908416782854
0 0.45316631169212696 0.5657406727379554 0.01262301703877794 0.009180376028202097
0 0.4552318962984724 0.5751505581668626 0.014000073443008243 0.008721357226792015
0 0.45649419800235014 0.5865112735017626 0.014229582843713284 0.011245960634547525
0 0.5271830934195065 0.5462323736780259 0.02065584606345483 0.009180376028202097
0 0.5277568669212691 0.5562160326086957 0.02318044947121034 0.008950866627497112
0 0.5294781874265571 0.5664292009400704 0.019737808460634554 0.008721357226792015
0 0.5295929421269095 0.5762981051703877 0.0213443742655699 0.00963939482961218
0 0.533838866039953 0.5852489717978848 0.019737808460634554 0.008721357226792015
0 0.5621807202320888 0.43279357971745713 0.019117368819374314 0.00867179616548941
0 0.554789984863774 0.41357766775983856 0.01813193743693242 0.011233917759838508
0 0.5727304128738622 0.39951438556566965 0.01777877113133941 0.01015929778933683
0 0.5550786329648895 0.4035781046814044 0.019048683355006535 0.010667262678803635
0 0.5557855702764978 0.394375240015361 0.01830117127496156 0.008100518433179715
0 0.643426246085595 0.38919379566805845 0.008562760960334037 0.017533272442588732
0 0.6539258220250521 0.38674729253653445 0.009174386743215024 0.016717771398747416
0 0.6635079592901878 0.3866453549060543 0.010397638308977109 0.016921646659707745
0 0.6729881589248434 0.3838930388830898 0.011824765135699411 0.018348773486430048
0 0.6815509198851775 0.38216009916492694 0.010601513569937437 0.020591401356993777
0 0.6925601839770354 0.3816504110125261 0.00978601252609601 0.020795276617954106
0 0.7020693945822455 0.38041571475195823 0.010964017624020883 0.019888218015665815
0 0.7210651925587468 0.3751886830939948 0.010199086161879922 0.01861333224543077
0 0.7676936053984575 0.4270264299485861 0.008033419023136257 0.016568926735218537
0 0.7821712853773586 0.44221698113207547 0.01763603436657679 0.008949629380053947
0 0.7871725488544474 0.45142983490566035 0.020268278301886822 0.010528975741239843
0 0.7900680171832883 0.4699871546495957 0.018162483153638775 0.010265751347708907
0 0.7914341517857143 0.47977120535714285 0.019252232142857206 0.008649553571428603
0 0.7917131696428572 0.48953683035714285 0.019810267857142905 0.006417410714285698
0 0.7904575892857143 0.5011160714285714 0.017857142857142794 0.008928571428571397
0 0.7924107142857143 0.5107421875 0.016741071428571397 0.008091517857142794
0 0.7962016528372591 0.5192301258029979 0.018611148286937884 0.01045570128479656
0 0.7986064641327624 0.5290584850107066 0.01714735010706636 0.009201017130620937
0 0.8000702623126339 0.5386777301927195 0.02091140256959323 0.01045570128479656
0 0.8026841876338331 0.5481924183618844 0.018611148286937884 0.008573675053533236
0 0.8065527971092077 0.5569752074411135 0.02091140256959312 0.009410131156316837
0 0.8062391260706638 0.5658625535331906 0.018611148286937884 0.008782789079229136
0 0.8071801391862955 0.5760045837794432 0.02174785867237694 0.01066481531049257
0 0.7751207280832095 0.6176808599554235 0.015671433878157504 0.008416140416047546
0 0.8354272735252809 0.7136312763342696 0.0106982970505618 0.0145387113764045
0 0.8450283093398876 0.7497037394662921 0.010149666432584303 0.0213965941011236
0 0.9041993505398112 0.4194764254385965 0.018714153171390024 0.009752446018893357
1 0.9080212550607287 0.36544260290148445 0.03426535087719296 0.015024038461538436
0 0.9684149050245098 0.44123870251225494 0.014839920343137303 0.016036688112745112
0 0.9778693704044118 0.4472225413602941 0.013164445465686292 0.018430223651960786
0 0.9845712699142157 0.4520096124387255 0.013164445465686181 0.014600566789215674
0 0.9906747855392157 0.45954924938725494 0.011488970588235392 0.015318627450980393
0 0.9644653048440979 0.46389546213808464 0.01326733017817372 0.0156597995545657
0 0.9746876739977728 0.46965913836302897 0.01370232461024501 0.018487263363028916
0 0.9819738307349666 0.4754228145879733 0.01348482739420942 0.01609479398663699
0 0.98955078125 0.4802734375 0.0146484375 0.017578125
0 0.9945384837962963 0.4863214270404664 0.00701678240740744 0.01563839591906724
0 0.9726515493381467 0.525031024368231 0.016217283393501813 0.015042117930204602
0 0.9815828068592056 0.5317294675090252 0.015277151022864088 0.015277151022864088
0 0.9882328072153325 0.5376048125704622 0.01453283540022543 0.014312640924464493
0 0.9709404205607477 0.557701356438214 0.00993801921079962 0.010140835929387304
0 0.9796615394600208 0.5490816458982347 0.011560552959501535 0.010749286085150578
0 0.9137461059190031 0.475966218847352 0.02129575545171336 0.010140835929387304
0 0.920236240913811 0.48448452102803735 0.019267588265835855 0.009329569055036346
0 0.9233799000519212 0.49361127336448596 0.018253504672897214 0.008518302180685389
0 0.9264221508307373 0.5050704179646937 0.017442237798546145 0.009938019210799509
0 0.9261179257528557 0.5158197040498442 0.01683378764278287 0.007504218587746636
0 0.9265235591900312 0.5253520898234684 0.019673221703011334 0.008721118899273073
0 0.9301742601246106 0.5347830672377987 0.019673221703011445 0.008923935617860868
0 0.9301742601246106 0.5440112279335411 0.016833787642782982 0.007504218587746525
0 0.9323038356697819 0.5528337551921081 0.018659138110072693 0.008923935617860868
0 0.93382496105919 0.5621633242471444 0.014805620456905477 0.00770703530633432
0 0.93720703125 0.5865234374999999 0.011132812499999978 0.014062499999999978
0 0.94306640625 0.59697265625 0.013085937499999978 0.018164062500000022
0 0.9620535714285714 0.60234375 0.01741071428571428 0.014955357142857229
0 0.9574776785714285 0.6143973214285714 0.018526785714285787 0.012723214285714324
0 0.9525669642857143 0.62421875 0.016741071428571397 0.012723214285714213
0 0.9947823660714286 0.6564453125 0.0065290178571428825 0.019140625000000022
0 0.9849609374999999 0.66025390625 0.009375000000000022 0.0185546875
0 0.7544642857142857 0.47470238095238093 0.009672619047619069 0.020089285714285754
0 0.8778572217314486 0.5037958259717314 0.010122202591283824 0.017943904593639592
0 0.8808478724970553 0.5264557567726738 0.011042402826855202 0.01771385453474672
0 0.88613902385159 0.5534866386925794 0.008281802120141402 0.019324204946996493
0 0.8908550500588928 0.5756864693757361 0.011732553003533486 0.020014355123674887
0 0.8981976074718526 0.6186228569600819 0.010795163766632587 0.01979113357215967
0 0.9024956819344934 0.6502087064994883 0.009395790685772787 0.01619274564994888
0 0.9080931742579326 0.6736981832139202 0.009395790685772787 0.01559301432958038
0 0.8327586786867598 0.696523479547901 0.009250538213132375 0.0172396393972013
0 0.8873548823155216 0.9068612833969465 0.010436545801526753 0.018139710559796463
0 0.7103097098214286 0.8159877232142857 0.015811011904761973 0.011858258928571397
0 0.7893518518518519 0.46036482445987653 0.020495756172839497 0.007535204475308643
