0 0.8017925768608415 0.9187272451456311 0.02085861650485432 0.01327366504854366
0 0.7853837985436893 0.9779704566140777 0.013510694781553423 0.009007129854368912
0 0.7844356796116505 0.9880442202669902 0.015880992111650505 0.009244159587378675
0 0.7800245562803398 0.995238072663835 0.014169637439320426 0.005617604672330079
0 0.8645311841273187 0.9920804568929174 0.01703138174536256 0.011932836214165188
0 0.833618781618887 0.986772765598651 0.02173798482293421 0.01317453625632381
0 0.9298396210013908 0.9881073974269818 0.01847183588317114 0.018743480528511824
0 0.9074289377607788 0.9707221401251738 0.01331058762169679 0.014940455493741345
0 0.8837422623801917 0.9536304412939298 0.014664037539936059 0.01466403753993617
0 0.1114972933070866 0.1356422244094488 0.018762303149606308 0.011687992125984259
0 0.10980561023622046 0.1451771653543307 0.017839566929133854 0.009842519685039353
0 0.10749876968503935 0.15455831692913385 0.018762303149606294 0.010150098425196846
0 0.10426919291338582 0.16455462598425197 0.022760826771653545 0.012303149606299218
0 0.10180856299212597 0.17578125 0.015378937007874016 0.009534940944881914
0 0.10088582677165353 0.1857775590551181 0.019685039370078747 0.00984251968503938
0 0.09750246062992125 0.1945435531496063 0.015378937007874016 0.008919783464566927
0 0.09627214566929133 0.20330954724409447 0.019069881889763773 0.008612204724409434
0 0.09350393700787402 0.21407480314960628 0.018454724409448828 0.00922736220472442
0 0.09088951771653542 0.2240711122047244 0.02183809055118109 0.010765255905511806
0 0.08535310039370078 0.24452509842519685 0.018454724409448828 0.00922736220472442
0 0.07868889435695538 0.264645874343832 0.018454724409448814 0.010508940288713908
0 0.07856073654855643 0.2843821768372703 0.017173146325459326 0.011021571522309703
0 0.15692934782608697 0.14540469720496896 0.01892468944099379 0.010432841614906846
0 0.15620147515527955 0.15668672360248448 0.021836180124223586 0.011160714285714274
0 0.17694584627329196 0.15025718167701865 0.02207880434782608 0.010918090062111807
0 0.175975349378882 0.16117527173913046 0.019167313664596286 0.010432841614906818
0 0.15341129658385097 0.16578513198757766 0.02013781055900621 0.010918090062111807
0 0.17330648291925468 0.17003105590062115 0.01965256211180122 0.00970496894409939
0 0.15171292701863356 0.17633928571428575 0.017711568322981375 0.009704968944099363
0 0.17027368012422361 0.18070652173913046 0.018924689440993764 0.00776397515527949
0 0.14673913043478265 0.18616556677018636 0.01746894409937888 0.009947593167701885
0 0.16748350155279507 0.1908967391304348 0.02013781055900621 0.010190217391304351
0 0.1455260093167702 0.19696234472049692 0.01892468944099379 0.011160714285714302
0 0.16493594720496896 0.20023777173913046 0.01795419254658384 0.010432841614906818
0 0.14228515625 0.20664062500000002 0.017773437500000017 0.008203125000000006
0 0.16123046875000002 0.20966796875 0.018945312500000006 0.010351562499999994
0 0.141796875 0.215234375 0.016796875000000017 0.009765625
0 0.15966796875 0.21806640625 0.020117187500000022 0.009570312499999983
0 0.1375 0.22578125 0.017578125 0.011328124999999994
0 0.15859375 0.22900390625 0.01835937500000001 0.009960937499999989
0 0.13388671875 0.23583984375 0.02011718750000001 0.012304687500000022
0 0.15302734375 0.23935546875 0.019726562500000017 0.0107421875
0 0.1326171875 0.24560546875 0.020312499999999983 0.0107421875
0 0.1517578125 0.25078125 0.01953125 0.010156250000000006
0 0.13251953125 0.25634765625 0.019726562500000017 0.010351562500000022
0 0.15029296875 0.260546875 0.01933593750000001 0.01171875
0 0.1283203125 0.2669921875 0.01953125 0.012890624999999989
0 0.147265625 0.26982421875 0.018750000000000017 0.0107421875
0 0.144921875 0.27958984375 0.01874999999999999 0.010351562500000022
0 0.12265625 0.28447265625 0.016406249999999997 0.010351562500000022
0 0.14326171875 0.28837890624999996 0.019335937499999983 0.011523437500000011
0 0.13837890625 0.29853515625 0.021679687500000017 0.0107421875
0 0.1365234375 0.30859375 0.022656250000000017 0.01171875
0 0.13388671875 0.31796875 0.02011718750000001 0.009765625
0 0.12294921875 0.36894531249999996 0.02089843749999999 0.012500000000000011
0 0.21782232246798602 0.1610930224097788 0.017735011641443532 0.01114122526193248
0 0.21202724898921832 0.18122999494609165 0.01605668800539084 0.009739302560646895
0 0.20689437331536387 0.19926086590296496 0.022110849056603793 0.01210832210242585
0 0.2049201903638814 0.20965822944743934 0.018688931940700815 0.011318648921832902
0 0.2026827830188679 0.2203407527515723 0.018425707547169823 0.008905758647798745
0 0.2011473073899371 0.23047489190251572 0.017197327044025157 0.010134139150943411
0 0.20068666470125784 0.24091612617924527 0.016276041666666657 0.009519948899371078
0 0.1951589524371069 0.2501289799528302 0.01873280267295596 0.010134139150943411
0 0.19500540487421383 0.2608773093553459 0.016583136792452824 0.009519948899371078
0 0.1900918828616352 0.2685546875 0.017811517295597462 0.010748329402515744
0 0.18932414504716982 0.279763659591195 0.016276041666666657 0.007984473270440218
0 0.18609964622641506 0.2898977987421384 0.01412637578616352 0.008598663522012606
0 0.18272159984276728 0.2991106525157233 0.016583136792452824 0.011055424528301883
0 0.18241450471698112 0.3087841489779874 0.01596894654088049 0.008905758647798745
0 0.17903645833333331 0.31876474056603776 0.018425707547169795 0.01044123427672955
0 0.16951650943396226 0.35807291666666663 0.01781151729559749 0.008598663522012606
0 0.15523658608490565 0.4174958235062893 0.017504422169811323 0.011976709905660354
0 0.1513978970125786 0.4340789602987421 0.015354756289308158 0.010134139150943411
0 0.14771275550314467 0.4520440251572327 0.01596894654088052 0.009827044025157217
0 0.19394874830852504 0.38516470737483083 0.01850050744248985 0.009250253721244883
0 0.24365989803094232 0.366176599859353 0.017031469760900142 0.010438642756680716
0 0.25286238572433195 0.3273063906469761 0.01675676863572434 0.009065137130801704
0 0.24764306434599154 0.3481836761603375 0.015657964135021074 0.011262746132208179
0 0.21495363045007032 0.2865132735583685 0.017306170886075944 0.011537447257383926
0 0.2186620956399437 0.27689873417721517 0.0153832630098453 0.009339838255977506
0 0.22346936533052036 0.26700949367088606 0.021151986638537262 0.010988045007032321
0 0.22429346870604783 0.25560939697609 0.020602584388185657 0.009614539381153253
0 0.22580432489451474 0.24723101265822783 0.020327883263009855 0.010988045007032321
0 0.22855133614627282 0.23541886427566805 0.018679676511954985 0.011537447257383954
0 0.23225980133614627 0.22525492264416314 0.01785557313642755 0.011537447257383981
0 0.2334959563994374 0.2171512394514768 0.017031469760900142 0.009065137130801676
0 0.23569356540084385 0.20684994725738398 0.01648206751054851 0.010988045007032349
0 0.2526811293727382 0.13464546893848006 0.01578520808202652 0.01248680639324487
0 0.250207328106152 0.1453652744270205 0.017434408926417372 0.011308805790108567
0 0.24855812726176113 0.15714528045838358 0.019790410132690006 0.010366405307599524
0 0.2426681242460796 0.17752469089264172 0.018376809408926387 0.011073205669481306
0 0.29990234375 0.12939453125 0.018945312500000033 0.010351562500000008
0 0.2992334905660377 0.1384384827044025 0.018671383647798745 0.011546776729559727
0 0.3174135220125786 0.1324194182389937 0.01572327044025157 0.01080974842767296
0 0.31839622641509435 0.1427378144654088 0.01916273584905659 0.009335691823899372
0 0.2961625393081761 0.1481426886792453 0.0208824685534591 0.011792452830188677
0 0.3175363600628931 0.15330188679245282 0.021865172955974843 0.010318396226415089
0 0.3128685141509434 0.16374312106918237 0.016460298742138335 0.007615959119496835
0 0.29247739779874216 0.15784689465408805 0.020391116352201255 0.012038128930817626
0 0.29210888364779874 0.16779677672955975 0.020145440251572333 0.01080974842767296
0 0.3111487814465409 0.1725874606918239 0.017443003144654134 0.00909001572327045
0 0.29014347484276726 0.17836084905660377 0.019162735849056645 0.010318396226415089
0 0.3110259433962264 0.18266018081761004 0.015231918238993725 0.009090015723270423
0 0.289529284591195 0.18769654088050314 0.018425707547169823 0.008844339622641528
0 0.3067266116352201 0.19236438679245282 0.016460298742138335 0.009827044025157217
0 0.2871953616352201 0.19764642295597484 0.020636792452830177 0.009581367924528295
0 0.3046383647798742 0.2030512971698113 0.018671383647798745 0.01056407232704401
0 0.3009532232704403 0.21177279874213834 0.018180031446540845 0.010318396226415089
0 0.2828960298742138 0.20747346698113206 0.018425707547169823 0.011055424528301883
0 0.2809306210691824 0.2165634827044025 0.017934355345911923 0.011055424528301883
0 0.27699980345911945 0.22982999213836477 0.018425707547169823 0.00909001572327045
0 0.2701208726415094 0.24665880503144655 0.01989976415094341 0.009827044025157244
0 0.26827830188679247 0.2568543632075472 0.017688679245283 0.00909001572327045
0 0.266312893081761 0.2668042452830189 0.02112814465408802 0.009827044025157217
0 0.26459316037735847 0.276876965408805 0.022110849056603765 0.01130110062893086
0 0.2868268474842767 0.2828960298742138 0.018425707547169767 0.012038128930817626
0 0.3209758254716981 0.31151729559748426 0.014003537735849059 0.009827044025157217
0 0.3319084119496855 0.2736831761006289 0.015231918238993725 0.009827044025157217
0 0.34529775943396224 0.22221403301886794 0.021865172955974843 0.013512185534591187
0 0.34456073113207547 0.2115271226415094 0.017934355345911923 0.011301100628930832
0 0.36593455188679247 0.1349990172955975 0.01940841194968551 0.00909001572327045
0 0.36286360062893086 0.14249213836477986 0.017197327044025157 0.010318396226415089
0 0.3593012971698113 0.15207350628930816 0.01989976415094341 0.011792452830188677
0 0.35979264937106914 0.16374312106918237 0.018917059748427667 0.01056407232704401
0 0.3572130503144654 0.17504422169811318 0.017688679245283 0.010072720125786166
0 0.3521766902515723 0.18364288522012578 0.018917059748427667 0.010564072327044038
