0 0.04268270881006865 0.04134189073226545 0.014748998855835242 0.018324513729977114
0 0.36841418429844097 0.03281597995545659 0.012179844097995551 0.0213147271714922
0 0.6196120689655172 0.19072051332288403 0.01346982758620685 0.02020474137931036
0 0.7042857719638242 0.23795825258397935 0.019682655038759655 0.019682655038759683
0 0.7925404331140351 0.28926809210526316 0.012421189692982448 0.014134457236842146
0 0.8004642955043859 0.29569284539473684 0.01370614035087725 0.013277823464912297
0 0.7398804530201343 0.441886884787472 0.012671280760626402 0.0196623322147651
0 0.9472340502309469 0.42061200923787534 0.01804272517321015 0.012178839491916837
0 0.9120725235849056 0.591618759827044 0.016583136792452824 0.008905758647798745
0 0.9346440153301887 0.5989890428459119 0.018118612421383573 0.011362519654088077
0 0.8260340778374233 0.7235848830521472 0.00988544861963192 0.017074865797545913
0 0.838615557898773 0.7241840011503067 0.009286330521472319 0.014678393404907952
0 0.921593414493865 0.6759549942484662 0.014079275306748462 0.00928633052147243
0 0.6950000000000001 0.53734375 0.009375000000000022 0.020312499999999956
0 0.684375 0.53953125 0.0068750000000000755 0.015312500000000062
0 0.7625734302773498 0.6683780335130971 0.010833975346687286 0.015649075500770437
0 0.6089416409861326 0.5997628563174114 0.011736806625577856 0.01926040061633283
0 0.7177165661397671 0.4193856593178037 0.01657393926788686 0.013974105657237945
0 0.5685487877583466 0.47337663950715425 0.00931538155802858 0.01769922496025439
0 0.5412220042113323 0.6285592936447166 0.011066711332312407 0.01764691807044405
0 0.5626076761102603 0.570085183767228 0.009571209800918856 0.017347817764165385
0 0.9333430109797298 0.5877520586993243 0.02045502533783783 0.009567673141891886
0 0.4580792682926829 0.5851117886178862 0.011115345528455278 0.018737296747967536
0 0.38805259146341464 0.5581173780487805 0.01143292682926833 0.017466971544715437
0 0.3915459857723577 0.5357278963414633 0.010162601626016232 0.01651422764227639
0 0.3271484375 0.561642530487805 0.011194740853658514 0.016673018292682973
0 0.31404820884146345 0.5710508765243902 0.009765625 0.01595846036585369
0 0.16696068548387097 0.5897177419354839 0.013230846774193561 0.009450604838709742
0 0.04387243470149253 0.466855177238806 0.007287779850746266 0.017782182835820948
0 0.6639712324766355 0.014602803738317757 0.010039427570093462 0.013994353582554516
0 0.9777975643382353 0.2170840992647059 0.015222886029411797 0.008616727941176489
0 0.9801739386792453 0.035856426886792435 0.01842570754716988 0.018794221698113206
0 0.8880876068376069 0.12979099893162394 0.014189369658119677 0.017528044871794865
1 0.018229166666666664 0.39973958333333337 0.02690972222222222 0.013020833333333315
0 0.5633294476327115 0.7065212517934003 0.01989553443328551 0.013730720946915409
0 0.014914029811715482 0.6660237970711297 0.021655988493723848 0.011440899581590003
0 0.16771732731554162 0.7545746664050235 0.009811616954474106 0.016557103610674972
0 0.12617126177394034 0.7703652374411303 0.018703394819466243 0.011344682103610726
0 0.12111214678178964 0.7852359693877551 0.019010007849293575 0.009198390894819441
0 0.1298922936893204 0.7385846480582525 0.008217030744336551 0.01769822006472499
0 0.062081215341959345 0.855605938077634 0.01877310536044361 0.010108595194085024
0 0.13591006238447323 0.8673391289279113 0.019134126617375208 0.011191658964879836
0 0.15215601894639558 0.8884588724584104 0.01769004158964879 0.010108595194085024
0 0.3707434819688109 0.7217729653996101 0.019036306042884976 0.010660331384015564
0 0.41300408138401556 0.787828947368421 0.009137426900584777 0.018655579922027266
0 0.28735632183908044 0.8133210180623973 0.016676929392446638 0.008338464696223347
0 0.3640060550082102 0.8603050595238095 0.018601190476190466 0.012507697044334964
0 0.3412718413978495 0.9561611943164363 0.021301363287250352 0.00960061443932414
0 0.33887168778801846 0.9666618663594471 0.018901209677419373 0.009000576036866326
0 0.3902999628528975 0.928497631872214 0.01915397473997027 0.010157410846953874
0 0.4210624071322437 0.8795969539375929 0.00986719910846956 0.01915397473997027
0 0.4476054481546573 0.8972704305799648 0.016476274165202087 0.01647627416520203
0 0.4333603361159929 0.867063927943761 0.00926790421792617 0.014416739894551833
0 0.5933174978031635 0.8251867311072056 0.011327438488576536 0.01990883128295262
0 0.7050472319859402 0.9127169376098417 0.01990883128295251 0.010984182776801354
0 0.7119123462214411 0.9281634446397187 0.014416739894551833 0.009611159929701185
0 0.710882579086116 0.9415504173989455 0.008238137082601016 0.013043717047451664
0 0.6144066355224964 0.9904002063679245 0.013374228955007283 0.015293337264150941
0 0.7433305052790347 0.9734045060331825 0.012078148567119196 0.02268335218702866
0 0.8704456542232277 0.9648614253393666 0.016496983408748167 0.01561321644042235
0 0.9555818721719458 0.865290346907994 0.015318627450980338 0.01679157239819007
0 0.8435797629564192 0.924787433745583 0.020704505300353393 0.011962603062426358
