0 0.04246928673664124 0.01563245467557254 0.008200143129770993 0.01341841603053435
0 0.06278327767175573 0.006314110209923685 0.017518487595419838 0.00969107824427481
0 0.14236193940839698 0.024018964694656506 0.012672948473282458 0.014536617366412215
0 0.17758528148854963 0.006314110209923684 0.007827409351145037 0.011182013358778626
0 0.09278834685114505 0.12838442270992367 0.017145753816793896 0.011554747137404564
0 0.04712845896946567 0.1298753578244275 0.010809279580152674 0.015282084923664119
0 0.09808809673366832 0.10332260259631489 0.01832077051926298 0.011123324958123959
0 0.13104772126816383 0.22767193692206078 0.018060601056803183 0.013158437912813736
0 0.3148013051782682 0.24350726867572153 0.008953204584040753 0.014922007640067902
0 0.3337025148556876 0.2386990662139219 0.010942805602716488 0.017906409168081505
0 0.33719044811320753 0.3029493415880503 0.019654088050314433 0.011976709905660354
0 0.05400485436893207 0.09875606796116507 0.010239684466019416 0.009481189320388342
0 0.5321121903153154 0.19911317567567566 0.016715934684684686 0.009970908408408391
0 0.4809379692192192 0.13679499812312312 0.018182244744744724 0.017302458708708723
0 0.611444729477612 0.12651585820895522 0.01953125 0.008745335820895539
0 0.5973334194214877 0.044808884297520654 0.020983987603305776 0.012267561983471072
0 0.45284310567010305 0.01651095360824742 0.014094716494845394 0.017719072164948453
0 0.7305947580645161 0.11546538978494628 0.008820564516129004 0.02016129032258064
0 0.9475386424731183 0.010878696236559177 0.011760752688172005 0.020161290322580645
0 0.8244707661290323 0.16502856182795703 0.020161290322580627 0.014280913978494625
0 0.8227906586021505 0.20745127688172044 0.010080645161290258 0.01932123655913978
0 0.8127100134408602 0.20913138440860218 0.010920698924731131 0.017641129032258063
0 0.7219842069892473 0.2973370295698925 0.019321236559139754 0.009240591397849496
0 0.78052769045858 0.37791235207100593 0.019935743343195256 0.00982340976331364
0 0.9585233369098713 0.07374932939914164 0.01592677038626611 0.015926770386266095
0 0.7784866608216432 0.3898186998997996 0.012525050100200441 0.016439128256513058
0 0.7925253791585127 0.4305665973581213 0.017964163405088107 0.01031983855185914
0 0.5907231049004594 0.3074751148545176 0.023329823889739698 0.0095712098009188
0 0.3519117814781022 0.247840157390511 0.008910241788321172 0.01318715784671537
0 0.0621646743222892 0.258800828313253 0.019119446536144585 0.012942394578313254
0 0.030910326086956524 0.19938858695652173 0.00815217391304348 0.010869565217391297
0 0.31716286599099097 0.39216462556306303 0.014076576576576572 0.01627604166666663
0 0.2946626106194691 0.3976769911504425 0.008642146017699137 0.01762997787610615
0 0.07023261758691204 0.3624025434560327 0.016775306748466258 0.010784125766871155
0 0.39282522746967063 0.43886075606585784 0.01590933708838821 0.016586330155979212
0 0.44924444901315785 0.4444258840460526 0.017025596217105254 0.012528268914473673
0 0.5969749273255814 0.5933412063953489 0.011355377906976827 0.016805959302325646
0 0.7400526889534884 0.6560228924418605 0.014989098837209225 0.010446947674418672
0 0.8806322674418605 0.5590479651162791 0.009992732558139483 0.014534883720930258
0 0.10128021240234375 0.5380630493164062 0.0125885009765625 0.0186920166015625
0 0.18634796142578125 0.5132675170898438 0.0125885009765625 0.0186920166015625
0 0.3230390100671141 0.5812709731543624 0.00983116610738255 0.015074454697986517
0 0.3284461514261745 0.5933960780201343 0.010814282718120793 0.015729865771812124
0 0.3367339199029126 0.6642141990291262 0.015928398058252413 0.010239684466019416
0 0.5164643595041323 0.6754584194214877 0.013558884297520613 0.017755681818181768
0 0.5100980718085106 0.6977227393617021 0.014544547872340496 0.014960106382978733
0 0.6133643617021276 0.7525764627659575 0.009973404255319118 0.0166223404255319
0 0.7484899161341854 0.725245856629393 0.019968051118210872 0.013416034345048011
0 0.7562899361022365 0.7863980131789138 0.009360023961661357 0.022152056709265233
0 0.45989673442906576 0.5622837370242215 0.012840614186851174 0.008785683391003496
0 0.038724922839506154 0.4836033950617284 0.008198302469135804 0.015432098765432056
0 0.5391882376609443 0.26424188572961377 0.008801636266094426 0.015507644849785396
0 0.7888079573934836 0.755032111528822 0.015174655388471181 0.017132675438596534
0 0.5775259322478992 0.9818966649159664 0.01682313550420167 0.010668329831932777
0 0.668617056197479 0.962201286764706 0.02092633928571419 0.011488970588235281
0 0.8446112204724409 0.9519562007874015 0.01845472440944884 0.007997047244094446
0 0.9236589566929132 0.9559547244094487 0.019069881889763773 0.008612204724409489
0 0.0067419586820083675 0.6946260460251046 0.011032296025104603 0.019612970711297084
0 0.05843030857740585 0.7612284257322175 0.02288179916317991 0.010623692468619272
0 0.08131210774058577 0.7632714435146444 0.02124738493723849 0.008989278242677812
0 0.07845188284518828 0.9201752092050208 0.01797855648535565 0.010623692468619272
0 0.07947339173640167 0.9440785172594142 0.02002157426778242 0.010215088912133963
0 0.21081637596899225 0.8590191981589147 0.015140503875968991 0.015519016472868241
0 0.27094249001996007 0.9833847929141717 0.014814121756487053 0.012864895209580895
0 0.20409766404690619 0.9904234499750499 0.00977342190618763 0.015246850049900118
0 0.26943925498188404 0.9188887001811594 0.01238394474637683 0.016983695652173947
0 0.4169851109601449 0.9498485620471013 0.01238394474637683 0.016629868659420288
0 0.34922724184782605 0.8879288383152173 0.013445425724637694 0.013799252717391353
0 0.3615517652671756 0.7737953244274809 0.007951653944020365 0.01689726463104324
0 0.05837753690036901 0.957463676199262 0.00864852398523986 0.019459178966789725
0 0.3591466725908373 0.9416901165086887 0.02098143759873622 0.013576224328593955
0 0.8520447530864197 0.7230420524691357 0.019290123456790154 0.008198302469135776
