0 0.12904575892857142 0.01999627976190476 0.01534598214285715 0.013950892857142856
0 0.025221836419753067 0.21595293209876543 0.015914351851851853 0.01157407407407407
0 0.08112589518229167 0.1739501953125 0.011698404947916657 0.0152587890625
0 0.324249267578125 0.031789143880208336 0.018819173177083315 0.015767415364583332
0 0.04007407868525896 0.3923758092629482 0.01322833665338645 0.017508092629482053
0 0.049800796812749 0.41085657370517925 0.014784611553784861 0.015562749003984022
0 0.030152826195219123 0.4017134586653386 0.012061130478087649 0.01672995517928283
0 0.03518978004291847 0.42225221298283266 0.0125737660944206 0.00880163626609437
0 0.21720785320641284 0.4428544589178357 0.02191883767535069 0.01369927354709416
0 0.4316033516221375 0.27375059637404586 0.01267294847328243 0.02199129293893126
0 0.3979743428411633 0.3466338087248322 0.019225391498881417 0.013545162192393712
0 0.5048063478747203 0.3499108640939597 0.011797399328859093 0.013982102908277394
0 0.44219198994252873 0.3894351652298851 0.021701388888888895 0.014218151340996188
0 0.5123411744505495 0.3805231227106227 0.012520032051282048 0.017885760073260093
0 0.5126988896520147 0.45009872939560436 0.016097184065934078 0.02110519688644691
0 0.5184223328754578 0.4967805631868132 0.01895890567765568 0.010016025641025716
0 0.43351416595925296 0.6266712648556876 0.01624840831918506 0.012600806451612878
0 0.4396996359223301 0.45676577669902907 0.01782463592233008 0.011756674757281538
0 0.4461429625984251 0.5919352854330708 0.00768946850393698 0.02060777559055116
0 0.2470113255033557 0.5589869966442953 0.017696098993288584 0.015074454697986517
0 0.3693869338365897 0.7587977353463587 0.016651865008880995 0.012141984902309
0 0.19870038507109006 0.5550762736966823 0.012959123222748808 0.016661729857819885
0 0.17478771721958924 0.5499851895734597 0.016353179304897325 0.018204482622432794
0 0.0554023220887246 0.6337583756931608 0.015523914048059147 0.019856169131238444
0 0.04475219500924216 0.6176929297597042 0.015162892791127543 0.016606977818854007
0 0.10847244685767099 0.48483710720887246 0.010469616451016642 0.016606977818854007
0 0.16016993213660244 0.6181794549036779 0.01334008318739055 0.01812883099824869
0 0.08775531814759041 0.6826642507530121 0.015589702560240962 0.015295557228915735
0 0.08300369198312238 0.7927627241561181 0.011949498945147685 0.009889240506329111
0 0.046543768274853806 0.9655690332602339 0.012563961988304097 0.015133863304093609
0 0.20502804487179485 0.8729717548076923 0.01752804487179488 0.011268028846153855
0 0.24892769607843135 0.8270143995098038 0.010723039215686292 0.017999387254902022
0 0.12619100513428122 0.7801639020537124 0.012959123222748808 0.009565067140600236
0 0.38587161144578314 0.7194324171686748 0.009412650602409589 0.015295557228915624
0 0.08468293795620438 0.979698905109489 0.018248175182481743 0.012545620437956151
0 0.5260066473105135 0.1420671607579462 0.01480363691931541 0.010983343520782396
0 0.8448350694444444 0.017361111111111112 0.01171875 0.013020833333333332
0 0.84765625 0.044921875 0.02083333333333326 0.015190972222222224
0 0.8177083333333333 0.07747395833333334 0.01215277777777779 0.01692708333333333
0 0.6210044178794178 0.19667684511434513 0.019896699584199595 0.010963487525987525
0 0.6242528586278586 0.20784336018711022 0.011775597713097774 0.008121101871101877
0 0.7083053916309012 0.2774443401287554 0.01089726394849777 0.014250268240343311
0 0.5252153993435448 0.13159874179431075 0.018804704595186017 0.011966630196936529
0 0.5553456646608315 0.115144625273523 0.017522565645514243 0.0098297319474836
0 0.6211621307439824 0.16664387308533918 0.02008684354485779 0.015385667396061259
0 0.6431021341463414 0.44838509908536583 0.013497205284552893 0.017863948170731725
0 0.6206729547764227 0.4626762576219512 0.02103976117886186 0.009924415650406526
0 0.611925656392694 0.4823118816590563 0.013972127092846232 0.009810216894977186
0 0.6224790715372908 0.4793390886605784 0.007729261796042608 0.013972127092846287
0 0.6108851788432268 0.4909329813546423 0.01605308219178081 0.01040477549467278
0 0.8651069972826086 0.470412986865942 0.010614809782608647 0.01946048460144928
0 0.8864567454268293 0.5723489900914633 0.011016101371951303 0.01875714557926822
0 0.9025342987804877 0.5988471798780488 0.01875714557926833 0.01220703125
0 0.571196933962264 0.6180801231656183 0.018835167714884693 0.013512185534591103
0 0.531005859375 0.6226912788722826 0.01220703125 0.014064622961956541
0 0.7446052949709865 0.4421920333655706 0.013600096711798848 0.01624455996131524
0 0.7634943181818181 0.8403726426499033 0.010577852998065684 0.01775568181818188
0 0.7845570841633465 0.645465014940239 0.012061130478087656 0.010115786852589626
0 0.9796006944444444 0.6429880401234567 0.00723379629629628 0.01302083333333337
0 0.6597107306517311 0.7368810463340122 0.00914905804480659 0.01471804989816694
0 0.5358626994680851 0.6667636303191489 0.017869015957446832 0.014544547872340385
0 0.5295850409836065 0.9764024077868851 0.010245901639344246 0.016329405737704916
0 0.7591392506765899 0.9515445280784844 0.01982197225981064 0.012421769282814576
0 0.7995760740866036 0.9267009895128553 0.00819308186738843 0.01823621447902568
0 0.7137968488274706 0.8781930485762144 0.01635783082077047 0.008178915410385179
0 0.6928812240663901 0.9607267894190872 0.01512793914246191 0.012696663208851988
0 0.8765776279391425 0.8792790456431536 0.0194502074688796 0.008644536652835488
0 0.7290774031296572 0.49592492548435174 0.009314456035767416 0.00989660953800292
0 0.8218895574534161 0.6397697496118012 0.008491847826086918 0.010008249223602439
0 0.8338691284937888 0.636433666537267 0.006975446428571397 0.011827930900621175
0 0.2859362213584288 0.9367647810965629 0.014384717675941072 0.012466755319148981
0 0.9166107832618026 0.6754040370171674 0.016765021459227425 0.011316389484978484
0 0.6048619538834952 0.7726790048543689 0.015169902912621325 0.009481189320388328
0 0.5970674402573529 0.946044921875 0.010770909926470562 0.014361213235294046
0 0.7380491955445545 0.7537128712871287 0.016630569306930743 0.007735148514851575
