0 0.14368665540540537 0.01395089285714286 0.019606660231660217 0.01131153474903475
0 0.00974304552023121 0.1881209356936416 0.011854226878612716 0.016370122832369938
0 0.28380318147590367 0.14408414909638556 0.013530685240963847 0.01529555722891568
0 0.4913708917025862 0.05633755387931031 0.01810008081896547 0.00841864224137931
0 0.2724061200623701 0.11952637733887739 0.015430093555093505 0.01096348752598754
0 0.4260577986725663 0.05034050055309734 0.014691648230088505 0.0116668971238938
0 0.3519523893596987 0.04482256355932207 0.008827683615819204 0.013977165725047085
0 0.3640097690941385 0.19142012655417406 0.023243228241563052 0.011101243339253997
0 0.3437153086145648 0.21761212255772647 0.02081483126110123 0.011448157193605701
0 0.27693439165186495 0.1882979018650089 0.010060501776198938 0.011795071047957378
0 0.2745059946714032 0.162626276642984 0.010754329484902292 0.011101243339253997
0 0.6022626768867925 0.10568985849056603 0.015846108490566002 0.009581367924528295
0 0.6477741745283019 0.1180350825471698 0.016951650943396235 0.017320165094339604
0 0.6794663915094339 0.15912441037735847 0.00958136792452835 0.018425707547169823
0 0.8001547759433962 0.18197228773584906 0.012897995283018826 0.019162735849056617
0 0.6555569556451613 0.05339591733870967 0.012600806451612878 0.014805947580645164
0 0.8177923387096775 0.06961945564516128 0.011340725806451624 0.01827116935483871
0 0.8192608173076923 0.13494009770471468 0.01114686724565761 0.014539392059553347
0 0.7715162888071896 0.23440691380718953 0.013722937091503185 0.013084660947712407
0 0.714097860678925 0.29736673444130124 0.012155233380480857 0.01408902050919375
0 0.7268943274962743 0.23526569485842025 0.01484491430700452 0.015427067809239942
0 0.5125200320512819 0.19651442307692307 0.01602564102564108 0.013521634615384609
0 0.5058844150641025 0.20502804487179485 0.014773637820512775 0.012019230769230782
0 0.46086303076256496 0.21663778162911612 0.01726332322357016 0.008800909878682844
0 0.6691750919117647 0.3124425551470588 0.011488970588235392 0.013212316176470562
0 0.5416475183823529 0.33269186580882354 0.014361213235294157 0.0146484375
0 0.5524184283088235 0.33757467830882354 0.018095128676470562 0.01694623161764708
0 0.6840855953467153 0.3914732550182482 0.017464073905109512 0.018176893248175174
0 0.6862240533759124 0.3684848312043796 0.018889712591240837 0.021384580291970823
0 0.5686882691062176 0.37552623056994816 0.015685718911917168 0.013914750647668395
0 0.33312585851648346 0.2900211767399267 0.01681261446886445 0.009300595238095233
0 0.2348352033660589 0.4142597300140253 0.016161903927068733 0.008491847826086973
0 0.2984448014018692 0.43732354945482865 0.01399435358255452 0.00882252725856697
0 0.1353089238556338 0.5431269256161972 0.018224581866197187 0.008596500880281632
0 0.3285200140449438 0.3974280196629213 0.015361657303370801 0.008339185393258453
0 0.22737630208333334 0.5196668836805556 0.01718026620370372 0.00859013310185186
0 0.1142274844720497 0.6291973990683231 0.01577057453416149 0.01779244306418215
0 0.1471839415113872 0.6554816899585921 0.01698369565217392 0.020218685300207095
0 0.040957114835948646 0.6033512393009985 0.017274429386590587 0.014209611269614841
0 0.024282711988304086 0.6378228557504872 0.012944688109161794 0.012563961988304118
0 0.2016241086409396 0.8970152579697988 0.01802380453020133 0.01933462667785235
0 0.2438981229026846 0.8681771707214765 0.01933462667785238 0.015402160234899376
0 0.3105861996644296 0.912417418204698 0.015729865771812068 0.018679215604026744
0 0.8385416666666667 0.18146595528455287 0.011115345528455278 0.0155614837398374
0 0.8970625564079422 0.18332581227436823 0.015864733754512694 0.009871389891696752
0 0.8921821611617313 0.5771907033029613 0.012902192482915686 0.010232773348519353
0 0.9928905155812324 0.7158230479691876 0.01031271883753504 0.01366640406162467
0 0.7679963617463618 0.8522527936590436 0.009339267151767139 0.016242203742203754
0 0.8282955431392931 0.957827117983368 0.014617983367983367 0.01380587318087323
0 0.758454067047817 0.8918431652806653 0.01299376299376298 0.010151377338877388
0 0.7446481938669438 0.899558212058212 0.01299376299376298 0.00852715696465689
0 0.5343116554054054 0.6417132276507276 0.01380587318087323 0.015836148648648574
0 0.48618071933962265 0.6809404481132075 0.016583136792452824 0.016951650943396235
0 0.47659935141509435 0.6873894457547169 0.01732016509433959 0.01953125
0 0.3692427491830065 0.7976856107026143 0.014680351307189532 0.01116983251633985
0 0.3776999080882353 0.840609681372549 0.017552593954248352 0.008297589869280975
0 0.35831690630797774 0.7496666280148423 0.007247217068645673 0.015943877551020447
0 0.8670744801084991 0.1109007685352622 0.011301989150090397 0.016952983725135623
0 0.2505212520096463 0.5431759947749195 0.013188303858520906 0.011932274919614128
