0 0.8424718081039755 0.43661601681957185 0.0185158639143731 0.01911314984709478
0 0.8302274464831805 0.444679376911315 0.016724006116207946 0.014932148318042793
0 0.8854763952599388 0.4351228019877676 0.020905007645259932 0.016126720183486265
0 0.8965261850152906 0.4503535932721713 0.02030772171253814 0.014334862385321057
0 0.8848791093272171 0.6537294533639144 0.017321292048929626 0.013737576452599431
0 0.7119076797385622 0.7320133782679739 0.019786560457516367 0.01659517973856217
0 0.5816993464052287 0.7782883986928104 0.02106311274509809 0.01723345588235292
0 0.4782986111111111 0.8271165236928104 0.018510008169934644 0.015318627450980338
0 0.4342575571895425 0.8076491013071896 0.022339665032679756 0.013403799019607754
0 0.15213950163398693 0.9391339869281046 0.024892769607843146 0.014680351307189587
0 0.7498851102941176 0.8213720383986929 0.010212418300653558 0.02170138888888895
0 0.8130744485294117 0.7865859885620915 0.01021241830065367 0.018510008169934533
0 0.8242442810457516 0.7891390931372548 0.013403799019607865 0.01723345588235292
0 0.9441124608150471 0.7913523706896552 0.019592476489028177 0.01653115203761757
0 0.9722766457680251 0.8063528605015674 0.01591888714733547 0.020817006269592486
0 0.9386020768025078 0.822884012539185 0.012245297805642652 0.019592476489028288
0 0.32356770833333337 0.9899088541666667 0.020833333333333315 0.01497395833333337
1 0.7925329930278884 0.5727091633466135 0.035016185258964105 0.02956922310756971
1 0.8073176045816732 0.5104581673306773 0.039685009960159334 0.03579432270916333
