1 0.2981405763239875 0.684354312694704 0.010952102803738317 0.025250681464174418
0 0.00724192415730337 0.39984199438202245 0.01448384831460674 0.011411516853932602
0 0.16506947448096887 0.43810148140138405 0.009123594290657427 0.017909277681660896
0 0.02196420847750865 0.41377189662629754 0.010813148788927335 0.013854346885813162
1 0.2515388257575758 0.24111088564213567 0.024519751082251073 0.034665854978354976
1 0.2668988997113997 0.23392406204906208 0.033256673881673915 0.05185786435786435
0 0.12996078897338403 0.6618717324144487 0.009654230038022793 0.013738711977186235
0 0.05459650582362729 0.5445026518302829 0.013649126455906824 0.010724313643926786
0 0.045659577787021635 0.5584767574875209 0.010724313643926793 0.01657393926788686
0 0.00552297557840617 0.569745139781491 0.01104595115681234 0.010292818123393332
1 0.15793788580246915 0.6947889109347443 0.022390321869488528 0.016534391534391513
0 0.2261422508818342 0.7235518628747796 0.016189925044091696 0.012056327160493874
0 0.23716517857142858 0.716834766313933 0.018256723985890677 0.013778659611992983
0 0.1987080580667594 0.5275339012517386 0.014940455493741317 0.01140907510431155
0 0.29405728410740206 0.6014831277213353 0.0178587626995646 0.011905841799709771
0 0.21987371575342468 0.7046767979452055 0.01658818493150685 0.009631849315068552
0 0.13374360895627643 0.8184392630465445 0.01955879760225669 0.0110190409026798
1 0.020696118273542598 0.8936904428251121 0.018830577354260088 0.03503363228699552
0 0.10255595804498269 0.37136407871972316 0.009799416089965388 0.014868079584775096
0 0.1704760488754325 0.39518679714532867 0.011826881487889268 0.013854346885813162
0 0.22740394064465408 0.8455864288522013 0.009519948899371078 0.017504422169811296
1 0.364406656598513 0.7993218517657993 0.03267309479553904 0.02323420074349447
0 0.3925497365552326 0.8697594930959303 0.01249091569767441 0.020439680232558044
0 0.40276957667151164 0.8673464752906976 0.010787609011627897 0.01902025799418605
0 0.4127055323401163 0.8642237463662791 0.01249091569767441 0.02015579578488369
0 0.42448673691860467 0.8603913063226745 0.009935955668604612 0.018736373546511698
0 0.43357103924418605 0.859397710755814 0.00766488008720928 0.017884720203488413
0 0.4632369640261628 0.8534361373546511 0.010787609011627897 0.0201557957848838
0 0.49333729288499023 0.8495065789473684 0.019036306042884976 0.009518153021442433
1 0.5344557139376218 0.8022965399610137 0.032742446393762226 0.015609770955165692
1 0.5346460769980507 0.7813566033138402 0.03007736354775825 0.02093993664717342
1 0.5245568347953217 0.7507081505847953 0.031980994152046804 0.02132066276803113
1 0.5137061403508772 0.7234862329434697 0.030077363547758307 0.020178484405458108
0 0.4060346364068441 0.9481567846958175 0.012253445817490494 0.021165042775665333
0 0.4919944153992396 0.8805771744296578 0.013367395437262342 0.010025546577946742
0 0.5031339115969582 0.911582105513308 0.01633792775665399 0.013367395437262286
0 0.5192861810836502 0.9639377376425856 0.019679776615969535 0.013367395437262397
0 0.5036908864068441 0.8746361097908746 0.012253445817490494 0.021907675855513342
0 0.520585788973384 0.8653531962927756 0.0118821292775666 0.019679776615969646
0 0.5410081986692015 0.8714799192015209 0.020793726235741494 0.015595294676806093
0 0.537295033269962 0.8547706749049431 0.021536359315589393 0.011882129277566489
0 0.3332799239745403 0.019315770862800587 0.015746552333804786 0.011050212164073552
0 0.33604247701555867 0.028846578854314023 0.016851573550212162 0.010773956859971713
0 0.3408769448373409 0.03810113154172562 0.01712782885431402 0.01105021216407355
0 0.3481977103960396 0.044593131188118834 0.019061615983026914 0.010773956859971713
0 0.3505458804809052 0.05467644978783595 0.013812765205091948 0.008287659123055159
0 0.35841915664780766 0.06020155586987272 0.017404084158415822 0.012155233380480905
0 0.3785857938472419 0.1049549151343706 0.014641531117397466 0.00884016973125884
0 0.38203898514851486 0.11531448903818955 0.013812765205091948 0.010221446251768032
0 0.39032664427157 0.14501193422913722 0.020995403111739752 0.012155233380480912
0 0.3986143033946251 0.1704274222065064 0.015470297029702984 0.010497701555869876
0 0.41201268564356436 0.18658835749646396 0.016851573550212162 0.012431488684582742
0 0.44005259900990096 0.2575859706506365 0.022100424328147072 0.011878978076379054
0 0.4508265558698727 0.28590213932107494 0.020995403111739752 0.013260254596888288
0 0.43839506718529 0.3191909034653465 0.014917786421499268 0.020719147807637894
0 0.46353429985855726 0.31366579738330974 0.018785360678925 0.01243148868458277
0 0.4668493635077793 0.32292035007072134 0.019890381895332376 0.012155233380480857
0 0.4723744695898161 0.3328655410183875 0.019890381895332432 0.012155233380480912
0 0.4755514055869873 0.3426726043140028 0.01906161598302686 0.011878978076379054
0 0.4795521209386282 0.3749623947051745 0.013866952466907334 0.01057648916967513
0 0.48707317990373045 0.3827184867629362 0.016687349578820676 0.008696224428399513
0 0.4891884777376655 0.39341249247894106 0.018567614320096293 0.012221720818291204
0 0.4928314906738869 0.41151004061371843 0.01504211793020449 0.011281588447653423
0 0.5001175165463297 0.4035189154632972 0.012691787003610122 0.011751654632972286
0 0.5065809265944645 0.4284324232851986 0.019037680505415155 0.01222172081829126
0 0.5119521561443066 0.44215050732807215 0.011890501691093625 0.015413613303269458
0 0.5295112711097707 0.49287545235223157 0.018612409529553675 0.011780006031363088
0 0.5371682750301567 0.5116056619420989 0.01696320868516288 0.010602005428226757
0 0.5421158775633292 0.5220898673100121 0.018376809408926498 0.012722406513872131
0 0.5478880805186972 0.5318672723160434 0.015785208082026547 0.009188404704463249
0 0.549890681544029 0.5411734770808202 0.018376809408926387 0.007539203860072341
0 0.552717882991556 0.5500084816043425 0.018376809408926387 0.009659604945717715
0 0.5246840442338072 0.07774856832543445 0.013267673775671396 0.010490718799368082
0 0.7912178716715976 0.11138013128698225 0.017046505177514826 0.016468657544378706
0 0.7837058524408285 0.11802537906804733 0.01762435281065089 0.016468657544378693
0 0.5235037076271187 0.17260328389830512 0.013572563559322126 0.01820709745762711
0 0.7183180588942308 0.16336763822115385 0.012520032051282048 0.018780048076923073
0 0.7083020332532051 0.16806265024038464 0.011894030448717952 0.01752804487179488
0 0.6979730068108975 0.17197516025641027 0.01439803685897445 0.019719050480769218
0 0.5361196157094594 0.22995407516891891 0.013856630067567544 0.008577913851351343
0 0.939453125 0.22255026647286824 0.021196705426356655 0.011355377906976744
0 0.7964090584150327 0.2902560763888889 0.01627604166666663 0.011808108660130712
0 0.841726664624183 0.2495659722222222 0.007978451797385544 0.010212418300653558
0 0.9528882575757576 0.24384469696969696 0.007891414141414144 0.01499368686868685
0 0.5878610321969697 0.3191583806818181 0.010357481060606077 0.01923532196969696
0 0.5878095047923323 0.39858102036741216 0.009984025559105492 0.017160043929712487
0 0.5946735223642172 0.4158970646964857 0.012480031948881698 0.01622404153354634
0 0.599977535942492 0.33680486222044725 0.010608027156549626 0.014664037539936114
0 0.833533653846154 0.1516569368131868 0.01717032967032972 0.019316620879120894
0 0.8552888569078947 0.4180843955592105 0.009315892269736836 0.018953022203947345
0 0.7995541221217105 0.41744192023026316 0.010279605263157965 0.019595497532894746
0 0.6979880136986301 0.383615154109589 0.007729261796042608 0.016350361491628607
0 0.7772698326055313 0.46582173398835514 0.0187636462882097 0.012793395196506518
0 0.7059111171761281 0.4959572871179039 0.0181950509461426 0.015067776564774371
0 0.6047284283513097 0.5638000770416025 0.017755681818181768 0.015348131741140136
0 0.7456769408344732 0.43908173734610123 0.00908430232558144 0.015763936388508926
0 0.596897754854369 0.6484754247572816 0.018203883495145567 0.011377427184465994
0 0.5963288834951457 0.6617490898058253 0.019341626213592256 0.011377427184465994
0 0.6073270631067962 0.6767293689320388 0.016307645631067902 0.009481189320388328
0 0.6065685679611651 0.6884860436893204 0.0223756067961165 0.01327366504854366
0 0.6177563713592233 0.7051729368932038 0.020479368932038833 0.015549150485436924
0 0.7032766990291263 0.6511301577669903 0.010998179611650505 0.015928398058252413
0 0.7432873179611651 0.6545433859223302 0.018962378640776656 0.010618932038834905
0 0.7705931432038835 0.5271162014563107 0.011377427184465994 0.01744538834951459
0 0.7326683859223301 0.7969508495145632 0.00910194174757284 0.020858616504854433
0 0.7740063713592233 0.8942278519417476 0.010618932038834905 0.018962378640776656
0 0.9727320995145632 0.6386149878640777 0.012135922330097082 0.012135922330097082
0 0.9609754247572815 0.5320464199029127 0.009860436893203928 0.01820388349514568
0 0.971973604368932 0.5728155339805826 0.011377427184466105 0.0223756067961165
0 0.9148968446601942 0.6678170509708738 0.012515169902912682 0.011377427184465994
0 0.7242048442556634 0.7393747471682848 0.015485942556634269 0.009797228964401383
0 0.9305371978851964 0.5083435611782476 0.011801359516616317 0.012391427492447149
0 0.7710176991150441 0.6429410951327432 0.011407632743362872 0.010370575221238965
