0 0.006614861853832442 0.05152629233511586 0.013229723707664884 0.01880013368983957
0 0.1075538429054054 0.11266759923986486 0.009237753378378386 0.016825907939189186
0 0.13592694256756754 0.10309992609797297 0.011217271959459457 0.018145586993243243
0 0.14598949535472971 0.10244008657094594 0.008907833614864885 0.016825907939189186
0 0.13609190244932434 0.16265044341216217 0.008907833614864885 0.016495988175675685
0 0.24934428802008607 0.044644458393113325 0.01793400286944044 0.017653784074605453
0 0.2562096484935438 0.06411966463414633 0.01821422166427547 0.017373565279770437
0 0.266017306312769 0.06019660150645623 0.01653290889526543 0.014010939741750356
0 0.2706409164275466 0.08639705882352938 0.009527439024390238 0.017653784074605453
0 0.30664903156384504 0.11343817252510759 0.011488970588235281 0.021857065997130554
0 0.28300087832840237 0.009245562130177515 0.017046505177514826 0.01733542899408284
0 0.30495908838757396 0.015457424186390532 0.01762435281065089 0.0164686575443787
0 0.3299509985207101 0.011123566937869823 0.015601886094674555 0.014735114644970414
0 0.3536523984593838 0.15779280462184875 0.020789565826330514 0.010394782913165257
0 0.393453475140056 0.11908591561624651 0.020516018907562994 0.013950892857142835
0 0.4016598827030813 0.08967962184873954 0.018327643557422946 0.011488970588235295
0 0.40617340686274517 0.07285648634453785 0.015318627450980393 0.010668329831932777
0 0.4094559698879552 0.06451330532212889 0.01969537815126049 0.010394782913165257
0 0.411781118697479 0.0535714285714286 0.021610206582633018 0.010394782913165264
0 0.4156107755602241 0.04372373949579836 0.018874737394957986 0.010941876750700283
0 0.41670496323529416 0.03442314425770312 0.021063112745098034 0.010941876750700283
0 0.41930365896358546 0.025806416316526647 0.016959908963585457 0.01066832983193277
0 0.41998752626050423 0.01609550070028015 0.018327643557423 0.010394782913165262
0 0.4203978466386555 0.005427170868347379 0.020242471988795474 0.008206407563025209
0 0.450624781162465 0.008709733893557461 0.012309611344537785 0.014771533613445374
0 0.4614298844537815 0.006794905462184913 0.007659313725490224 0.011488970588235293
0 0.31559463751868455 0.05663770553064275 0.019268497757847503 0.011093983557548578
0 0.3027489723467862 0.09502872757847533 0.01634902840059793 0.010218142750373693
0 0.15276048361182518 0.2083668059125964 0.012803261568123392 0.01104595115681234
0 0.28323262839879154 0.2330768504531722 0.012391427492447149 0.02183251510574019
0 0.2941488859516616 0.23499457137462237 0.011801359516616317 0.02212754909365558
0 0.3199643598942598 0.2408952511329305 0.010916257552870068 0.01799707326283989
0 0.341796875 0.24369807401812688 0.012686461480362565 0.02183251510574022
0 0.4170037307919622 0.19329473256501184 0.014082816193853431 0.010388962765957438
0 0.41227098108747046 0.23219562647754138 0.01569887706855788 0.010158096926713961
0 0.4077690972222222 0.24235372340425537 0.0205470596926714 0.012005023640661944
0 0.38660829048843187 0.26886849293059123 0.015062660668380468 0.011548039845758362
0 0.4210013656812339 0.27238311375321334 0.007531330334190178 0.016066838046272458
0 0.4302900064267352 0.27150445854755784 0.008033419023136257 0.014811616323907484
0 0.4414614797557841 0.2705002811696658 0.008786552056555264 0.017322059768637543
0 0.44924385443444725 0.2752701237146529 0.0077823746786632175 0.016317882390745497
0 0.4599140283842795 0.27835442822052403 0.008102483624454149 0.013006618449781682
0 0.46802662037037035 0.28005125661375657 0.00847387566137564 0.011987433862433838
0 0.4748470568783068 0.283151455026455 0.0068204365079365115 0.014880952380952384
0 0.4808407738095237 0.28253141534391535 0.007647156084656104 0.014467592592592615
0 0.4858010912698412 0.2859416335978836 0.0068204365079365115 0.013020833333333315
0 0.496031746031746 0.2872850529100529 0.007440476190476164 0.013227513227513199
0 0.02930228531855954 0.10626406682825483 0.015419407894736843 0.010820637119113574
0 0.02889651142659278 0.11843728358725761 0.015689923822714683 0.01244373268698061
0 0.046903722426470576 0.15633616727941177 0.012925091911764712 0.01177619485294118
0 0.13308706070287543 0.00579073482428118 0.014560037273695425 0.009568024494142704
0 0.11322300985090525 0.012030750798722074 0.013104033546325874 0.009568024494142702
0 0.0954389643237487 0.01764676517571888 0.012480031948881781 0.008736022364217251
0 0.478360615079365 0.007957175925925925 0.013434193121693083 0.015087632275132275
0 0.4688533399470899 0.007027116402116401 0.007647156084656048 0.013227513227513227
0 0.5020719147807637 0.289355330622348 0.009116425035360698 0.017404084158415822
0 0.62197265625 0.00771484375 0.0224609375 0.0146484375
0 0.6173828125 0.01669921875 0.015234375000000022 0.0119140625
0 0.61591796875 0.02646484375 0.019335937500000067 0.009960937500000003
0 0.60625 0.06083984375 0.015234375000000022 0.0107421875
0 0.6231445312499999 0.07412109375 0.012304687500000022 0.019335937499999997
0 0.5811298076923077 0.15670072115384615 0.01953125 0.011518429487179488
0 0.5583433493589743 0.2365785256410256 0.017528044871794934 0.011518429487179488
0 0.5577173477564102 0.24822215544871795 0.018780048076923128 0.011768830128205177
0 0.5487029246794871 0.26600060096153844 0.015274439102564097 0.007762419871794879
0 0.5478265224358974 0.27576622596153844 0.018529647435897467 0.009264823717948734
0 0.542637087264151 0.2855984669811321 0.016583136792452824 0.008423180592991908
0 0.594360680592992 0.3019183793800539 0.017899258760107783 0.011581873315363866
0 0.5969929245283019 0.2824397742587601 0.019478605121293846 0.012634770889487834
0 0.6013361270215634 0.2720424107142857 0.018162483153638886 0.009739302560646868
0 0.6117778434371524 0.2339709051724138 0.01955297552836488 0.013035317018909892
0 0.6237268840378198 0.1970375069521691 0.018683954393770796 0.013035317018909892
0 0.6318815712616823 0.1579749561915888 0.01711266063084116 0.009811258761682262
0 0.6557252117406542 0.07275390625000003 0.020078855140186924 0.012321115654205614
0 0.6568660557827103 0.063170816296729 0.018709842289719614 0.01095210280373831
0 0.66336886682243 0.05438631717289723 0.01665632301401876 0.009811258761682241
0 0.44693277733118975 0.319288836414791 0.016014368971061066 0.010676245980707377
0 0.6053494272508038 0.42495227090032156 0.009420217041800627 0.021038484726688123
0 0.5508143071227081 0.71430932651622 0.011845468970380857 0.019283321579689705
0 0.2815148305084746 0.8316400231124808 0.021367006933744215 0.010533031587056985
0 0.3627696456086287 0.851502311248074 0.023774557010785846 0.011736806625577745
0 0.40821215331278893 0.8626372303543914 0.021367006933744215 0.010533031587056985
0 0.43996171995377503 0.8697094087057011 0.02046417565485359 0.010232087827426795
0 0.44643201078582434 0.8849070685670262 0.01895945685670264 0.011736806625577745
0 0.470703125 0.9808134191176471 0.01091452205882354 0.01953125
0 0.48621323529411764 0.9107306985294117 0.02125459558823528 0.013212316176470673
0 0.5074678308823528 0.983254825367647 0.012063419117647078 0.01866957720588236
0 0.5685029871323529 0.9232249540441175 0.018095128676470562 0.015222886029411797
0 0.5641946231617647 0.9440487132352942 0.019818474264705954 0.012063419117647078
1 0.5370438338926175 0.9524433724832215 0.044830117449664364 0.027265100671140963
0 0.6288013842281879 0.9490352348993288 0.017565016778523512 0.01153523489932895
0 0.6177904781879194 0.9601772231543624 0.019138003355704702 0.009175755033557054
0 0.613202600671141 0.968828649328859 0.02097315436241609 0.013894714765100735
0 0.6664768796125462 0.9605266951107011 0.018378113468634605 0.012612430811808073
0 0.725034594095941 0.9736796586715868 0.02090059963099633 0.01297278597785978
0 0.7230526406826568 0.9857515567343174 0.023423085793357945 0.013333141143911487
0 0.8152721294710806 0.9936843012747336 0.013986991057838738 0.008725147450532766
0 0.8235885178843226 0.9746064022070015 0.02170138888888884 0.010999334094368374
0 0.061344068877551054 0.7132493622448979 0.012755102040816327 0.01873405612244905
1 0.03475268031189083 0.38064236111111116 0.01713267543859649 0.02512792397660818
0 0.15334886695906433 0.33190941764132553 0.020559210526315763 0.015229044834307981
0 0.1952287402534113 0.3456155579922027 0.021320662768031184 0.012183235867446407
0 0.25538346734892786 0.3458059210526316 0.02055921052631579 0.009518153021442544
0 0.37404530083955223 0.34380101445895517 0.011296058768656692 0.009109724813432807
0 0.3674862989738806 0.37677821828358204 0.017126282649253755 0.01166044776119407
0 0.36493557602611937 0.3880742770522388 0.017126282649253755 0.009474113805970186
0 0.41803175403225806 0.34494707661290325 0.020161290322580627 0.013230846774193561
0 0.43724798387096775 0.3438445060483871 0.011970766129032251 0.02047631048387094
0 0.4673324092741935 0.34919984879032256 0.012285786290322565 0.017956149193548376
0 0.520570816532258 0.3666834677419355 0.010395665322580627 0.01953125
0 0.4032801797945206 0.41451733732876717 0.017390839041095896 0.012574914383561675
0 0.42829623287671237 0.38495291095890416 0.011772260273972657 0.017658390410958902
0 0.3890502290575916 0.45848331151832455 0.012475458115183247 0.020860602094240843
0 0.5464538409703504 0.4777522742587601 0.022110849056603765 0.011055424528301883
0 0.3738926207165109 0.5287431853582555 0.018253504672897214 0.011560552959501535
0 0.40698713781575035 0.5785022752600297 0.009576987369985135 0.017122492570579517
0 0.43020407689450224 0.5832907689450223 0.013059528231797901 0.017412704309063942
0 0.4735907317979198 0.5937383915304606 0.00986719910846956 0.017412704309063942
0 0.48211210517473113 0.5974882392473118 0.008663054435483819 0.019426243279569877
0 0.3471795029527559 0.6006756479658792 0.01819840879265089 0.011021571522309648
0 0.34397555774278216 0.60913406332021 0.019992618110236227 0.011534202755905443
0 0.34051529691601046 0.6197711614173228 0.01768577755905515 0.010765255905511806
0 0.3376958251312336 0.6359190452755905 0.01819840879265089 0.01025262467191601
0 0.33551714238845143 0.6557835055774278 0.01947998687664043 0.009996309055118058
0 0.2882269110892388 0.6352782562335958 0.012046833989501293 0.009483677821522374
0 0.2865608595800525 0.6479658792650919 0.012303149606299246 0.007689468503937036
0 0.2819471784776903 0.6564242946194225 0.011790518372703396 0.007689468503937036
0 0.514255451208981 0.6625107944732298 0.013830418825561352 0.010794473229706392
0 0.6016607704402516 0.8647798742138364 0.008352987421383684 0.014249213836477925
