0 0.4613295506386862 0.006550809762773761 0.008910241788321172 0.012474338503649636
0 0.500703277886497 0.006879892367906066 0.013759784735812186 0.013759784735812132
0 0.469552654109589 0.04032381360078278 0.011848703522504889 0.019493028375733856
0 0.4414597602739726 0.08924749266144813 0.011466487279843396 0.017199730919765163
0 0.39618361549165115 0.26645842996289426 0.011957908163265307 0.021379290352504687
0 0.39219764610389607 0.3315022031539888 0.011233186456400757 0.019567486085343255
0 0.36973127319109456 0.37172425788497215 0.011957908163265307 0.0181180426716141
0 0.3466230962109955 0.4515346396731055 0.011898681277860368 0.021475668647845503
0 0.3541686014115899 0.47286520245170877 0.011898681277860312 0.017122492570579517
0 0.33368197859744997 0.5451815801457195 0.012095856102003644 0.020278346994535568
0 0.31909579918032793 0.6074396630236794 0.01067281420765026 0.018855305100182185
0 0.2998847336065574 0.6262949681238617 0.011384335154826952 0.01956682604735882
0 0.45522103658536583 0.42044588414634143 0.011115345528455278 0.02032520325203252
0 0.6000497855392157 0.09812538296568629 0.016754748774509776 0.011488970588235295
0 0.601007199754902 0.1163162530637255 0.01962699142156865 0.009574142156862739
0 0.5909543504901961 0.14551738664215685 0.020584405637254832 0.011488970588235309
0 0.5844918045343137 0.1644263174019608 0.018190870098039214 0.010052849264705899
0 0.5825769761029411 0.18285654105392157 0.018190870098039214 0.009574142156862753
0 0.57907058639399 0.19154319699499164 0.018259599332220322 0.008803735392320544
0 0.5756469115191987 0.20344454298831385 0.01923779215358934 0.012390442404006663
0 0.570755947412354 0.22039988522537562 0.019889920701168573 0.012390442404006663
0 0.567984401085142 0.2303448455759599 0.020215984974958245 0.012064378130217018
0 0.7221186926605504 0.10795943233944953 0.009855217889908285 0.01881450688073394
0 0.740485235091743 0.06069918291284403 0.010751146788990806 0.01926247133027522
0 0.7698269065366972 0.06405891628440366 0.01030318233944949 0.022398222477064217
0 0.7877454845183486 0.06629873853211009 0.011199111238532122 0.023294151376146793
0 0.7720667287844036 0.1146788990825688 0.01030318233944949 0.02150229357798164
0 0.8011844180045871 0.11938252580275228 0.010303182339449601 0.01836654243119265
0 0.8403813073394495 0.1290137614678899 0.011647075688073327 0.01881450688073394
0 0.8271663560779816 0.0748100630733945 0.01030318233944949 0.017918577981651376
0 0.9321415124784853 0.10046659853700521 0.00806798623063687 0.017480636833046473
0 0.9413860800344234 0.09996234939759041 0.00974881669535288 0.020506131669535285
0 0.9524795611015491 0.10315592728055081 0.01042114888123924 0.016135972461273657
0 0.9622283777969018 0.10550908993115322 0.008404152323579939 0.018152969018932874
0 0.9714729453528399 0.10618142211703963 0.009412650602409589 0.019497633390705676
0 0.9802132637693632 0.10786225258175564 0.009412650602409589 0.017480636833046473
0 0.9897939974182444 0.11105583046471604 0.00974881669535288 0.018489135111876068
0 0.9691197827022375 0.15559783777969022 0.014118975903614439 0.019497633390705676
0 0.9943322396729777 0.16702748493975905 0.00739565404475051 0.019497633390705676
0 0.6497594321646342 0.13230040015243905 0.025902724847560954 0.013993426067073156
0 0.6513969607469512 0.14510289634146345 0.019054878048780477 0.010420636432926816
0 0.6469309737042683 0.1547792016006098 0.018459413109756073 0.012504763719512202
0 0.6399342606707317 0.17338748094512196 0.02173447027439024 0.012802496189024376
0 0.6554163490853658 0.11354325457317077 0.017566215701219523 0.01042063643292683
0 0.6625647911658654 0.26102388822115385 0.011972280649038547 0.019719050480769218
0 0.7088106595552885 0.2746394230769231 0.010094275841346145 0.015024038461538436
0 0.71820068359375 0.27546105018028844 0.0077467698317307265 0.015728290264423073
0 0.7387617454441914 0.2796216543280182 0.008898063781321186 0.014236902050113909
0 0.7476598092255126 0.2830696540432802 0.008008257403189 0.015794063211845122
0 0.7578925825740319 0.2855166215831435 0.009342966970387279 0.014014450455580862
0 0.7684590333143508 0.2879635891230069 0.00867561218678814 0.012679740888382696
0 0.7951841651678657 0.2963644709232614 0.010538444244604372 0.01475382194244601
0 0.8524430455635492 0.3085422287170264 0.01124100719424459 0.01990595023980818
0 0.8961190422661871 0.3181439223621103 0.011475194844124625 0.020374325539568305
0 0.9950328799460432 0.34467035746402874 0.006027990107913661 0.01769053507194246
0 0.9780847197242206 0.3419139688249401 0.01007006894484408 0.014051258992805737
0 0.9475728581460674 0.3338746488764045 0.0096558988764045 0.012508778089887651
0 0.958326018258427 0.3357399929775281 0.008778089887640506 0.0136060393258427
0 0.5569608094262295 0.3048155737704918 0.009285348360655754 0.015368852459016424
0 0.5379098360655737 0.31554175204918034 0.018570696721311508 0.010566086065573799
0 0.5261483948087431 0.36427737932604737 0.02134562841530052 0.013518897996356971
0 0.5146851503759398 0.4049870770676692 0.01732847744360899 0.01351033834586468
0 0.49933294911202186 0.45170551571038253 0.015742400956284097 0.009071892076502719
0 0.48986352848101267 0.4778728243670886 0.016564477848101278 0.009889240506329111
0 0.4936956091772152 0.4694669699367089 0.016811708860759556 0.009889240506329111
0 0.4759572184504792 0.5260333466453675 0.015912040734824273 0.010608027156549515
0 0.4667531948881789 0.551617412140575 0.0174720447284345 0.01123202875399365
0 0.5988496053971486 0.31065427698574344 0.009944628309572323 0.018298116089613015
0 0.6085953411405295 0.3126432026476579 0.011137983706720922 0.01988925661914459
0 0.6181421843177188 0.3150299134419552 0.009546843177189346 0.01432026476578413
0 0.5751813900203666 0.38822237780040736 0.016706975560081383 0.01034241344195519
0 0.5529963795731707 0.4474502191310976 0.017566215701219523 0.011909298780487798
0 0.5513588509908536 0.46010384908536583 0.017268483231707266 0.011016101371951248
0 0.5434689405487805 0.4761814024390244 0.017566215701219523 0.00982517149390244
0 0.5378120236280488 0.49598061166158536 0.022329935213414642 0.013100228658536606
0 0.5303687118902438 0.5145888910060976 0.021139005335365835 0.011611566310975596
0 0.525902724847561 0.5346858326981707 0.01577982088414631 0.010718368902439046
0 0.5232231326219512 0.5434689405487805 0.018161680640243927 0.011016101371951192
0 0.5223299352134145 0.5537407107469512 0.021139005335365835 0.011909298780487854
0 0.5171196169969512 0.56103515625 0.01607755335365857 0.009229706554878092
0 0.5129513624237805 0.5710091939786586 0.017268483231707377 0.010122903963414642
0 0.5343455188679245 0.5939219732704402 0.012897995283018826 0.012897995283018937
0 0.5461686812106918 0.5713504815251572 0.02241794418238985 0.01320509040880502
0 0.5480112519654088 0.5602950569968552 0.020575373427673016 0.010134139150943411
0 0.5532318691037736 0.5421764445754716 0.016890231918239018 0.011362519654088077
0 0.5593737716194969 0.5252862126572326 0.015661851415094352 0.011362519654087966
0 0.5865516902515723 0.5325029481132075 0.010441234276729494 0.019654088050314433
0 0.5725502795815296 0.4879994137806638 0.016064664502164483 0.012118957431457411
0 0.5982253725165563 0.5563495964403973 0.0181084437086092 0.012611237582781487
0 0.5951534043874172 0.5746197226821192 0.018431808774834413 0.010994412251655539
0 0.6261112607758621 0.48366783405172414 0.017847521551724088 0.013133081896551713
0 0.6434230505485894 0.4323447296238244 0.020204741379310387 0.011939165360501602
0 0.6506171630094044 0.41275225313479624 0.02112313871473359 0.012551430250783702
0 0.6492395670062696 0.39055765086206895 0.018980211598746077 0.011633032915360497
0 0.6645461892633229 0.36759771747648906 0.020204741379310276 0.011633032915360497
0 0.6657707190438871 0.35795454545454547 0.012857562695924751 0.009490105799373039
0 0.6706688381661442 0.2979525862068965 0.018980211598746077 0.015612754702194365
0 0.6943193855932204 0.3305084745762712 0.012910487288135597 0.020193326271186418
0 0.7075609110169492 0.33266022245762716 0.009600105932203284 0.0178760593220339
0 0.7249404131355932 0.33828787076271183 0.010593220338983023 0.01721398305084748
0 0.734375 0.339943061440678 0.01158633474576276 0.019200211864406735
0 0.7534096927966102 0.3460672669491525 0.011255296610169552 0.018869173728813582
0 0.7621822033898304 0.3473914194915254 0.010262182203389814 0.018869173728813582
0 0.7721133474576272 0.3510328389830508 0.010262182203389814 0.01820709745762711
0 0.7818789724576272 0.3511983580508474 0.009931144067796605 0.018538135593220317
0 0.815178198160535 0.35808815844481606 0.011757943143812732 0.0205764005016722
0 0.8241599602842811 0.3613542537625418 0.010778114548494977 0.0186167433110368
0 0.8336316367056857 0.3641304347826087 0.010778114548494977 0.019596571906354554
0 0.8427767035953178 0.3667433110367893 0.009471676421404673 0.017636914715719043
0 0.8524116847826086 0.3683763586956522 0.009798285953177222 0.0195965719063545
0 0.8604136183110368 0.37147914924749165 0.008818457357859577 0.01796352424749159
0 0.86906877090301 0.37278558737458195 0.010451505016722429 0.017310305183946495
0 0.8791936663879598 0.3780113398829431 0.009145066889632125 0.017963524247491647
0 0.8885020380434783 0.3767049017558528 0.01012489548494977 0.017963524247491647
0 0.9208363816889633 0.38584996864548493 0.01012489548494988 0.01926996237458195
0 0.9414748666875784 0.38874294228356343 0.008822145545796634 0.017399231493099132
0 0.9601481541450777 0.3944502914507772 0.012143782383419621 0.02064443005181349
0 0.9701667746113989 0.39698024611398963 0.00910783678756466 0.015179727979274582
0 0.9792746113989637 0.3984982189119171 0.009107836787564771 0.015786917098445596
0 0.8614018278301887 0.4561678739892183 0.011845097708894858 0.016846361185983816
0 0.87100951819407 0.4605110764824798 0.015267014824797864 0.01763603436657679
0 0.878116576819407 0.4670916863207547 0.013161219676549818 0.01605668800539084
0 0.8864081452156334 0.47261939858490565 0.013950892857142905 0.015530239218328856
0 0.8939100404312668 0.4803845181940701 0.016319912398921832 0.017899258760107783
0 0.9022016088274933 0.4839380475067385 0.014477341644204889 0.017636034366576847
0 0.9091770552560647 0.48972898416442046 0.013161219676549929 0.01395089285714285
0 0.9164157260781671 0.4965728183962264 0.016583136792452935 0.017109585579514808
0 0.8419232227088949 0.5119714454177897 0.01342444407008081 0.014214117250673897
0 0.8510044642857143 0.5180256064690028 0.011581873315363866 0.0173728099730458
0 0.8604805424528302 0.5217107479784366 0.010528975741239899 0.012634770889487834
0 0.9146098726114649 0.5503582802547771 0.017914012738853513 0.012440286624203822
0 0.9072701035031847 0.5595640923566878 0.019158041401273862 0.01343550955414019
0 0.8655358640939597 0.5306208053691275 0.010748741610738244 0.012059563758389236
0 0.8422679389985896 0.649847937235543 0.01845689351198876 0.015426657263751808
0 0.8302847320169253 0.6658255465444287 0.018732369534555704 0.014875705218617807
0 0.77125 0.7496875000000001 0.01750000000000007 0.01375000000000004
0 0.74921875 0.78234375 0.019062499999999982 0.015312500000000062
0 0.743125 0.7910937499999999 0.020000000000000018 0.016562499999999925
0 0.8053275746554364 0.6472530627871362 0.015254115620214392 0.011964012251148515
0 0.7978500669984685 0.6551792209035221 0.01465591500765695 0.011664911944869849
0 0.7930644620980092 0.6640026799387442 0.012861313169984623 0.009571209800918745
0 0.7858860547473201 0.671031537136294 0.01465591500765695 0.011664911944869849
0 0.7793058480091883 0.6795558958652373 0.014655915007657061 0.011365811638591072
0 0.7746697932618682 0.6882298047473201 0.0131604134762634 0.011964012251148515
0 0.769136437595712 0.6954082120980092 0.014057714395099508 0.011964012251148515
0 0.757321975497703 0.7112605283307809 0.0161514165390505 0.014356814701378284
0 0.7459561638591118 0.7262155436447166 0.014955015313935727 0.013758614088820842
0 0.7247200421133231 0.7603129785604901 0.015553215926493058 0.012562212863706068
0 0.7164947836906584 0.7662949846860643 0.015254115620214392 0.012562212863705957
0 0.7061758231240429 0.7827455015313936 0.019740620214395155 0.013758614088820842
0 0.7344408020673813 0.649645865237366 0.017646918070444162 0.014955015313935727
0 0.7221776895099541 0.6646008805513017 0.01764691807044405 0.014356814701378284
0 0.7164947836906584 0.67192883805513 0.020637921133231263 0.015852316232771835
0 0.7097650267993874 0.6789576952526799 0.01854421898928027 0.0131604134762634
0 0.7051289720520674 0.6888280053598774 0.017646918070444162 0.013758614088820842
0 0.6704219288174511 0.7385907003444316 0.017490671641790967 0.013902841561423629
0 0.6636947474167623 0.7459905998851895 0.01569675660160741 0.01210892652123996
0 0.6576402841561424 0.7538389781859931 0.01569675660160741 0.011660447761194015
0 0.6523706587256027 0.7634812715269804 0.015472517221584381 0.01300588404133185
0 0.7228020055970149 0.5282182835820894 0.009036847014925353 0.01690764925373134
0 0.790869869402985 0.5569321361940298 0.018656716417910446 0.0113689365671642
0 0.7860599347014925 0.5769006529850746 0.01894822761194026 0.012243470149253755
0 0.7023962220149254 0.5712161847014925 0.010202891791044832 0.015450093283582045
0 0.6886951958955224 0.5865205223880596 0.010785914179104461 0.018656716417910446
0 0.6980235541044776 0.5904559235074627 0.009036847014925353 0.02069729477611948
0 0.7109958022388059 0.5745685634328359 0.0081623134328358 0.018656716417910446
0 0.7213444496268656 0.5789412313432836 0.009036847014925353 0.01690764925373145
0 0.7405841884328358 0.5774836753731343 0.009619869402984982 0.01690764925373134
0 0.7593866604477613 0.5844799440298507 0.009911380597014907 0.0163246268656716
0 0.7716301305970149 0.5863747667910447 0.009911380597015018 0.01953125
0 0.7053113339552238 0.595848880597015 0.009036847014925353 0.01690764925373134
0 0.7158057369402986 0.5980352145522387 0.009619869402985093 0.018365205223880632
0 0.7507870802238805 0.603573927238806 0.009036847014925464 0.016033115671641784
0 0.7633220615671641 0.6057602611940298 0.010202891791044721 0.018073694029850706
0 0.7735249533582089 0.6101329291044776 0.010785914179104461 0.019822761194029814
0 0.4886185772884283 0.6341753022452504 0.011131800518134727 0.018890328151986102
0 0.5176287240932642 0.6464877482728842 0.011806455094991342 0.020576964594127833
0 0.5275798791018997 0.6508730030224525 0.010794473229706392 0.017878346286701263
0 0.5385430159758204 0.6498610211571675 0.009782491364421442 0.020576964594127833
0 0.5476508527633851 0.6513789939550949 0.009107836787564771 0.019564982728842772
0 0.576660999568221 0.6582942033678756 0.013830418825561352 0.022600928324697844
0 0.6132422432239657 0.6679910395863053 0.00891583452211131 0.01365237161198285
0 0.683885696935725 0.6850534846786247 0.010802036621823663 0.015473187593422977
0 0.6503117993273542 0.6767329970104633 0.010218142750373693 0.01751681614349776
0 0.38989943304535635 0.8104751619870411 0.01729549136069114 0.013077078833693356
0 0.43384009009009006 0.9170185810810811 0.0091497747747748 0.016188063063063085
0 0.4220509572072072 0.9203617680180181 0.0095016891891892 0.018651463963963888
0 0.4841638513513513 0.9478110923423424 0.0098536036036036 0.01372466216216206
0 0.5003519144144144 0.9427083333333334 0.008445945945945998 0.018299549549549488
0 0.571221713362069 0.9704337284482758 0.009765625 0.018184267241379337
0 0.5393992456896552 0.8444908405172413 0.009428879310344862 0.015490301724138011
0 0.565497036637931 0.8515625 0.010439116379310276 0.016837284482758674
0 0.5716283515861027 0.866957373489426 0.012096393504531733 0.009736121601208514
0 0.5821020581570997 0.8612042107250755 0.012391427492447149 0.010621223564954652
0 0.7429665399575671 0.9732253359264498 0.01961412659123052 0.018232850070721396
0 0.8185175720404985 0.9304724007009346 0.013081678348909609 0.016123929127725867
0 0.7908241421568627 0.7182347370766489 0.01775568181818188 0.015318627450980338
0 0.9128879856418919 0.9798616976351351 0.0151763091216216 0.014516469594594628
0 0.969799144847973 0.958251953125 0.01220703125 0.01616606841216217
0 0.9625409100506757 0.8825353673986487 0.0181455869932432 0.010557432432432456
0 0.9608913112331081 0.8371713999155406 0.016825907939189255 0.01616606841216217
0 0.9201462204391893 0.7568359375 0.01715582770270274 0.016495988175675658
0 0.9320233319256757 0.7375356313344594 0.01715582770270274 0.012866870777027084
0 0.9501689189189189 0.7124617293074325 0.02045502533783783 0.014846389358108114
0 0.9569322740709459 0.7028940561655406 0.016825907939189255 0.012866870777026973
0 0.965015308277027 0.6938212626689189 0.017815667229729715 0.014516469594594628
0 0.9706239442567568 0.6844185494087838 0.017815667229729715 0.012866870777026973
0 0.9843156144425675 0.6679225612331081 0.01946526604729726 0.014186549831081141
0 0.990148946719554 0.6578279105917667 0.015795856560891997 0.012469178816466586
0 0.6493009135472371 0.827902183600713 0.01462232620320858 0.01949643493761144
0 0.6614131341789051 0.6807096962616822 0.011734395861148217 0.01747121161548737
0 0.5225309647979139 0.8531871333116037 0.007639341590612858 0.010440433507170832
