0 0.017755681818181816 0.051178141711229946 0.009748217468805704 0.01671122994652407
0 0.008007464349376114 0.10044145499108734 0.009748217468805703 0.01984458556149732
0 0.08221317108667532 0.0339535494825356 0.010864731565329883 0.014402086028460544
0 0.14117534456355282 0.08763638973966309 0.015553215926493114 0.011964012251148542
0 0.18276426016566266 0.2642425169427711 0.010883377259036153 0.019707737198795205
0 0.2171792639307229 0.26939006024096385 0.014413121234939763 0.020001882530120474
0 0.21011977597891568 0.28630341679216864 0.01617799322289154 0.010883377259036153
0 0.25325134458456977 0.2830988037833828 0.010432121661721083 0.018545994065281846
0 0.3754427456958393 0.10559204626972739 0.00840656384505023 0.016813127690100432
0 0.3563878676470588 0.16854319852941177 0.01723345588235292 0.01723345588235292
0 0.3546645220588235 0.15705422794117646 0.01665900735294118 0.014361213235294129
0 0.3491246065647482 0.1471377585431655 0.018266636690647486 0.012646133093525191
0 0.3828539456233422 0.13262599469496023 0.00828912466843501 0.015024038461538464
0 0.3771598624651811 0.22469098189415043 0.009520804317548759 0.014689240947075216
0 0.3851845403899722 0.2184344533426184 0.011969011142061281 0.017409470752089123
0 0.390625 0.2374760619777159 0.008160689415041777 0.015777332869080785
0 0.38219228760445684 0.24359657903899723 0.009248781337047318 0.017137447771587766
0 0.3973599137931034 0.20661753386699505 0.010583435960591137 0.018761545566502447
0 0.4496757620073891 0.17655095443349753 0.007937576970443339 0.01683728448275862
0 0.4018126003747323 0.0228979858137045 0.009410131156316892 0.014847095824411136
0 0.5023481700848655 0.041416195190947684 0.01961412659123052 0.01105021216407355
0 0.49041082554517135 0.10282807632398754 0.010952102803738317 0.01399435358255452
0 0.4981685650311527 0.09719991238317757 0.010039427570093518 0.012473228193146418
0 0.5033403913551402 0.11393229166666667 0.02220843068535827 0.012473228193146418
0 0.5869593142750373 0.31647047832585945 0.011969824364723491 0.020436285500747386
0 0.6506037462630792 0.3082959641255605 0.01255371823617335 0.015765134529148017
0 0.6416752653301887 0.19454476218553457 0.017504422169811407 0.013205090408805048
0 0.668546088836478 0.193469929245283 0.018425707547169767 0.015354756289308186
0 0.6815719221105527 0.07633218174204354 0.017339300670016766 0.009487541876046904
0 0.6562172843383585 0.011228015075376865 0.010469011725293131 0.019956553601340035
0 0.09288758116883114 0.3434601113172542 0.012682629870129872 0.01594387755102039
0 0.12899862753378377 0.4109150654560811 0.011877111486486486 0.0181455869932432
0 0.18194147310513448 0.38990869498777503 0.012415953545232283 0.02530944376528116
1 0.24964361583184258 0.40442615161001794 0.015722830948121658 0.02340954830053671
0 0.2696450933515483 0.459443306010929 0.012807377049180335 0.013163137522768653
0 0.23160679133858267 0.5390317421259843 0.017839566929133854 0.013841043307086687
0 0.08325126925770311 0.4774323792016807 0.018874737394957986 0.011215423669467817
0 0.13543274176954734 0.5403913751714677 0.013128000685871083 0.017682613168724326
0 0.2861415059347181 0.5114463557121662 0.013040152077151368 0.010432121661721028
0 0.07185113545016075 0.5942021704180064 0.015700361736334406 0.012874296623794246
0 0.08234115544280443 0.645396102398524 0.02342308579335793 0.010810654981549761
0 0.14612401983394835 0.6886387223247232 0.018378113468634688 0.013693496309963082
0 0.04216591105354059 0.790526500431779 0.016866364421416237 0.009782491364421442
0 0.03840667126225491 0.9435221354166666 0.01747280943627451 0.011010263480392135
0 0.12664539790996782 0.8311206290192925 0.010362238745980717 0.01821241961414788
0 0.020060627674750357 0.9845031651212555 0.013373751783166904 0.009751694008559242
0 0.28295272435897434 0.5375267094017093 0.016693376068376065 0.015580484330484312
0 0.012177948667711592 0.400047756661442 0.01836794670846395 0.009796238244514144
0 0.2571731362107623 0.845738158632287 0.010948010089686044 0.01620305493273544
0 0.26956067561205277 0.9353151483050848 0.014712806026365322 0.014712806026365377
0 0.3354004825800377 0.9660281308851224 0.01912664783427498 0.012138064971751406
0 0.3554466807909605 0.9732006238229755 0.01875882768361581 0.011034604519774005
0 0.4296051101116625 0.7809737515508685 0.009692928039702231 0.01890120967741926
0 0.41259918691222575 0.7862338362068966 0.013469827586206906 0.014388224921630055
0 0.4813484929620563 0.7294933828029375 0.0150608170134639 0.014104574663402647
0 0.47142747858017137 0.709890414626683 0.014343635250917974 0.015060817013463845
0 0.5188810052019583 0.7035553090575275 0.016017059363525044 0.018646725826193422
0 0.4534672394259819 0.6037870562688822 0.015931835347432033 0.009736121601208403
0 0.3568672839506173 0.5770961934156378 0.015539266117969852 0.01714677640603568
0 0.3700019409937888 0.5918514654503105 0.016983695652173947 0.014860733695652106
0 0.457699723515716 0.579343713620489 0.01500654831199072 0.018644499417927785
0 0.5162519290123457 0.5648389274691359 0.01591435185185186 0.021460262345679104
0 0.5597106396627567 0.49914085410557185 0.014032716275659829 0.01832844574780057
0 0.6443798449612403 0.7426417151162791 0.013929263565891525 0.019682655038759655
0 0.7199309593023255 0.6896499515503876 0.01483769379844957 0.00938711240310075
0 0.8798146802325582 0.6115249515503876 0.01120397286821706 0.014232073643410836
0 0.8876941401560625 0.6037524384753902 0.009847689075630162 0.01359918967587026
0 0.8472482743097239 0.5851121698679472 0.011957908163265252 0.011957908163265252
0 0.917633056640625 0.7374267578125 0.0164794921875 0.01373291015625
0 0.953643798828125 0.83721923828125 0.0115966796875 0.01129150390625
0 0.5848488729508197 0.8858222336065573 0.012807377049180335 0.020278346994535457
0 0.5948546362704918 0.8903581796448088 0.010405993852458995 0.017610143442622905
0 0.7374854286226685 0.8645646520803443 0.022417503586800613 0.01204940817790534
0 0.7608836979913917 0.9130425035868006 0.017653784074605383 0.009807657819225324
0 0.7872242647058822 0.9110809720229555 0.01989553443328551 0.009807657819225213
0 0.7470128676470589 0.930135850071736 0.020175753228120485 0.010928532998565221
0 0.5872881545911046 0.9420451488522238 0.01793400286944047 0.009527439024390238
0 0.8628833393113342 0.855317431850789 0.011488970588235281 0.013170283357245238
0 0.7628698312737643 0.15688123811787072 0.01225344581749055 0.02042240969581749
0 0.8100270318441065 0.26901883317490494 0.010768179657794641 0.01448134505703419
0 0.8521714591254753 0.21369266872623577 0.019308460076045586 0.01299607889733842
0 0.8851751961483595 0.11242310092724679 0.010030313837375182 0.011980652639087014
0 0.96369154676259 0.03384948291366911 0.01159228866906481 0.009484599820143887
0 0.8374058565647482 0.1476646807553957 0.008430755395683498 0.013699977517985629
0 0.9343819547477744 0.2677404024480712 0.02057446216617209 0.012750370919881349
0 0.8893955148381294 0.35386690647482016 0.009835881294964044 0.016510229316546776
