0 0.4533231809078772 0.2550118908544726 0.01590662550066757 0.017210447263017403
0 0.4631018441255007 0.26087908878504673 0.014602803738317738 0.01486356809078776
0 0.4707943925233645 0.2672678154205608 0.01694968291054738 0.01564586114819755
0 0.47535776869158886 0.27482998164218964 0.015645861148197604 0.013038217623497994
0 0.4830503170894526 0.28108832610146867 0.015385096795727637 0.01408127503337786
0 0.4885263684913218 0.2895631675567424 0.01694968291054738 0.01486356809078776
0 0.49569738818424564 0.2968645694259012 0.015124332443257615 0.012777453271028083
0 0.5360306524184477 0.3093011811023622 0.014939538807649089 0.00922736220472442
0 0.519443370359955 0.30930118110236215 0.016916830708661457 0.015378937007874016
0 0.45826309647302904 0.336901906120332 0.016613718879668005 0.009725103734439855
0 0.379990209398977 0.33790561061381075 0.019231537723785164 0.01048992966751916
0 0.37649356617647056 0.34789601982097185 0.018732017263427103 0.01098945012787722
0 0.3739959638746803 0.3571371483375959 0.01723345588235292 0.008991368286444978
0 0.3703744405370844 0.3652543558184143 0.012987531969309463 0.008741608056266004
0 0.3707490808823529 0.37536964514066495 0.01723345588235292 0.008491847826086918
0 0.3698749200767263 0.384860533887468 0.019980818414322254 0.008491847826086973
0 0.36762707800511507 0.39397678228900257 0.019481297953964194 0.007742567135549883
0 0.3645050751278772 0.4019691096547314 0.01723345588235292 0.00974064897698207
0 0.3619486273987207 0.4116096415245203 0.016866004797441325 0.009161780383795337
0 0.433203125 0.35273437500000004 0.015625 0.010937499999999989
0 0.43125 0.3615234375 0.017578125 0.009765625
0 0.4306640625 0.37060546875 0.017578125 0.009179687499999978
0 0.4279296875 0.37841796875 0.017968749999999978 0.009960937500000044
0 0.42373046875 0.3873046875 0.020898437500000033 0.009765625
0 0.42197265625 0.39619140625 0.020117187499999967 0.009179687499999978
0 0.41943359375 0.40498046875 0.0185546875 0.010351562500000022
0 0.4181640625 0.4146484375 0.015625 0.007421874999999967
0 0.41396484375 0.42392578125 0.015039062500000033 0.009570312500000011
0 0.5731181630202774 0.4012556696905015 0.008963113660618971 0.01292355923159022
0 0.5844783884738527 0.40406967049092846 0.010005336179295665 0.016050226787620026
0 0.5893174592105688 0.42707483764068105 0.012179475518256155 0.021205438355001438
0 0.5165160809018567 0.5815339025198939 0.022795092838196362 0.010879476127320986
0 0.5448804293766578 0.6061422413793103 0.010620440981432333 0.01968667108753308
0 0.5243092811158798 0.5331109173819744 0.016485604434906986 0.01117668097281832
0 0.446571576025057 0.8753470244874716 0.019353288724373585 0.010232773348519464
0 0.23727619363395225 0.8103914539124668 0.011397546419098153 0.02149991710875332
0 0.2485442224801061 0.8114275944960212 0.009066230106100776 0.017873425066313064
0 0.2677128232758621 0.8149245689655172 0.010102370689655193 0.016060179045092937
0 0.27794471153846156 0.8158311919761273 0.009325265251989345 0.015801143899204284
0 0.24711952917771884 0.8633641412466844 0.0093252652519894 0.021240881962864666
0 0.22121601458885942 0.8852526110742706 0.010879476127320958 0.017873425066313064
0 0.213671875 0.90146484375 0.016406249999999983 0.015820312500000044
0 0.20537109375 0.9095703125 0.015039062500000006 0.012890625000000044
0 0.20484577444051827 0.9189211572438163 0.010812352767962302 0.01081235276796233
0 0.1903526207302709 0.9292734098939929 0.017713854534746776 0.01771385453474683
0 0.17413409157832743 0.8734862706124853 0.01610350412249706 0.01748380447585396
0 0.16780771495877503 0.8810779225559481 0.016333554181389875 0.01610350412249706
0 0.16033108804475854 0.8902799249116606 0.013342903415783258 0.013803003533568892
0 0.15285446113074205 0.896031176383981 0.016333554181389875 0.014723203769140158
0 0.14710320965842166 0.9022425279740871 0.016333554181389875 0.011962603062426469
0 0.12596708131067963 0.8864769796723301 0.01635505157766992 0.009481189320388328
0 0.16837993421052633 0.9462376644736843 0.01850328947368421 0.015830592105263164
0 0.6102804606240713 0.6320463410104011 0.011028046062407149 0.021475668647845447
0 0.5406901041666667 0.7828377444727892 0.010629251700680187 0.016608205782312924
0 0.37645526960784315 0.9401807598039215 0.012254901960784326 0.020680147058823595
0 0.4471124387254901 0.8520986519607843 0.020297181372549045 0.015318627450980338
0 0.44921874999999994 0.8287377450980391 0.019914215686274495 0.01378676470588236
0 0.9215162627551019 0.09941007653061228 0.015943877551020447 0.013153698979591844
1 0.8722948254583921 0.08787685119887165 0.02396641396332866 0.017079513399153742
0 0.9073710762331838 0.1281647047832586 0.012845665171898446 0.009342301943198794
0 0.9008022701793721 0.13692311285500747 0.009634248878923724 0.013429559043348305
0 0.9479517002989536 0.18246683482810164 0.014597346786248133 0.016932922272047846
0 0.8529851466049383 0.24450231481481483 0.011815200617284027 0.017843364197530853
0 0.9944054555084746 0.17932335805084748 0.007282838983050821 0.012447033898305065
0 0.9897709216101696 0.18799655720338987 0.009931144067796605 0.011917372881355942
0 0.990038068543257 0.22615000795165394 0.016017612913486023 0.016449984096692127
0 0.9865020674300253 0.23444954675572519 0.01590330788804073 0.01267294847328243
0 0.8349753410766961 0.41914408185840707 0.011810932890855552 0.018436578171091456
0 0.7279042326431181 0.4532534637637028 0.007612667478684498 0.014035855663824592
0 0.7400369214372715 0.4561082140682095 0.016176918392204587 0.010229521924482343
0 0.8850722589590443 0.46661689419795216 0.015664995733788434 0.017998080204778166
0 0.9205684726962458 0.5412755972696246 0.019997866894197913 0.009998933447099012
1 0.8065593615494978 0.578181043758967 0.017093346484935434 0.03895041248206599
0 0.7630934594953519 0.6165442397078353 0.015562749003984022 0.007781374501992011
0 0.7861782038512616 0.6291241284860558 0.010375166002656089 0.017378403054448932
0 0.7531073622177955 0.6465025315405046 0.016859644754316006 0.008040753652058363
1 0.7790798611111109 0.6674011752136751 0.009682158119658113 0.025373931623931645
0 0.6637594763751764 0.7110036142454161 0.01845689351198876 0.008264280677009794
0 0.7149980165726375 0.6780842295486601 0.01845689351198876 0.00798880465444296
0 0.6963371754327563 0.7343073818242344 0.008582306924101224 0.014823984687083902
0 0.7904931841563786 0.8514446159122084 0.019558041838134477 0.010180898491083723
0 0.6522042410714286 0.9061925551470589 0.011488970588235281 0.015592174369747913
0 0.6592079621380846 0.9242283198775055 0.010004871937639215 0.017617274498886504
0 0.8729213378176381 0.5946959080717489 0.0169329222720479 0.010510089686098678
0 0.8883945254110612 0.5995130325112108 0.012845665171898446 0.010218142750373693
0 0.9826933856502242 0.6412614443198804 0.012845665171898335 0.011385930493273522
0 0.9072050084889642 0.3990277483022071 0.012600806451612878 0.010942805602716488
0 0.8515898930575034 0.6650431714586256 0.017531556802244053 0.008765778401122026
0 0.8696693110098176 0.6766852208976157 0.020270862552594693 0.011779014726507664
0 0.9209591806220095 0.7374838018341308 0.007787579744816586 0.010279605263157854
0 0.9127417488052567 0.8206858572281959 0.0077004928315412835 0.01306750298685777
0 0.9866598966026587 0.9071789604874445 0.020194793205317585 0.017021325701624845
0 0.8833779542097489 0.9097754338995568 0.014424852289512513 0.01875230797636629
0 0.9236232920974888 0.9797359675036927 0.014136355243722365 0.016155834564254068
0 0.7496761315566837 0.7171240482233503 0.018837246192893398 0.011236252115059298
