0 0.1451632553606238 0.07016020955165692 0.014086866471734877 0.017894127680311886
0 0.20112999512670565 0.08082054093567251 0.01713267543859648 0.010279605263157895
0 0.15217314570783136 0.05922322100903618 0.009118505271084348 0.013824830572289164
0 0.14429258884039903 0.01619486440149626 0.010958930798005001 0.008523612842892768
0 0.15063851115760113 0.21451686715481172 0.010351290097629001 0.02206459205020922
0 0.16752745815899583 0.18155618026499304 0.020157775453277543 0.009534082984658299
0 0.13691023284313725 0.08297589869281045 0.010212418300653586 0.014042075163398698
0 0.11119611135181975 0.44850790727902945 0.016586330155979198 0.012862868284228723
0 0.0488457207207207 0.6122606981981982 0.016188063063063064 0.011965090090090169
0 0.1148296734234234 0.5170678490990992 0.0123170045045045 0.008797860360360343
0 0.017349380630630615 0.6541385135135136 0.00809403153153153 0.009853603603603545
0 0.23586509967672412 0.15083681303879307 0.010523302801724144 0.014732623922413812
0 0.22611568457538994 0.1719562391681109 0.012862868284228751 0.016924826689774686
0 0.4392947635135135 0.02896255630630629 0.010909346846846857 0.01583614864864865
0 0.37577421171171166 0.04303913288288287 0.012668918918918914 0.009501689189189193
0 0.3557598570190641 0.0893630849220104 0.011508882149046773 0.01760181975736569
0 0.31316061580882354 0.32077205882352944 0.01062729779411764 0.014935661764705899
0 0.2146426930147059 0.28644875919117646 0.0060317095588235115 0.006606158088235281
0 0.2178021599264706 0.3463350183823529 0.010052849264705899 0.020105698529411742
0 0.30299047195892576 0.368403189178515 0.009873617693522907 0.02098143759873622
0 0.3286005899452804 0.4082218279753762 0.009084302325581384 0.01496238030095759
0 0.34757075068399457 0.3559870896032832 0.017634233926128562 0.008282746238030103
0 0.31127886323268206 0.469991951598579 0.019774089698046227 0.009713587921847233
0 0.2249548999068901 0.5612051908752327 0.017094390130353826 0.014548417132215996
0 0.2775883037225042 0.5892290609137056 0.008592428087986492 0.011897208121827374
0 0.1673668435534591 0.5569170106132075 0.010441234276729577 0.013819280660377409
0 0.14986661585365857 0.5921481993140243 0.013993426067073156 0.015482088414634165
0 0.15611899771341467 0.5984005811737805 0.01458889100609756 0.014886623475609762
0 0.16371117568597565 0.603759765625 0.014886623475609734 0.014291158536585358
0 0.20264923878205132 0.6663599258814104 0.014711037660256415 0.013772035256410242
0 0.3475255576208178 0.6669958178438662 0.01778868494423791 0.011254065985130124
0 0.4389998209169055 0.7849939559455588 0.016789040114613185 0.009233972063037221
0 0.41969242478510027 0.7910100286532951 0.018467944126074498 0.010073424068767989
1 0.44725443230659023 0.7626085691260744 0.012591780085959903 0.02434410816618915
0 0.3978864107883817 0.8071511929460582 0.008644536652835433 0.012966804979253177
0 0.41219735360360354 0.5487401463963963 0.018651463963963943 0.008797860360360343
0 0.4454027704831933 0.5063353466386555 0.012719931722689093 0.009847689075630162
0 0.4942308954831933 0.4718684348739496 0.016002494747899165 0.010668329831932777
0 0.5164856044349071 0.5146693937768241 0.017044438483547864 0.010059012875536455
0 0.42061140188834156 0.3616007286535304 0.018280480295566504 0.009942015599343157
0 0.5573625537249284 0.3905914219197708 0.018467944126074443 0.010073424068767933
0 0.5893310216508796 0.5140075270635995 0.008985960757780687 0.017971921515561484
0 0.5418526785714286 0.5775505514705882 0.010394782913165201 0.013403799019607865
0 0.5495119922969188 0.6003917191876751 0.018601190476190466 0.008753501400560193
0 0.548281031162465 0.6098290878851541 0.01942183123249297 0.007932860644257689
0 0.5026349245406824 0.6136195866141732 0.00973999343832016 0.007176837270341241
0 0.6145166912729658 0.6060582759186353 0.015635252624671914 0.015122621391076119
0 0.6175924786745406 0.6163109005905512 0.01819840879265089 0.015635252624671914
0 0.6651205540355677 0.5341997264021887 0.01950453146374831 0.01095459986320102
0 0.6799493416552667 0.5517003676470588 0.017634233926128617 0.01015304377564985
0 0.730994591346154 0.3344225761217948 0.02222305689102566 0.010329026442307654
0 0.6368412029780564 0.6601072688087775 0.02234766849529779 0.013775960031347956
0 0.8524721054333765 0.5977825840879689 0.01667609961190175 0.012633408796895229
0 0.9217764744065282 0.5450609699554896 0.012750370919881293 0.015068620178041559
0 0.4792731263102725 0.9345928328092242 0.01596894654088049 0.009417583857442402
0 0.7017299107142857 0.8741629464285714 0.009486607142857206 0.009486607142857095
0 0.7094029017857143 0.8390066964285714 0.013671875 0.0078125
0 0.7021484375 0.7693917410714286 0.015345982142857206 0.016462053571428603
0 0.8328683035714286 0.8875558035714286 0.020647321428571397 0.01171875
0 0.8708147321428572 0.8726283482142858 0.013950892857142905 0.014229910714285698
0 0.9440569196428572 0.8381696428571428 0.0170200892857143 0.0161830357142857
0 0.9627511160714286 0.9164341517857143 0.019252232142857095 0.015345982142857206
0 0.9197823660714286 0.8790457589285714 0.010881696428571397 0.014787946428571397
0 0.8464006696428572 0.9914899553571428 0.011997767857142905 0.010323660714285698
0 0.9025224673202614 0.7517297283496732 0.014680351307189587 0.012446384803921573
0 0.8903952205882353 0.7498148999183006 0.013403799019607865 0.012446384803921573
0 0.9231068729575163 0.7638569750816994 0.009255004084967378 0.013084660947712434
0 0.936769859813084 0.5979848130841121 0.010952102803738262 0.017523364485981352
0 0.9522853387850466 0.5547240070093458 0.009856892523364413 0.016428154205607504
0 0.9584915303738317 0.5351927570093458 0.009856892523364524 0.016063084112149517
0 0.9427511484526112 0.6924715909090909 0.01700012088974856 0.010577852998065795
0 0.9544761640798227 0.2994647311529934 0.01992100886917958 0.013425027716186255
0 0.8552221760797342 0.05888574543189368 0.008435423588039948 0.01914192275747508
0 0.8638198193521593 0.07786544850498338 0.008759862956810527 0.0207641196013289
0 0.8861023263293311 0.08039638722126931 0.01608061749571188 0.012060463121783882
0 0.9742107096912521 0.056945486706689544 0.017420668953687768 0.010050385934819897
0 0.7569548670668953 0.02411422598627788 0.01507557890222977 0.009380360205831904
0 0.8216123499142367 0.20217356346483706 0.011725450257289882 0.014405553173241853
0 0.6772282392686804 0.054339725755166934 0.009936406995230462 0.016767686804451516
0 0.6807851239669422 0.08645402892561982 0.012913223140495922 0.016787190082644635
0 0.7220870878067485 0.11233464340490797 0.00868721242331294 0.0131805981595092
0 0.7867517605633803 0.12138259242957747 0.011691241197183122 0.01375440140845069
0 0.9029739734738371 0.25188499273255816 0.010787609011628008 0.012207031250000028
0 0.864501953125 0.142333984375 0.01416015625 0.01171875
0 0.7982177734375 0.16259765625 0.014892578125 0.0146484375
0 0.9646705114449213 0.10434549356223177 0.014809102288984244 0.008103093705293274
0 0.6075873940677966 0.987453654661017 0.012248411016949179 0.008606991525423657
