0 0.17544510385756676 0.5108667933976261 0.010721902818991103 0.011591246290801216
0 0.1796469306379822 0.5231824925816024 0.016227744807121663 0.009562778189910914
0 0.3112073657474601 0.5616552521770681 0.007937227866473162 0.008220700290275773
0 0.31861907029085873 0.5849420013850415 0.00865650969529086 0.011632184903047071
0 0.5423964968152866 0.713450437898089 0.006966560509554132 0.011693869426751546
0 0.7195794898343373 0.6789874341114458 0.022649190512048167 0.010883377259036209
0 0.7369340643825302 0.686046922063253 0.01735457454819278 0.009706795933734913
0 0.7400225903614458 0.6785462161144579 0.019413591867469826 0.008236069277108404
0 0.6309183619966443 0.6310822147651007 0.007537227348993314 0.013763632550335525
0 0.4468560987903226 0.6761907762096774 0.015435987903225812 0.009765625
0 0.6389500649109792 0.36858424517804156 0.00927299703264095 0.020284681008902072
0 0.627648599777448 0.37090249443620177 0.008693434718100912 0.012750370919881293
0 0.6241712258902077 0.333955396884273 0.00985255934718099 0.019994899851632053
0 0.5865627689328744 0.3798206217728055 0.01344664371772808 0.01142964716006889
0 0.7660763197211155 0.021009711155378485 0.01634088645418319 0.01011578685258964
0 0.8269655751992031 0.030541894920318724 0.012061130478087656 0.01050485557768924
0 0.8470026145418326 0.03987954432270916 0.014784611553784854 0.01595181772908366
0 0.958859873007968 0.13500684760956175 0.019842504980079667 0.013228336653386463
0 0.9855110806772908 0.5423618027888446 0.017897161354581748 0.010893924302788904
0 0.9567199950199202 0.5684294073705178 0.011672061752987961 0.010893924302788904
0 0.9332730876865671 0.591767723880597 0.007870802238805874 0.01632462686567171
0 0.9291919309701492 0.6111532182835822 0.010785914179104461 0.016616138059701524
0 0.6885412654083205 0.6667228428351311 0.017454738058551578 0.010533031587056985
0 0.9360029523172905 0.5579113747771836 0.00731116310160429 0.013577874331550777
0 0.9567179144385026 0.45364026292335113 0.012533422459892973 0.007659313725490224
0 0.9503510832055214 0.3798408742331288 0.012881039110429482 0.010185007668711665
0 0.858274647887324 0.8252640845070423 0.020631602112676006 0.015129841549295864
0 0.7932851012323945 0.8225132042253521 0.015817561619718368 0.0096280809859155
0 0.7719657790492958 0.8048044124119719 0.018568441901408383 0.010659661091549255
0 0.36921846693840576 0.7149074388586956 0.01804517663043481 0.010968636775362306
0 0.43626868206521735 0.766212352807971 0.021229619565217406 0.008845674818840576
0 0.36587804985855726 0.8444903642149929 0.008563914427156982 0.018785360678925
0 0.3737513260254597 0.8480816831683169 0.00828765912305518 0.014365275813295608
0 0.37125384221311475 0.863217213114754 0.009925717213114804 0.016649590163934413
0 0.514932552435724 0.8813747462787551 0.014007527063599423 0.012686062246278773
0 0.2523465602517986 0.8289751011690647 0.020725607014388497 0.009133318345323715
0 0.24391580485611514 0.7323726955935252 0.023535858812949645 0.009835881294964044
0 0.02456761006289308 0.7218782756813417 0.0188351677148847 0.01392164570230614
0 0.05241090146750524 0.763233752620545 0.013921645702306078 0.020473008385744174
0 0.32142623165618445 0.926608359538784 0.009008123689727476 0.01474056603773588
0 0.38187278891509435 0.7244374017295596 0.013205090408805076 0.007984473270440273
0 0.30349818166441134 0.7294062922868743 0.009250253721244939 0.013214648173207055
0 0.4986769153225806 0.7861328125 0.01575100806451618 0.011025705645161255
0 0.507804063174946 0.8273488120950324 0.018561015118790436 0.020670221382289355
0 0.3153794332406119 0.4081460796244784 0.010865785813630013 0.010050851877607792
0 0.31252716446453405 0.42634627086230875 0.007877694714881756 0.012767298331015309
0 0.5537227439550949 0.9519376079447324 0.009782491364421442 0.019564982728842772
0 0.3058114210358056 0.9790401214833759 0.01024016943734013 0.015485134271099654
0 0.32142143542199486 0.9781659606777494 0.010989450127877276 0.01423633312020467
0 0.28442837732919257 0.6473942158385093 0.01382958074534163 0.008491847826087029
0 0.5817522321428572 0.6657366071428572 0.015066964285714302 0.012834821428571508
0 0.5532058189655173 0.44561557112068967 0.014143318965517238 0.009765625
