1 0.07352941176470587 0.3879442401960784 0.034466911764705885 0.024509803921568596
0 0.09457520091848454 0.4104163676808266 0.014799799081515505 0.010539250861079208
0 0.1125143513203215 0.42622524397244543 0.01569675660160734 0.014351320321469574
1 0.1231657218714122 0.43250394661308844 0.02130274110218139 0.022423938002296195
0 0.148056293053961 0.44517347158438575 0.017266432261768078 0.010539250861079208
0 0.19806167479908154 0.43328878444316876 0.021751219862227306 0.011884687141216987
0 0.1624461206896552 0.41594827586206895 0.017241379310344834 0.015625
0 0.14532650975738398 0.4624002834915612 0.019160403481012667 0.010507318037974667
0 0.1406909282700422 0.4717744593881857 0.016070015822784833 0.008241033755274296
0 0.13863066983122363 0.4824878032700422 0.016070015822784806 0.009889240506329111
0 0.136673424314346 0.4918619791666667 0.019160403481012667 0.009271162974683556
0 0.1807629549050633 0.502987374736287 0.01668809335443039 0.010507318037974722
0 0.18065994198312238 0.5125675764767933 0.017306170886075944 0.010713343881856519
0 0.17684846387130804 0.5303888119725738 0.016276041666666657 0.010507318037974667
0 0.1738610891350211 0.5393509361814346 0.017718222573839648 0.011537447257383926
0 0.13280825868621068 0.5096489888707927 0.01717732084690554 0.008270561889250794
0 0.12899107627578724 0.5180255836047774 0.018449714983713353 0.008906758957654692
0 0.12506786102062978 0.5273564739413681 0.017389386536373494 0.007634364820846895
0 0.12559802524429972 0.5384899226384365 0.01802558360477742 0.010391218783930456
0 0.1228411712812161 0.5473966815960912 0.01844971498371334 0.009967087404994635
0 0.12146274429967431 0.5568336047774158 0.019085912052117265 0.009330890336590625
0 0.11966018593919657 0.5646800352877308 0.0188738463626493 0.009330890336590625
0 0.11841093400447428 0.5768709801454139 0.02053621364653245 0.011141988255033541
0 0.11436923238255034 0.5849543833892618 0.017696098993288584 0.009394225391498923
0 0.11065523629753915 0.5936931977069352 0.019880802572706927 0.010705047539149914
0 0.11043676593959732 0.6031966582774049 0.01988080257270694 0.010486577181208045
0 0.10683200503355705 0.6142294113534676 0.019225391498881444 0.010705047539149803
0 0.10519347734899329 0.6234051663870246 0.017259158277404915 0.010705047539149803
0 0.1020256571588367 0.6327993917785235 0.015292925055928414 0.007646462527964193
0 0.09896707214765102 0.6411012653803132 0.01791456935123044 0.010268106823266177
0 0.09853013143176734 0.6508231963087249 0.019662332214765113 0.010049636465324419
0 0.09667313338926176 0.6601081865212528 0.018569980425055935 0.009394225391498923
0 0.09294745807127881 0.6710028498427671 0.01637840670859539 0.009622313941299754
0 0.09151434748427673 0.6792944182389937 0.018835167714884693 0.010236504192872142
0 0.08946704664570229 0.6882001768867925 0.019654088050314475 0.009622313941299754
0 0.08649846042976939 0.6984366810796645 0.01822097746331236 0.008803393605870014
0 0.08373460429769392 0.7066258844339621 0.020063548218029345 0.009622313941299754
0 0.08199439858490565 0.7165552935010482 0.017811517295597476 0.00777974318658281
0 0.13232155054644812 0.725463200136612 0.013874658469945345 0.010139173497267784
0 0.13165449965846998 0.716524718237705 0.020011526639344274 0.010939634562841527
0 0.13942307692307696 0.6731399271091811 0.019143532878411917 0.01017757444168732
0 0.1440272177419355 0.6628411910669976 0.0186588864764268 0.01090454404466501
0 0.14657161135235736 0.6520578086228288 0.016962624069478904 0.01017757444168732
0 0.1485101969602978 0.6420013957816377 0.019385856079404462 0.0113891904466501
0 0.1549317617866005 0.6321873061414391 0.015266361662531008 0.009208281637717142
0 0.35442830023364486 0.4818605797313084 0.01939434871495327 0.011864778037383172
0 0.40063248393691586 0.4948662018107477 0.01916617990654207 0.010952102803738317
0 0.3907071407710281 0.5312591267523366 0.014830972546728993 0.010267596378504718
0 0.3840902453271028 0.5527069947429907 0.013918297313084083 0.012092946845794428
0 0.39572685455607476 0.5578407929322431 0.012549284462616828 0.010952102803738373
0 0.3488381644275701 0.502623941296729 0.018253504672897214 0.010039427570093518
0 0.3433049178954424 0.5212068532171582 0.01544696715817695 0.011519772117962512
0 0.3392468163538874 0.5373083528820375 0.02094504021447724 0.011781585120643423
0 0.33767593833780163 0.548828125 0.018326910187667578 0.010210707104557626
0 0.3319265758221681 0.5666108404384896 0.016890605968331307 0.009515834348355678
0 0.3304992006699148 0.5764835185749086 0.019745356272837966 0.010229521924482343
0 0.3272876065773447 0.5915899056029232 0.0190316686967113 0.011419001218026859
0 0.30796104753521125 0.5946027728873239 0.012378961267605626 0.009077904929577496
0 0.37090481408706166 0.613333207376058 0.016295722490931086 0.012280834340991587
0 0.36441014207980654 0.6321087137243047 0.02125529020556227 0.01298934401451024
0 0.36275695284159615 0.6406108298065296 0.010391475211608214 0.009210625755743718
0 0.31245620795964124 0.6630114910313902 0.02058225896860988 0.011823850896860999
0 0.3061063621076233 0.6720983394058295 0.018392656950672603 0.00941528867713004
0 0.30238403867713004 0.682061028587444 0.017078895739910283 0.009196328475336357
0 0.30325987948430494 0.692242677970852 0.0201443385650224 0.011604890695067205
0 0.3518690442825112 0.6765870235426009 0.019268497757847558 0.0100721692825112
0 0.35088372337443946 0.6853454316143498 0.01992537836322872 0.012699691704035843
0 0.34825620095291476 0.6949796804932735 0.0177357763452915 0.011823850896860999
0 0.34705191984304934 0.7034096482623318 0.013575532511210797 0.00810152746636772
0 0.34497179792600896 0.7140292180493274 0.01729785594170402 0.011385930493273522
0 0.34420543721973096 0.72300658632287 0.014013452914798219 0.010510089686098567
0 0.28946538677130046 0.7311081137892377 0.01445137331838564 0.00875840807174888
0 0.28935590667040356 0.7423845641816144 0.018611617152466342 0.010729049887892472
0 0.28530514293721976 0.7613246216367713 0.01795473654708518 0.011823850896860999
0 0.32099565582959644 0.7950444927130045 0.020582258968609823 0.012261771300448476
0 0.31902501401345296 0.804788221692825 0.01970641816143498 0.00941528867713004
0 0.3178207329035875 0.81507935117713 0.01904953755605382 0.011166970291479839
1 0.47489534657320875 0.45420804127725856 0.010952102803738317 0.023121105919003127
1 0.5135319314641744 0.5447150019470405 0.016428154205607393 0.02890138239875384
1 0.4313820646639511 0.8623822556008146 0.01790033095723015 0.03420952138492872
0 0.4371050467451524 0.8926538694598338 0.01027960526315791 0.020018178670360154
0 0.4525390625 0.77998046875 0.011328124999999967 0.019726562499999933
0 0.6168663662398922 0.7154439016172507 0.011318648921832875 0.017899258760107895
0 0.6679554859932089 0.37498673599320886 0.01160600594227501 0.02122241086587434
0 0.6880172962648556 0.38029233870967744 0.011274405772495832 0.018569609507640084
0 0.69995490237691 0.3829451400679117 0.011274405772495721 0.01591680814940577
0 0.7107319078947367 0.38642694185059423 0.010279605263157854 0.01558520797962648
0 0.7276435165534805 0.3904061438879457 0.010942805602716432 0.020227610356536474
0 0.738088921901528 0.3940537457555178 0.008621604414261519 0.020890810696095108
0 0.6588375796178343 0.4216013136942675 0.009952229299363125 0.019655652866242046
0 0.6758807722929936 0.42433817675159236 0.010201035031847105 0.021148487261146542
0 0.6857085987261147 0.429811902866242 0.009952229299363125 0.01766520700636942
0 0.6952876194267515 0.43192675159235666 0.008708200636942776 0.01890923566878977
0 0.7068570859872612 0.43478801751592355 0.008957006369426757 0.01766520700636942
0 0.7149432722929936 0.4381468949044586 0.011693869426751657 0.017914012738853513
0 0.7268859474522292 0.44548666401273884 0.014181926751592355 0.01617237261146498
0 0.7666509917920656 0.022806942544459675 0.01897016073871416 0.01202334131326949
0 0.9420142983490565 0.05358809944968553 0.016890231918239018 0.009519948899371064
0 0.8449541823308271 0.11378054511278198 0.01585996240601506 0.013216635338345856
0 0.832789745145631 0.21509026092233013 0.015406932645631088 0.01540693264563106
0 0.8864769796723301 0.24353382888349515 0.016118021844660158 0.015406932645631033
0 0.7461713109205776 0.311653880866426 0.008108641696750962 0.015512184115523464
0 0.860835639606396 0.3134561423739238 0.014654443419434227 0.013453259532595352
0 0.9293609897416413 0.32576225303951367 0.007717515197568359 0.015138202887537977
0 0.8787364130434783 0.41610054347826086 0.015625 0.014945652173913082
0 0.8672264327242525 0.04801702657807309 0.008435423588039836 0.01687084717607973
0 0.7032879867872044 0.28318954276773295 0.017928546592489547 0.010594141168289273
0 0.7523766942771084 0.188941312123494 0.012942394578313254 0.01617799322289154
