0 0.39503657597535935 0.028274191478439424 0.011229466119096532 0.018849460985626284
0 0.3573376540041068 0.10627887577002053 0.012031570841889105 0.01764630390143737
0 0.00751201923076923 0.4556632717611336 0.01502403846153846 0.010674974696356254
0 0.006721280364372469 0.46633824645748984 0.011861082995951417 0.0075120192307692735
0 0.016370122832369945 0.7816733652456648 0.007338330924855491 0.012136470375722519
0 0.06736406019202362 0.9304029726735598 0.010674390694239297 0.017886816838995623
0 0.043130308345642535 0.9676190915805021 0.014713349335302807 0.013847858197932106
0 0.20418886434511438 0.9726481288981288 0.02192697505197505 0.0125877079002078
0 0.2255067567567568 0.9781298726611226 0.02070880977130976 0.010557432432432456
0 0.18086180880062305 0.9078076323987538 0.011864778037383172 0.01947040498442376
0 0.17614632009345796 0.9303202881619939 0.010952102803738317 0.018861954828660488
0 0.3749377680759804 0.8925398284313726 0.009334788602941124 0.01723345588235292
0 0.29882280313351495 0.9177558753405994 0.010643732970027242 0.014369039509536718
0 0.2896425834468665 0.9154940820844686 0.007716706403269713 0.019424812670299718
0 0.280861503746594 0.9119018222070845 0.010909826294277947 0.01809434604904636
0 0.27181433072207084 0.909373935626703 0.0114420129427793 0.01889262602179831
0 0.25957403780653954 0.9077773756811989 0.012506386239782008 0.021021372615803835
0 0.2952305432561308 0.8884856096730246 0.008781079700272532 0.016497786103542245
0 0.2859172769073569 0.8874212363760219 0.009845452997275184 0.017029972752043654
0 0.27780143051771117 0.8824985098773842 0.010111546321525888 0.020489185967302426
0 0.26848816416893734 0.8787732033378747 0.010111546321525888 0.019956999318801127
0 0.25664701123978206 0.8795714833106267 0.010377639645776593 0.021021372615803835
0 0.2334883354350567 0.8423313366960907 0.01182219419924338 0.019703656998738994
0 0.23558184899117274 0.8248443411097099 0.010098124211853715 0.017240699873896648
0 0.26833917875157626 0.8335878389029003 0.012068489911727598 0.021920318411097095
0 0.30860852774274905 0.8433165195460277 0.011822194199243408 0.020688839848675866
0 0.29937243852459017 0.8380211617276165 0.010098124211853687 0.016994404161412402
0 0.2891511664564943 0.8369128310214375 0.010344419924337989 0.016748108448928156
0 0.27732897225725095 0.8343267260403531 0.00886664564943257 0.01650181273644391
0 0.25109847887767967 0.7697972493694829 0.01256108133669609 0.01994995271122324
0 0.25577809741488017 0.7500935923707439 0.012561081336696062 0.021920318411097095
0 0.29604744640605296 0.7638861522698612 0.013792559899117263 0.01945736128625475
0 0.2737576844262295 0.8064953105296342 0.010590715636822179 0.01994995271122313
0 0.2831169215006305 0.8095740069356872 0.008620349936948268 0.01871847414880201
0 0.29444652427490536 0.811421224779319 0.010098124211853687 0.018964769861286257
0 0.30479094419924335 0.8149925126103403 0.01108330706179067 0.015270334174022682
0 0.3142733291298865 0.8168397304539722 0.01132960277427486 0.02044254413619173
0 0.26399958053691275 0.7197724412751678 0.011010906040268442 0.0212353187919464
0 0.3329488255033557 0.7444158976510067 0.012059563758389236 0.020186661073825496
0 0.3073522286821706 0.6955980066445183 0.0211967054263566 0.011679817275747517
0 0.32844078765227025 0.7008971830011075 0.020115240863787354 0.011463524363233724
0 0.350827104097453 0.705763773532669 0.017303433001107427 0.01081464562569212
0 0.3848932378183832 0.6802412098560355 0.01881748338870437 0.010382059800664423
0 0.31286769795127356 0.6623970445736435 0.018384897563676672 0.011463524363233724
