1 0.4860792386609072 0.12435036447084231 0.018982856371490275 0.01940469762419003
0 0.40437272451456313 0.21064042273462785 0.01485386326860838 0.010429308252427189
0 0.4018444073624595 0.22375606796116504 0.019278418284789656 0.01200950647249191
0 0.4326582726537217 0.1942063612459547 0.014537823624595436 0.010429308252427189
0 0.4326582726537217 0.20653190736245958 0.018330299352750767 0.009165149676375411
0 0.3960478599570201 0.2642538950573066 0.01371104942693413 0.00811470272206305
0 0.38849279190544417 0.2779649444842407 0.019867030802292296 0.012032145415472761
0 0.3865340705587393 0.2888778205587393 0.018188126790830927 0.009793606733524363
0 0.38080407041728764 0.3109456501490313 0.017173528315946318 0.01076983979135615
0 0.3827791132478632 0.30064770299145294 0.017027243589743557 0.01101762820512825
0 0.38060897435897434 0.32134748931623924 0.012019230769230782 0.007678952991452992
0 0.37510016025641024 0.33286591880341876 0.01368856837606841 0.010683760683760701
0 0.375267094017094 0.3418803418803419 0.016025641025641024 0.00934829059829062
0 0.3700921474358974 0.35490117521367515 0.016359508547008517 0.010016025641025605
0 0.366920405982906 0.375267094017094 0.017361111111111105 0.012019230769230782
0 0.3887887286324786 0.38161057692307687 0.015691773504273532 0.011351495726495742
0 0.3956330128205128 0.35890758547008544 0.016025641025641024 0.009348290598290565
0 0.39713541666666663 0.3477230235042735 0.016359508547008517 0.011017628205128194
0 0.40130876068376065 0.3373731303418803 0.018028846153846145 0.011017628205128194
0 0.40564903846153844 0.3140024038461538 0.016025641025641024 0.009682158119658113
0 0.30655431669394434 0.01262658551554828 0.012786415711947607 0.011827434533551555
0 0.485014579665493 0.2780108384683099 0.013410541373239437 0.020287742077464754
0 0.5040988116197184 0.2786985585387324 0.015817561619718312 0.013410541373239437
0 0.533326914612676 0.2616774867957746 0.01650528169014087 0.013066681338028185
0 0.5302321742957747 0.2749160981514085 0.01650528169014087 0.012035101232394319
0 0.5290286641725352 0.2883266395246479 0.01616142165492951 0.012722821302816933
0 0.499112841109155 0.29382840008802813 0.01547370158450706 0.013410541373239437
0 0.4980812610035211 0.30569157130281693 0.013410541373239437 0.0096280809859155
0 0.5240426936619718 0.30122139084507044 0.017193001760563376 0.012378961267605626
0 0.562039227552817 0.30294069102112675 0.009971941021126862 0.01856844190140844
0 0.5579129071302817 0.3254635233274648 0.008596500880281743 0.017536861795774628
0 0.6043911637931034 0.4819381857366771 0.010714635579937237 0.018061814263322873
