3 0.66015625 0.06796875 0.049609374999999956 0.047265625
3 0.6513671875 0.01572265625 0.03554687500000009 0.028710937500000002
3 0.8123720660480349 0.26140317958515286 0.12366948689956336 0.11769923580786026
3 0.8123720660480349 0.4022371383733625 0.1385951146288209 0.11748601255458518
3 0.8272976937772925 0.5474421738537117 0.12324304039301304 0.1183389055676855
3 0.8225001705786026 0.701282751091703 0.07100334334061142 0.07676037117903922
3 0.9052307928493449 0.7068265556768558 0.06716532478165949 0.07803971069868998
3 0.9700346890903307 0.9598640267175572 0.0560243718193385 0.07245944656488557
3 0.8964520714058524 0.9636982148536896 0.07037710718829515 0.06869732029262088
1 0.962463508492569 0.46132729564755837 0.028612659235668803 0.010781581740976653
1 0.9627745156581741 0.47086484872611467 0.03006402600849256 0.009537553078556249
1 0.9640185443205944 0.4793657112526539 0.03255208333333337 0.009537553078556305
1 0.9595607749469215 0.43458067940552014 0.02902733545647551 0.011196257961783418
