0 0.37952190896739135 0.1916397758152174 0.0244140625 0.00955332880434781
0 0.15686946128731344 0.2361240671641791 0.02077017257462685 0.013846781716417927
0 0.29515508395522383 0.34999562733208955 0.017490671641791022 0.009838502798507454
0 0.22318825792910446 0.37258774486940294 0.022956506529850762 0.012024836753731394
0 0.3775069962686567 0.7347904034514925 0.016033115671641784 0.020770172574626766
0 0.32230206389925375 0.76904296875 0.017855060634328346 0.02222772854477617
0 0.2827658582089552 0.7805212220149254 0.0211345615671642 0.015304337686567138
0 0.2423186800373134 0.7648524953358209 0.017490671641791022 0.010931669776119368
0 0.08654238572761194 0.7756019706156716 0.012024836753731352 0.0178550606343284
0 0.020223589085820896 0.402285447761194 0.014211170708955225 0.01676189365671643
0 0.010749475279850745 0.3990059468283582 0.013482392723880595 0.017490671641791022
0 0.11059205923507462 0.46095207555970147 0.012024836753731338 0.015304337686567138
0 0.25088182136194026 0.5075938666044776 0.01639750466417908 0.016033115671641784
0 0.574823635727612 0.9100615088619403 0.01785506063432829 0.01348239272388052
0 0.5975979477611939 0.8794528334888059 0.011660447761194015 0.021498950559701524
0 0.4953868353544776 0.9404879897388059 0.011296058768656747 0.01676189365671643
0 0.4868236940298507 0.9583430503731343 0.015304337686567138 0.02113456156716409
0 0.5037677821828358 0.944678463152985 0.01275361473880593 0.016397504664179108
0 0.651709713152985 0.6047035331156716 0.02004139458955223 0.017126282649253755
0 0.6704757462686566 0.6169105643656716 0.0211345615671642 0.01676189365671643
0 0.6759415811567164 0.6455151002798507 0.012389225746268662 0.016397504664179108
0 0.6846869169776119 0.6542604361007462 0.016033115671641784 0.020770172574626877
0 0.663916744402985 0.3459873484141791 0.021863339552238847 0.01275361473880593
0 0.7029063666044775 0.30535797574626866 0.012389225746268662 0.01821944962686567
0 0.6978049207089552 0.2876851096082089 0.014575559701492491 0.018583838619402993
0 0.7805212220149254 0.34908465485074625 0.016033115671641784 0.013846781716417955
0 0.7606620219216418 0.22409923041044774 0.014939948694029925 0.016033115671641784
0 0.8626909398320894 0.3685794659514925 0.019312616604477584 0.016397504664179108
0 0.7666744402985074 0.8397344333022387 0.018219449626865725 0.013482392723880632
0 0.41157736707089554 0.8007448111007462 0.01931261660447764 0.017126282649253755
0 0.5657139109141791 0.47024399486940294 0.014939948694029814 0.01931261660447764
0 0.5515027402052239 0.46441377098880593 0.012753614738805985 0.020770172574626877
