0 0.5224308473389356 0.098296349789916 0.011488970588235281 0.019421831232492998
0 0.12400976015406165 0.18405330882352944 0.015592174369747872 0.019148284313725478
0 0.2662387361367837 0.419853280961183 0.019134126617375236 0.016606977818853952
0 0.4759743248772504 0.0684073240589198 0.019179623567921467 0.011507774140752866
0 0.4854043064648118 0.46031096563011453 0.01630268003273322 0.020458265139116194
0 0.49179751432078556 0.46734349427168576 0.015663359247135855 0.02237622749590834
0 0.5411850450081833 0.5552501022913257 0.0166223404255319 0.017900981996726628
0 0.5200874590834696 0.7791722074468085 0.02173690671031092 0.011188113747954143
0 0.4925966653027823 0.7785328866612111 0.019179623567921467 0.011188113747954143
0 0.6455541632569558 0.7889218494271686 0.023335208674304386 0.01150777414075288
0 0.5608441591653028 0.8506163052373159 0.012466755319148981 0.02173690671031092
0 0.6135881239770866 0.8531735883797054 0.021417246317512295 0.011507774140752769
0 0.7034126943535188 0.8172117941898527 0.02077792553191482 0.012466755319148981
0 0.7225923179214402 0.8229656812602291 0.019499283960720093 0.016942000818330638
0 0.9570632160392798 0.8301580400981996 0.012786415711947607 0.023654869067103124
0 0.8480590220949262 0.3083124488543371 0.02173690671031092 0.014384717675941072
0 0.9063970437806874 0.35562218698854337 0.013745396890343708 0.02205656710310966
0 0.7798115282324058 0.31118939238952537 0.02205656710310966 0.015024038461538436
0 0.9572230462356792 0.03819941693944353 0.013106076104746234 0.02013860474631751
0 0.9682513297872339 0.04059686988543371 0.01470437806873981 0.016622340425531915
0 0.05830313183807442 0.2285070774070022 0.02179636214442013 0.012180320021881852
0 0.029027625820568958 0.27893787609409193 0.014958287746170675 0.019018394420131313
0 0.13173491379310345 0.5383890086206896 0.01724137931034482 0.01751077586206895
0 0.7192377601387405 0.1714456043223052 0.021052894877267803 0.013548892742796137
