0 0.06509997990353697 0.028989147909967827 0.006594151929260453 0.010990253215434086
0 0.16150020096463025 0.03950839027331188 0.013502311093247593 0.0075361736334405155
0 0.16275622990353697 0.0046535872186494985 0.007222166398713814 0.00816418810289389
0 0.1739034867363344 0.08142835610932474 0.019468448553054685 0.013502311093247593
0 0.07750326567524114 0.143601788585209 0.015700361736334406 0.01161826768488744
0 0.02591239846570397 0.03349221570397112 0.01586473375451264 0.010576489169675095
0 0.06486913357400723 0.07244895081227437 0.010576489169675088 0.011634138086642598
0 0.21164591315453385 0.13656409642401024 0.011224856321839088 0.012721503831417624
0 0.11012579805107525 0.15619749663978494 0.010763188844086016 0.014175907258064502
0 0.12258454106280192 0.35186443236714976 0.01195148953301127 0.018241747181964585
0 0.13170541465378421 0.3564248691626409 0.010064412238325299 0.013524053945249581
0 0.18294349366706875 0.3621173854041013 0.01248680639324487 0.0174344089264174
0 0.18954029704463204 0.36989218938480095 0.010130805186972264 0.013664806996381229
0 0.26397882712456344 0.3445821813154831 0.015461292200232846 0.010686481373690326
0 0.25056388242142025 0.3742542200232829 0.01000436554132711 0.012732828870779977
0 0.4014756944444444 0.22843567251461988 0.01713267543859648 0.011992872807017552
0 0.36680228157439443 0.2568122837370242 0.008447772491349481 0.013516435986159148
0 0.38944231185121103 0.26728752162629754 0.014530168685121081 0.012164792387543255
0 0.438777303200692 0.31341235942906576 0.01182688148788924 0.017909277681660896
0 0.3798828125 0.34609375 0.011328125000000022 0.017187499999999967
0 0.4091796875 0.36435546875 0.012109374999999978 0.01972656249999999
0 0.2939363532110092 0.2566913089777195 0.014078882699868955 0.008703309305373552
0 0.1854772389643463 0.42737956281833617 0.018901209677419345 0.014590407470288613
0 0.22327965831918506 0.4179289579796265 0.015585207979626509 0.009616404923599275
0 0.371987640542328 0.37702546296296297 0.007233796296296335 0.012142443783068835
0 0.09600298236514525 0.16448392116182575 0.009454961964038722 0.014047372060857544
0 0.11825284090909088 0.5708415468460112 0.00905902133580705 0.016306238404452778
0 0.024985151681286552 0.48099986293859653 0.013991684941520467 0.011707328216374269
0 0.15514477591792655 0.5717130129589634 0.010124190064794814 0.020670221382289466
0 0.24050616909385114 0.6839097896440129 0.017066140776699046 0.010745347896440105
0 0.01506887864493997 0.8490834048027445 0.00871033447684391 0.019095733276157767
0 0.0907817860205832 0.9700230488850772 0.02211084905660378 0.010385398799313883
0 0.13316091337907376 0.9832560570325901 0.01842570754716978 0.009380360205831884
0 0.007571756958250496 0.6812639786282306 0.01359033300198807 0.012037152087475134
0 0.0755010046531303 0.600961030033841 0.01553246615905246 0.01288864213197971
0 0.21594632056451613 0.8029863911290323 0.015435987903225812 0.008820564516129004
0 0.24666078629032256 0.8373235887096774 0.011340725806451596 0.016381048387096753
0 0.20854334677419353 0.8483492943548387 0.017641129032258063 0.01008064516129037
0 0.24096724815157117 0.9142718923290203 0.01769004158964879 0.009025531423290212
0 0.23952316312384475 0.9232974237523106 0.01769004158964882 0.009025531423290212
0 0.3673601848323171 0.9668445121951219 0.011909298780487854 0.007443311737804881
0 0.2913464822404372 0.929047131147541 0.01867742486338797 0.008538251366120186
0 0.4230046613394216 0.7791452625570776 0.010702054794520577 0.017242199391171997
0 0.3798076923076923 0.7904647435897436 0.011581029647435903 0.015337039262820484
0 0.3063185020876827 0.7560673277661796 0.00795113517745305 0.012844141440501056
0 0.5082274496336997 0.9392742673992674 0.012162316849816834 0.017885760073260037
0 0.4984072934973638 0.856251373022847 0.008924648506151156 0.012013949912126565
0 0.47249148725834794 0.867750439367311 0.011327438488576425 0.015789762741652003
0 0.47771170019788917 0.8008276302770447 0.011337401055408924 0.017521437994722944
0 0.4625092760554089 0.7566375329815304 0.01133740105540898 0.017263769788918193
0 0.15738781307977734 0.9719750115955474 0.011957908163265307 0.006884856215213397
0 0.4807804188829787 0.5502133200354611 0.010042664007092195 0.018007535460992874
0 0.5064065270390071 0.5611217309397163 0.010735261524822626 0.01627604166666663
0 0.5173149379432624 0.5623337765957448 0.009696365248226924 0.018007535460992874
0 0.5268381538120568 0.5630263741134752 0.008657468971631221 0.017314937943262443
0 0.4227570564516129 0.443390877016129 0.012600806451612878 0.012285786290322565
0 0.4996219758064516 0.4764679939516129 0.013860887096774244 0.01732610887096775
0 0.5161605342741935 0.4876512096774193 0.01228578629032262 0.015751008064516125
0 0.5260836693548387 0.49143145161290325 0.013230846774193616 0.018271169354838745
0 0.5404768318965516 0.4980228217364531 0.013469827586206962 0.01611568657635465
0 0.5505290252483444 0.504126138245033 0.010671047185430438 0.014874793046357637
0 0.7917616102430556 0.8817884657118056 0.01966688368055558 0.01322428385416674
0 0.62937617481203 0.42055333646616544 0.015272556390977465 0.015272556390977465
0 0.7066200657894737 0.4922168703007519 0.008811090225563922 0.018209586466165384
0 0.5423464609621451 0.3915491916403786 0.01817576892744488 0.015403194006309129
0 0.5549829306722689 0.22836790966386555 0.015318627450980449 0.013130252100840345
0 0.5670189950980392 0.21168154761904762 0.015318627450980449 0.019148284313725478
0 0.4859187249666222 0.30612170393858484 0.011734395861148217 0.014602803738317738
0 0.9839757640280561 0.05868768787575153 0.018787575150300606 0.014090681362725455
0 0.9411166082164328 0.06827717935871745 0.011350826653306667 0.014482089178356715
0 0.6391310533940397 0.07291882243377483 0.016491618377483475 0.016491618377483447
0 0.5911113410596026 0.023443967301324503 0.016814983443708575 0.014551427980132453
0 0.5696614583333334 0.10172526041666667 0.01576741536458326 0.014750162760416657
0 0.46415885029717685 0.04335182949479944 0.014220375185735545 0.01712249257057949
0 0.2617331112132353 0.056906307444852935 0.01795151654411764 0.01472024356617646
0 0.2875832950367647 0.10052849264705882 0.02082375919117646 0.012925091911764705
0 0.31720329733455876 0.012386546415441176 0.007539636948529382 0.014002182904411763
0 0.3927791819852941 0.14630485983455882 0.012925091911764719 0.01041187959558823
0 0.41271551724137934 0.0824353448275862 0.009159482758620718 0.012931034482758619
0 0.44524406165768193 0.16833199966307277 0.0086864049865229 0.016583136792452824
0 0.6478432282003711 0.015885899814471215 0.014494434137291234 0.014494434137291283
0 0.3542599561737805 0.15626786394817077 0.014291158536585358 0.007741044207317055
0 0.4516068504366812 0.10078352438136827 0.010519013828238721 0.009950418486171758
0 0.7005048568507158 0.46864615286298567 0.014378834355828207 0.01158294989775055
0 0.5092978863268609 0.7050844457928803 0.011693466828478938 0.012009506472491882
0 0.46633242471443404 0.7038308021806854 0.008721118899273128 0.008315485462097705
0 0.8877179230981256 0.8613388919514884 0.007106187982359402 0.011628307607497224
0 0.3497456395348837 0.28017900856793143 0.012909271725826177 0.01099678702570378
0 0.36557266135620914 0.39206112132352944 0.009893280228758128 0.015637765522875824
0 0.9517443426724138 0.07266971982758619 0.0138065732758621 0.018857758620689655
