0 0.5180606010568032 0.22934899273447823 0.009288309114927285 0.014448480845442535
0 0.5411523695508587 0.28843295904887717 0.014706489431968284 0.021672721268163775
0 0.53691888816645 0.11378413524057217 0.01066726267880369 0.010667262678803635
0 0.5424592391304348 0.12005046583850934 0.009219720496894457 0.013586956521739121
0 0.41368361509562845 0.016521516393442643 0.01520876024590162 0.014941939890710383
0 0.39634029200819676 0.003980959699453571 0.016276041666666685 0.00747096994535519
0 0.44930131274768825 0.05583821829590491 0.014706489431968284 0.008514283355350066
0 0.31001252948113206 0.00522061713836478 0.01320509040880502 0.01044123427672956
0 0.3560767983490566 0.05097779088050314 0.012590900157232743 0.013512185534591194
0 0.3396581912302071 0.10378444732034109 0.019031668696711357 0.014987439098660169
0 0.2912787402849741 0.1368250080958549 0.007842859455958529 0.011131800518134727
0 0.10617315573770493 0.23491397711748635 0.014408299180327877 0.014675119535519116
0 0.1275669642857143 0.25174386160714285 0.01127232142857143 0.017996651785714274
0 0.10837030606995887 0.31021331661522633 0.009042245370370364 0.009243184156378592
0 0.21512195675872092 0.05174645712209302 0.00965207122093023 0.015613644622093026
0 0.04269282375346259 0.00509110976454292 0.012984764542936289 0.009197541551246538
0 0.1007320374015748 0.04588049540682415 0.01589156824146981 0.012303149606299212
0 0.12034561420722135 0.032807594191522765 0.00889177786499215 0.015330651491365775
0 0.12923739207221352 0.03020138343799058 0.007665325745682877 0.011957908163265307
0 0.3134296533842795 0.06278571915938866 0.010661162663755441 0.009168599890829694
0 0.29013671875 0.09970703125 0.009179687500000033 0.009179687499999992
0 0.3819879617414248 0.18396994558047494 0.007472377968337718 0.01133740105540898
0 0.2904431100981767 0.05390405855539972 0.007396125525946706 0.0104093618513324
0 0.7027580245302714 0.6560705897703549 0.009378262004175353 0.018756524008350706
0 0.6935836377870563 0.7188641701461378 0.018756524008350706 0.00978601252609601
0 0.6877895621366279 0.7827489098837209 0.012490915697674465 0.009368186773255793
0 0.6180836970074812 0.8595454722568578 0.01704722568578554 0.009984803615960103
0 0.6362268157730674 0.8730614869077307 0.01972607543640903 0.016073098503740613
0 0.7094081203241895 0.837627610660848 0.010715399002493742 0.012420121571072307
0 0.5152033891417425 0.7771862808842652 0.010413280234070288 0.015238946684005272
0 0.4875734785615491 0.8021535701936376 0.012966804979253121 0.013236946749654255
0 0.44992093874833555 0.7457504577230359 0.012483355525965356 0.011183005992010608
0 0.21931384102730817 0.7366760809492847 0.0099053153446034 0.01854071846553962
0 0.03313346268163806 0.7462691958388374 0.018318609643328928 0.006966231836195491
0 0.14575421070013211 0.76071767668428 0.017544583883751658 0.010578352047556083
0 0.027175134892086374 0.7850649168165468 0.013699977517985611 0.012646133093525247
0 0.3415827165570175 0.9518271998355262 0.009851288377192957 0.012635348135964897
0 0.02051051765927976 0.8154215720221607 0.007033414127423823 0.010009089335180077
0 0.03379065040650409 0.8136115345528455 0.01746697154471545 0.013338414634146423
0 0.14241536458333331 0.8208900369623655 0.012863323252688158 0.00945060483870963
0 0.12138580607476634 0.9108498831775701 0.007909852024922101 0.010343652647974988
0 0.08720439189189189 0.8533220720720722 0.010557432432432443 0.014076576576576572
0 0.36412470479082315 0.9349063765182186 0.01027960526315791 0.006853070175438569
0 0.23110569985569987 0.9686710858585859 0.009018759018759037 0.017473845598845572
0 0.09163144637978143 0.8700798326502732 0.006136868169398901 0.012273736338797914
0 0.1687104430379747 0.8972178270042195 0.007828982067510537 0.011125395569620333
0 0.012748229679802955 0.8080693888546797 0.011545566502463054 0.006494381157635454
0 0.12998046875000002 0.9554687500000001 0.009179687500000006 0.010156249999999978
0 0.15882406069364163 0.8225478684971098 0.011515534682080913 0.007225433526011571
0 0.27608632915567277 0.9109807882585752 0.00798771437994722 0.011595069261213675
0 0.3356187327109267 0.9179093188105119 0.013777230290456466 0.011886237897648644
0 0.30147086608222495 0.7601127947400242 0.007793606408706133 0.011572324667472822
0 0.30808362303506653 0.7498394044740024 0.010627645102781136 0.008502116082224953
0 0.49810465976331364 0.6778152736686391 0.011094674556213047 0.009014423076923128
0 0.1992095479976443 0.9068435291519434 0.006441401648998812 0.010122202591283824
