0 0.27018229166666663 0.17216435185185183 0.01519097222222221 0.01591435185185186
0 0.4043692129629629 0.0951244212962963 0.020254629629629595 0.013744212962962965
0 0.5088975694444444 0.15769675925925924 0.0007233796296295392 0.0
0 0.3804976851851852 0.12586805555555555 0.01157407407407407 0.018807870370370364
0 0.52734375 0.09367766203703703 0.02314814814814814 0.01953125
0 0.3797743055555555 0.2958622685185185 0.01880787037037035 0.01446759259259256
0 0.4173900462962963 0.3396267361111111 0.02025462962962965 0.01519097222222221
0 0.3023726851851851 0.6488715277777777 0.017361111111111105 0.01446759259259267
0 0.016999421296296294 0.8463541666666666 0.01519097222222222 0.01446759259259256
0 0.29369212962962965 0.6788917824074073 0.017361111111111105 0.0180844907407407
0 0.06474247685185185 0.4748987268518518 0.01519097222222223 0.01229745370370372
0 0.4043692129629629 0.2589699074074074 0.018807870370370405 0.01446759259259256
