0 0.1011174841772152 0.10556764240506329 0.019284018987341764 0.012361550632911389
0 0.08900316455696203 0.11496242088607594 0.007911392405063292 0.015328322784810139
0 0.10019102664576802 0.11641604623824452 0.015000489811912238 0.009490105799373039
0 0.4227423416940789 0.12527626439144737 0.011564555921052655 0.019916735197368418
0 0.44699578536184204 0.12977359169407895 0.010600842927631582 0.016061883223684223
0 0.457275390625 0.13137978001644737 0.009315892269736836 0.019916735197368418
0 0.4349493729440789 0.07516318873355264 0.008352179276315819 0.019274259868421045
0 0.5354988065770863 0.1463932107496464 0.010221446251768018 0.014365275813295636
0 0.36943131150061503 0.10084659440344407 0.009609471094710942 0.012011838868388677
1 0.3825393356643357 0.168788243006993 0.024926245629370625 0.01263385052447552
1 0.35061325393356646 0.1882512019230769 0.010926573426573438 0.02151169143356646
0 0.24100606424825172 0.19849486451048948 0.011609484265734271 0.01809713723776224
0 0.2536399147727273 0.19456812718531466 0.010926573426573466 0.018438592657342656
0 0.2659323098776224 0.1916657561188811 0.011609484265734271 0.018780048076923073
0 0.04802218866171003 0.24569441217472118 0.01633654739776952 0.008712825278810399
0 0.1253485130111524 0.2533181342936803 0.00907585966542751 0.014521375464683989
0 0.1615625 0.24609375 0.019375000000000003 0.010312499999999974
0 0.2488839285714286 0.2422171302149178 0.00888906447534768 0.014321270543615677
0 0.2570322376738306 0.24024178255372947 0.009876738305941823 0.017778128950695332
0 0.26981916085657365 0.29763757470119523 0.008948580677290818 0.016340886454183245
0 0.3231215761952191 0.2610651145418327 0.011282993027888433 0.007003237051792788
0 0.039937033582089554 0.3355293843283582 0.017490671641791043 0.010494402985074647
0 0.02217897227112676 0.2130212918133803 0.013410541373239437 0.020287742077464782
0 0.46539049325463744 0.25459791315345703 0.009880902192242857 0.015809443507588533
0 0.5966418107082632 0.24158805860033727 0.007575358347386207 0.012845172849915681
0 0.35692671654929575 0.4004250110035211 0.00894036091549294 0.01960002200704225
0 0.03736920777279522 0.4109153120328849 0.008174514200298959 0.016057081464872947
0 0.03272405660377357 0.4248231132075472 0.008844339622641511 0.014003537735849059
0 0.27988408905228757 0.3981247446895425 0.013403799019607865 0.009893280228758183
0 0.19367532169117646 0.3352768841911765 0.013499540441176489 0.010052849264705899
0 0.4314686517295597 0.39093209512578614 0.00859866352201255 0.015968946540880546
0 0.23507988721804512 0.42275610902255645 0.007929981203007502 0.014978853383458668
0 0.030542529107373893 0.4994946636481242 0.01617076326002587 0.008590717981888762
0 0.05694635349288489 0.4993683295601552 0.010864731565329883 0.01591809508408798
0 0.172265625 0.48037109375 0.01640625000000001 0.011132812500000033
0 0.20126953125 0.49521484375 0.0107421875 0.017773437500000044
0 0.27197265625 0.47919921875 0.0107421875 0.0166015625
0 0.3833444795719845 0.4561750162127108 0.008359678988326846 0.01874594682230868
0 0.3934774238002594 0.45554170719844356 0.008359678988326846 0.014439445525291805
0 0.36266317246835444 0.48689675632911394 0.0113726265822785 0.013103243670886111
0 0.01385720802919712 0.6714330520072993 0.011405109489051095 0.019958941605839442
0 0.09066349224452558 0.683907390510949 0.009623061131386862 0.01924612226277367
0 0.1549954379562044 0.6871150775547445 0.010692290145985384 0.018533302919708117
0 0.13931341240875916 0.6890753307481752 0.010692290145985411 0.01675125456204385
0 0.15784671532846717 0.6664433166058394 0.010692290145985411 0.01924612226277378
0 0.15263213087248323 0.6128945574664431 0.009175755033557026 0.014091338087248384
0 0.2607200815579228 0.6691598701731025 0.010142726364846866 0.02028545272969373
0 0.3235269640479361 0.6570666195073236 0.009362516644474017 0.017944823568575297
0 0.3332795855525965 0.6526454310918774 0.010142726364846866 0.01638440412782949
0 0.41695161011080334 0.6417503462603877 0.011091153047091407 0.02028869459833793
0 0.4554724467665615 0.6604889589905363 0.009549980283911685 0.02218059936908512
0 0.040664432176656155 0.7200993197949527 0.02156447160883281 0.011398363564668834
0 0.10134621434563758 0.765933043204698 0.010158871644295298 0.021956270973154446
0 0.2637276785714286 0.7381696428571428 0.00959821428571428 0.01383928571428572
0 0.2741071428571429 0.7633928571428572 0.009374999999999967 0.01830357142857142
0 0.26283482142857145 0.7642857142857142 0.00870535714285714 0.015178571428571375
0 0.36844653925619836 0.7316309400826446 0.01065340909090906 0.01775568181818188
0 0.4609375 0.7548747417355373 0.010976239669421517 0.017110020661157077
0 0.05503767387944357 0.9407360896445132 0.016603071870170016 0.014188079598145276
0 0.09481339774281808 0.9103967168262652 0.013893638850889192 0.012557712038303692
0 0.13112198004201683 0.9101836046918768 0.013403799019607823 0.014497986694677834
0 0.14137998949579833 0.9064907212885154 0.012583158263305305 0.01367734593837533
0 0.1229461533071749 0.8953282651345291 0.013794492713004494 0.008320487668161403
0 0.1906964500601685 0.9290529106498194 0.012456753910950663 0.010341456077015643
0 0.32210811491935487 0.9003951252880185 0.013725878456221197 0.014175907258064502
0 0.31119491647465436 0.9070330501152074 0.012600806451612934 0.02205141129032251
0 0.39964155717329547 0.7565585049715908 0.008045543323863646 0.011097301136363646
0 0.420604674796748 0.902269647696477 0.015614413956639595 0.014555809620596216
0 0.46122861619241196 0.8638952405149052 0.014291158536585358 0.012967903116531065
0 0.46355216733870963 0.8285030241935484 0.014805947580645185 0.013860887096774244
0 0.5241243131868132 0.9275197458791209 0.013736263736263687 0.01781421703296704
0 0.9734905946601942 0.9475121359223301 0.019720873786407744 0.012515169902912682
0 0.9925951911407767 0.9516080097087378 0.010903367718446577 0.010846480582524243
0 0.6253717132721202 0.7275928631051753 0.011086185308848084 0.01793353505843065
0 0.6175321691176471 0.5351945465686274 0.009574142156862697 0.014680351307189476
0 0.6158300994008714 0.5492366217320261 0.010425177015250475 0.012127246732026142
0 0.6117985498108449 0.6093355926860025 0.010344419924337989 0.016255517023959665
0 0.607857818411097 0.6573632566204287 0.008866645649432514 0.019211065573770503
0 0.8268401856763925 0.6556179542440318 0.0093252652519894 0.015542108753315631
0 0.789787432898773 0.6075057515337423 0.014079275306748462 0.011982361963190247
0 0.8923864072085889 0.6055586177147239 0.008387653374233084 0.014079275306748462
0 0.9034421797004992 0.6036488664725458 0.010399334442595665 0.015274022462562487
0 0.9278156198003329 0.6002365848585691 0.015599001663893497 0.00909941763727129
0 0.7385375248508946 0.5201214587475149 0.010095675944334026 0.015143513916500928
0 0.7420303185543964 0.541623975409836 0.008441225782414241 0.016300298062593144
0 0.8275325829383886 0.45206512885071093 0.017124555687203835 0.009487929502369652
0 0.8468555613151659 0.42961807612559244 0.021058575236966748 0.011802058649289071
0 0.8070525399881516 0.3957160841232228 0.009487929502369652 0.01573607819905215
0 0.8962622186018958 0.4212872111966825 0.011107819905213256 0.01457901362559244
0 0.9869760811611374 0.4429243187203792 0.018513033175355464 0.011107819905213256
0 0.9894059167654029 0.43135367298578203 0.01504183945497628 0.008793690758293837
0 0.9906679607942973 0.37529436099796337 0.012331339103869743 0.009944628309572323
0 0.733422256097561 0.2220667397103659 0.019948075457317138 0.016673018292682945
0 0.848803357897664 0.3554166087319244 0.020421996662958852 0.008690211345939891
0 0.8986040186500888 0.27658747779751325 0.016998778863232644 0.010060501776198938
0 0.9467112445414847 0.2743472525473071 0.014214883551673996 0.008528930131004364
0 0.7165480003462603 0.053919234764542925 0.014066828254847619 0.010009089335180056
0 0.845612582781457 0.07897868377483443 0.022247516556291425 0.011641142384105962
0 0.9921375053327645 0.018218056740614334 0.011818739334471084 0.010438886518771331
0 0.7502068482688391 0.5418668851832993 0.006762347250509171 0.014916942464358374
0 0.9123742420066152 0.5643863699007717 0.007752205071664853 0.015504410143329705
0 0.7974394223891274 0.52444898962804 0.009500178826895578 0.015088519313304682
0 0.7884980776108726 0.525566657725322 0.010059012875536455 0.015088519313304682
0 0.45765045320404724 0.9704692769814502 0.016138806913996606 0.016797533726812808
0 0.8835795167004048 0.9954097608805668 0.014090966599190402 0.005274228238866474
0 0.2154770157849829 0.14765091723549487 0.01433180460750852 0.013331911262798646
0 0.2736608966503268 0.03191380718954248 0.018190870098039214 0.010212418300653597
0 0.6451387180118111 0.02325295275590552 0.016916830708661457 0.01038078248031496
0 0.40923932490458015 0.678912213740458 0.015654818702290074 0.011554747137404564
0 0.310217958271237 0.9900277105067063 0.01222522354694483 0.011351993293591711
0 0.0784648477482088 0.846920579580348 0.01299417860798363 0.010995074206755384
0 0.06817626953125001 0.8238384540264423 0.017606295072115384 0.011502779447115308
0 0.42607421875 0.87060546875 0.010351562500000022 0.009570312499999956
0 0.3068384385913854 0.7565801440628638 0.012505456926658887 0.012505456926658942
0 0.5570010729613735 0.8467565271816881 0.015367936337625232 0.014809102288984244
0 0.1879603109656301 0.8581283244680851 0.015983019639934537 0.011188113747954143
0 0.4718187397708674 0.9434776493453354 0.01981894435351883 0.016942000818330638
0 0.31332389888337464 0.686259305210918 0.015024038461538491 0.013570099255583168
0 0.009873334099264705 0.30302159926470584 0.008975758272058824 0.01579733455882354
0 0.8893493740928882 0.5106302158925979 0.008220700290275773 0.013890148766327992
0 0.8726165254237288 0.5043917725988701 0.006620762711864403 0.009489759887005678
0 0.2993523991655076 0.9070214707927677 0.008149339360222496 0.015755389429763622
0 0.2660290948275862 0.8649183521220158 0.013469827586206906 0.014505968169761352
0 0.9247540008650519 0.3891652249134948 0.01757136678200688 0.013516435986159148
0 0.04107433617234471 0.8514842184368737 0.01800475951903807 0.009785195390781487
