0 0.04759339080459769 0.14098419540229884 0.010775862068965518 0.01885775862068964
0 0.1327736801242236 0.23619271445358403 0.010791925465838514 0.011989571092831969
0 0.1411830357142857 0.24207589285714287 0.011830357142857156 0.009151785714285737
0 0.13404017857142858 0.2521205357142857 0.00870535714285714 0.011383928571428559
0 0.1275669642857143 0.24397321428571428 0.00870535714285714 0.008928571428571425
0 0.0995382660800971 0.1803654050364078 0.011377427184466021 0.00758495145631069
0 0.05262738319011817 0.26042226100966703 0.009230665950590765 0.009860029538131032
0 0.03765416357566767 0.2819396791543027 0.008693434718100891 0.015648182492581597
0 0.028670947700296753 0.28338858494065283 0.008113872403560835 0.015068620178041559
0 0.023165105712166185 0.28730063056379823 0.00927299703264095 0.01651752596439171
0 0.22515543725617684 0.041907103381014305 0.01600089401820548 0.011683192457737322
0 0.16648549252275682 0.09308456599479845 0.01549292912873862 0.01854071846553966
0 0.21398020968790638 0.1272452048114434 0.012953104681404398 0.018286736020806243
0 0.35241168478260865 0.028053425854037264 0.010918090062111807 0.011827930900621116
0 0.40912509704968947 0.01592221467391304 0.012131211180124224 0.010614809782608694
0 0.3645428959627329 0.03427067158385093 0.007885287267080765 0.014557453416149068
0 0.28235756478658536 0.34175519245426833 0.01220703125 0.022627667682926844
0 0.28325076219512196 0.41827243711890244 0.011016101371951192 0.020245807926829285
0 0.3093377976190476 0.6612490699404762 0.012788318452380931 0.020461309523809534
0 0.32932973130841126 0.6405519859813085 0.010723933995327062 0.01985068633177578
0 0.3462890625 0.73466796875 0.010546875000000011 0.016210937500000022
0 0.32578125 0.7435546875 0.010937499999999989 0.017578125
0 0.3673828125 0.75947265625 0.01171875 0.0185546875
1 0.3528522995283019 0.9229744005503144 0.017197327044025157 0.028559846698113178
0 0.6512443494496856 0.9916040192610063 0.013917551100628978 0.01288571147798745
0 0.6499668337264151 0.9682709316037735 0.011362519654088077 0.013512185534591215
0 0.5062064283398183 0.9887878972114137 0.008866326199740593 0.010386267833981888
0 0.5459782344357976 0.9823281452658884 0.012412856679636874 0.010639591439688623
0 0.6513608544098572 0.9339433365758755 0.013426151102464368 0.013679474708171213
0 0.6574406209468222 0.954969195849546 0.010386267833981777 0.00962629701686124
0 0.4402156290531777 0.8979713845654993 0.013172827496757467 0.013172827496757522
0 0.4690931483152828 0.9111903956077015 0.013161853188928985 0.010341456077015643
0 0.4913037755716005 0.8326893426594464 0.008226158243080595 0.014101985559566765
0 0.6128802281368821 0.8611672211660328 0.01633792775665399 0.013367395437262286
0 0.6241434965145753 0.870697679024081 0.012624762357414387 0.010149318757921466
0 0.5842888545627376 0.774155378643853 0.01510020595690742 0.012129673637515825
0 0.3990270186882934 0.748881567348378 0.01404927715091675 0.009090708744710851
0 0.4032467800528402 0.7559445178335534 0.00722424042272124 0.009804326287978782
0 0.4166025573005093 0.816678162139219 0.01624840831918506 0.008621604414261519
0 0.42272093949044587 0.7416898885350318 0.007961783439490444 0.011942675159235638
0 0.6061815693430657 0.8940180200729926 0.01710766423357657 0.008268704379562064
0 0.6562214872262773 0.8927349452554744 0.010549726277372273 0.01482664233576636
0 0.5077654367469879 0.8355609939759037 0.011295180722891485 0.016001506024096446
0 0.7423250440140845 0.9721610915492958 0.01292913732394363 0.02255721830985913
0 0.7801496478873239 0.9775253080985915 0.015955105633802757 0.01457966549295775
0 0.6469615228013029 0.8844220785830619 0.01526872964169379 0.01495063110749184
0 0.6918134161237786 0.9014403501628665 0.018449714983713394 0.0165411237785017
0 0.7070821457654723 0.8592922943811074 0.0101791530944626 0.011769645765472236
0 0.6331242365635179 0.8293910321661238 0.012405842833876246 0.021948798859934837
0 0.625807970276873 0.8101460708469055 0.01049725162866455 0.0165411237785017
0 0.5949524124592834 0.8033069523615635 0.014314434039087942 0.00986105456026054
0 0.6126068811074918 0.7800857593648208 0.01590492671009769 0.016859222312703537
0 0.806782869397759 0.9285112482492996 0.008479954481792729 0.015045080532212984
0 0.7714953168767507 0.9153809961484594 0.012309611344537785 0.011215423669467706
0 0.6780665966955579 0.8516894637053087 0.007829428494041113 0.014812432286023802
0 0.7744310251240695 0.9287909041563275 0.009692928039702231 0.015508684863523525
0 0.8479160006393862 0.7807304987212277 0.00899136828644509 0.016484175191815886
0 0.881898941532258 0.8463016633064515 0.007875504032258118 0.013545866935483875
0 0.7279356691078562 0.7923029710386151 0.008842376830892174 0.017944823568575186
0 0.7638608870967742 0.7551663306451613 0.014616935483870885 0.013860887096774133
0 0.7884324596774194 0.7692792338709677 0.014364919354838745 0.01285282258064524
0 0.9002334770114943 0.7546310550082103 0.017318349753694617 0.010262725779967119
0 0.915627565681445 0.720475420771757 0.010904146141215154 0.018921900656814428
0 0.9240843177009873 0.6101793899858956 0.010743564880112855 0.012671897038081803
0 0.8655753968253967 0.6751198743386243 0.009093915343915349 0.011367394179894186
0 0.8649186337625179 0.586619277539342 0.008661927753934151 0.014250268240343367
0 0.8289978567477876 0.6427596100663716 0.01253111172566379 0.008642146017699082
0 0.7292855076058201 0.8427010995370371 0.008267195767195812 0.008267195767195812
0 0.752826397235577 0.6859224759615385 0.01596304086538458 0.017371544471153855
0 0.7435537484975961 0.6914391150841346 0.01338078425480771 0.011502779447115308
0 0.8173314144736843 0.811986019736842 0.007606907894736836 0.014185855263157854
0 0.6512096774193548 0.7324148745519713 0.014350918458781337 0.011550739247311759
0 0.7442037857587064 0.7814929259950247 0.01093166977611948 0.011660447761194015
0 0.7774586397058824 0.618795955882353 0.01953125 0.017003676470588203
0 0.7355238970588235 0.6262637867647058 0.015625 0.01723345588235292
0 0.6263786764705882 0.5944393382352942 0.01930147058823528 0.010110294117647078
1 0.6805419921875 0.5868662958559783 0.015126103940217406 0.023087211277173947
0 0.7419466437780269 0.5750989700112108 0.01379449271300448 0.0168599355381166
0 0.7338451163116592 0.54652466367713 0.01379449271300448 0.012261771300448476
0 0.8147509108744395 0.5244096832959642 0.017078895739910283 0.017954736547085237
0 0.681950742639327 0.478115141955836 0.015403194006309184 0.01191180336487907
0 0.6788799579326923 0.4364608373397436 0.016902043269230727 0.015963040865384637
0 0.8284943409455128 0.35429812700320507 0.010642027243589758 0.020032051282051266
0 0.847900390625 0.35805413661858976 0.010642027243589758 0.020658052884615363
0 0.8526391894141145 0.40622919440745675 0.008582306924101113 0.016124334221038594
0 0.9263690079893476 0.45369195239680427 0.008842376830892174 0.014303844873502003
0 0.9132354776964049 0.36708867343541945 0.009622586551265022 0.014823984687083902
0 0.9253287283621838 0.36591835885486024 0.01040279627163787 0.01768475366178429
0 0.864862475033289 0.36422790446071907 0.015344124500665801 0.010142726364846866
0 0.4460823448905109 0.6289917883211678 0.015682025547445244 0.013686131386861367
0 0.4634751368613138 0.6262830748175181 0.015111770072992747 0.013971259124087587
0 0.51337890625 0.61669921875 0.0146484375 0.009960937500000044
0 0.58505859375 0.65400390625 0.015820312500000044 0.012304687500000022
0 0.5476878059975521 0.6104412102203183 0.017690483476132113 0.0155389381884945
0 0.6007963223472669 0.5957722065916398 0.014130325562700996 0.012874296623794135
0 0.373046875 0.62685546875 0.008984375000000044 0.009960937500000044
0 0.4478515625 0.6064453125 0.0078125 0.009765625
0 0.8872284870173103 0.005331433089214381 0.021585802263648368 0.00962258655126498
0 0.8804666694407457 0.010012691411451398 0.020025382822902893 0.01534412450066578
0 0.8709741178428763 0.01872503328894807 0.018204893475366135 0.016644474034620507
0 0.8636921604527297 0.02886775965379494 0.019765312916111832 0.015604194407456723
0 0.04478439775485438 0.22066045964805825 0.009955248786407765 0.01279960558252427
0 0.2188683003899623 0.03148958192066735 0.01529159005031086 0.011041127360647978
0 0.3073936370481928 0.1529085090361446 0.015766189759036098 0.012236445783132516
0 0.36128106174698793 0.1276120105421687 0.011530496987951777 0.010118599397590342
0 0.07939626479289941 0.08089866863905326 0.012250369822485216 0.00924556213017752
0 0.04079604289940829 0.10031434911242604 0.017335428994082844 0.01017011834319527
0 0.04091747801507538 0.21157054805276382 0.007851758793969849 0.012513740577889426
0 0.1640006596306069 0.23460174802110817 0.012110405672823205 0.014171751319261211
0 0.13707021208226222 0.162676735218509 0.01255221722365038 0.017071015424164532
0 0.24274987840466927 0.075176313229572 0.013932798313878086 0.01063959143968872
0 0.3347063472762646 0.07213642996108949 0.014946092736705552 0.01063959143968872
0 0.2844216115434501 0.09290896562905318 0.013679474708171213 0.01215953307392996
0 0.3092549415367484 0.04967201419821828 0.010874860801781738 0.01109235801781737
0 0.8416206001805053 0.2878826338748496 0.00987138989169678 0.014101985559566821
0 0.8685834639498433 0.28861554663009403 0.011326900470219337 0.018367946708463978
0 0.859416688900747 0.29036319370330843 0.007920891141942388 0.012089781216648887
0 0.8541013540554963 0.2998474186232657 0.008129335645677638 0.011464447705442915
0 0.8310502009954057 0.11754642036753446 0.01465591500765695 0.009571209800918842
0 0.8190020966453675 0.13228833865814696 0.017472044728434555 0.009984025559105436
0 0.9498651079136691 0.2819619304556355 0.008899130695443569 0.015456384892086339
0 0.9919574366762768 0.2676650020593081 0.012178876647446435 0.011544995881383802
0 0.8896596993410215 0.14927409390444812 0.019949546952224062 0.009653006589785823
0 0.9117007310543658 0.054191978995057684 0.008687705930807255 0.01383597611202636
0 0.9118616144975288 0.31015753706754534 0.010296540362438211 0.014801276771004956
0 0.9830964624773959 0.06498643761301989 0.015187047920434016 0.01130198915009041
0 0.871035447761194 0.21965368470149255 0.013992537313432862 0.008453824626865697
0 0.7399986530172413 0.524601677955665 0.009380772783251223 0.010583435960591081
0 0.5763195903361344 0.7084427521008403 0.014224439775910369 0.007659313725490224
0 0.662336333878887 0.8041057180851063 0.012147094926350244 0.014384717675941072
0 0.6055966141571194 0.8093801145662847 0.014384717675941072 0.009589811783960678
0 0.7344540738866396 0.7526410678137652 0.013969719973009442 0.018186993927125417
0 0.585296248433584 0.7911331062030075 0.0070978226817043355 0.013461387844611483
0 0.5397988066095472 0.869702417380661 0.008128059975520241 0.013387392900856776
0 0.5849640843179377 0.8281082169709988 0.011118756713211608 0.01363621106337265
0 0.9049648582713755 0.7651966194237918 0.015973513011152463 0.011617100371747235
0 0.800808414464534 0.2742252694714882 0.011952364394993031 0.014397166203059808
