0 0.18894675925925927 0.2849589646464647 0.01249473905723908 0.019070917508417495
0 0.14784564393939395 0.33362268518518523 0.01709806397306396 0.01249473905723908
0 0.1438999368686869 0.34710385101010105 0.02235900673400673 0.011837121212121215
0 0.1412694654882155 0.3579545454545455 0.01972853535353536 0.00986426767676768
0 0.1396254208754209 0.3701204755892256 0.016440446127946123 0.013152356902356943
0 0.122198547979798 0.36025620791245794 0.011837121212121188 0.01841329966329963
0 0.10937500000000003 0.355652882996633 0.00986426767676768 0.015782828282828287
0 0.09457859848484851 0.35598169191919193 0.011837121212121202 0.017755681818181823
0 0.20505839646464646 0.36354429713804715 0.017098063973063987 0.009206649831649816
0 0.22215646043771045 0.3681476220538721 0.015782828282828287 0.010521885521885488
0 0.2006757723112128 0.3723004862700229 0.016089816933638423 0.009832665903890203
0 0.19710025743707094 0.38392090961098396 0.01787757437070936 0.010726544622425616
0 0.19553596967963385 0.3959882723112128 0.020112271167048057 0.012514302059496552
0 0.2176594679633867 0.37788722826086957 0.01698369565217392 0.009385726544622441
0 0.2169890589244851 0.3879433638443936 0.017430635011441653 0.010726544622425616
0 0.21587171052631576 0.40023419622425627 0.02145308924485126 0.011173483981693377
0 0.2089441504576659 0.4587832522883295 0.011173483981693377 0.01832451372997712
0 0.19821760583524028 0.4536434496567505 0.009385726544622414 0.01698369565217389
0 0.1870441218535469 0.45140875286041193 0.009385726544622441 0.01698369565217389
0 0.17654104691075514 0.45029140446224253 0.009832665903890148 0.01832451372997712
0 0.16089816933638443 0.44403425343249425 0.009832665903890148 0.01832451372997712
0 0.0717337671624714 0.4212403461098398 0.009385726544622428 0.016536756292906185
0 0.08357766018306637 0.42213422482837526 0.009832665903890161 0.01921839244851259
0 0.09564502288329518 0.4286148455377574 0.008938787185354694 0.01787757437070936
0 0.10704197654462241 0.43196689073226546 0.00849184782608696 0.018324513729977066
0 0.11732158180778032 0.43263729977116705 0.00849184782608696 0.016089816933638423
0 0.12693077803203662 0.4350954662471396 0.009832665903890161 0.01832451372997712
0 0.13877467105263158 0.4384475114416476 0.011173483981693377 0.017877574370709415
0 0.1490542763157895 0.44314037471395884 0.009385726544622414 0.017430635011441653
0 0.06927560068649885 0.4473862986270023 0.01072654462242563 0.01698369565217389
0 0.08156643306636155 0.45073834382151023 0.011173483981693363 0.017430635011441653
0 0.09318685640732266 0.45319651029748287 0.00849184782608696 0.01698369565217389
0 0.1016787042334096 0.45520773741418763 0.00849184782608696 0.01832451372997712
0 0.11195830949656752 0.45721896453089245 0.011173483981693363 0.016983695652173947
0 0.12402567219679633 0.4585597826086957 0.010279605263157895 0.01608981693363848
0 0.1351991561784897 0.4594536613272311 0.010279605263157882 0.015195938215102955
0 0.1465961098398169 0.46504040331807783 0.010726544622425643 0.017430635011441653
0 0.1564287757437071 0.466381221395881 0.010726544622425616 0.015642877574370717
0 0.1711777745995423 0.47152102402745993 0.011620423340961111 0.018771453089244883
0 0.1823512585812357 0.4721914330663615 0.011620423340961111 0.01832451372997712
0 0.19129004576659037 0.4750965389016018 0.008938787185354707 0.016089816933638423
0 0.2008992419908467 0.4802363415331808 0.010279605263157882 0.01832451372997712
0 0.18034003146453087 0.5535343964530892 0.012067362700228818 0.01564287757437066
0 0.16559103260869565 0.5481711241418765 0.012067362700228845 0.01832451372997712
0 0.15330020022883295 0.5428078518306636 0.010726544622425616 0.01832451372997701
0 0.14033895881006864 0.5416905034324943 0.010726544622425643 0.01787757437070936
0 0.1099470823798627 0.5347629433638443 0.013408180778032047 0.016536756292906185
0 0.0963154319221968 0.5305170194508009 0.009385726544622428 0.01787757437070936
0 0.08491847826086957 0.5285057923340961 0.01072654462242563 0.016536756292906185
0 0.07329805491990846 0.5256006864988558 0.009832665903890161 0.018771453089244883
0 0.05966640446224256 0.5231425200228833 0.010279605263157895 0.01743063501144171
0 0.04424699656750572 0.5434782608695652 0.009832665903890161 0.016983695652173836
0 0.05497354118993135 0.5463833667048055 0.012514302059496565 0.016536756292906185
0 0.06793478260869565 0.5486180635011442 0.01072654462242563 0.01474899885583525
0 0.07799091819221968 0.5515231693363845 0.010279605263157895 0.014302059496567487
0 0.09050522025171626 0.5530874570938216 0.011173483981693363 0.013855120137299726
0 0.10212564359267734 0.5586741990846682 0.014748998855835235 0.01787757437070936
0 0.1202266876430206 0.5615793049199085 0.013408180778032047 0.016536756292906185
0 0.13274098970251716 0.5653782894736842 0.010726544622425616 0.015195938215103011
0 0.148160397597254 0.5709650314645309 0.01027960526315791 0.017430635011441598
0 0.1602277602974828 0.5749874856979404 0.010279605263157882 0.01474899885583525
0 0.17274206235697942 0.5783395308924485 0.012067362700228818 0.01787757437070936
0 0.0368724971395881 0.597781393020595 0.012961241418764303 0.01564287757437066
0 0.05318578375286041 0.601133438215103 0.011620423340961097 0.01787757437070947
0 0.06949907036613273 0.6051558924485125 0.0129612414187643 0.018771453089244883
0 0.08424806922196795 0.6082844679633868 0.012067362700228831 0.018771453089244772
0 0.09922053775743707 0.6096252860411899 0.013408180778032047 0.020559210526315708
0 0.8983109085648149 0.8130877459490742 0.01627604166666663 0.01311125578703709
0 0.9071270978009259 0.8255208333333334 0.0185366030092593 0.01085069444444442
0 0.9170735677083334 0.834789134837963 0.01944082754629628 0.01401548032407407
0 0.9652235243055556 0.9150390625 0.0180844907407407 0.01446759259259256
