0 0.8805338541666666 0.05967881944444445 0.01085069444444442 0.020616319444444448
0 0.8808051215277777 0.023328993055555556 0.01247829861111105 0.01844618055555556
0 0.8062065972222222 0.039605034722222224 0.01193576388888884 0.016276041666666664
0 0.7454427083333333 0.07676866319444445 0.02495659722222221 0.018988715277777776
0 0.9307183159722222 0.13563368055555555 0.01790364583333326 0.011935763888888895
0 0.9282769097222222 0.14973958333333331 0.01736111111111116 0.011935763888888867
0 0.9185112847222222 0.17930772569444445 0.01953125 0.0146484375
0 0.862087673611111 0.18147786458333331 0.01953125 0.022243923611111133
1 0.9516059027777777 0.18961588541666666 0.03689236111111105 0.022243923611111105
0 0.7774522569444444 0.1321072048611111 0.01085069444444442 0.01573350694444446
0 0.15955946180555558 0.5117549189814815 0.02803096064814814 0.01446759259259256
0 0.1550383391203704 0.534812644675926 0.020797164351851832 0.01356336805555547
0 0.26962952044025157 0.9575226022012578 0.009827044025157217 0.015968946540880546
0 0.2785659886006289 0.9900685436320755 0.009274272798742156 0.01595666273584906
0 0.017811517295597483 0.8782920597484276 0.01228380503144654 0.019654088050314433
0 0.3367206837871287 0.1165106745049505 0.014986850247524774 0.010635829207920791
