0 0.227802697243346 0.051241682509505705 0.018194510456273766 0.011882129277566544
0 0.24393166012838802 0.055445345934379456 0.014766850927246805 0.009473074179743225
0 0.042075709292763164 0.004812140213815795 0.01798930921052632 0.00835217927631579
0 0.34966077302631576 0.0944374486019737 0.020237972861842146 0.014134457236842105
0 0.3486970600328947 0.11596037212171054 0.011885793585526272 0.017989309210526314
0 0.24686472039473684 0.1615761204769737 0.009958367598684181 0.016704358552631582
0 0.138671875 0.0820847602739726 0.007758989726027399 0.008026541095890419
0 0.011718749999999988 0.1990047089041096 0.01712328767123288 0.009096746575342485
0 0.2184021832191781 0.2497056934931507 0.020601455479452052 0.011504708904109595
0 0.2272756551825677 0.2134726516489988 0.011962603062426386 0.007821702002355713
0 0.23222173144876324 0.22002907832744406 0.009892152532391035 0.006671451707891657
0 0.12332589285714286 0.1587898447930574 0.007822930574098802 0.00886598798397864
0 0.12000808923705722 0.38583532016348776 0.0186265326975477 0.010111546321525888
0 0.1969090599455041 0.4421140582425068 0.00904717302452318 0.012506386239782064
0 0.20143264645776565 0.5963151396457765 0.007982799727520445 0.014901226158038128
0 0.06492677111716622 0.32210596900544963 0.02075527929155313 0.010377639645776593
0 0.14701656164850135 0.27420917064032696 0.016231692779291568 0.01836043937329701
0 0.06504875886524827 0.3338920286643026 0.014775413711583925 0.009465499408983447
0 0.07947787381796695 0.35074523492907805 0.008542036052009455 0.012697621158392403
0 0.021246189024390273 0.3250127032520326 0.013338414634146341 0.009209857723577242
0 0.0116824549941928 0.4042356271777004 0.018374346689895474 0.009073751451800227
0 0.04814608134920638 0.3908471808862434 0.008008845899470901 0.01395089285714285
0 0.026381850600600613 0.24676825262762764 0.009970908408408412 0.010850694444444448
0 0.08702773644179895 0.19475963128306878 0.00826719576719577 0.009817294973544971
0 0.050248851454823884 0.14252129594180704 0.007178407350689121 0.01345951378254212
0 0.08078474339430894 0.18380017784552846 0.006351626016260173 0.013894181910569126
0 0.01845703125 0.18466796875000002 0.015039062500000002 0.0072265625000000056
0 0.03549621373720136 0.8400770584470989 0.019664569112627983 0.012332017918088689
0 0.05659752468060396 0.8739156867015099 0.01293009581881533 0.006578469802555165
0 0.004763719512195122 0.8208342407084785 0.00816637630662021 0.013837470963995346
0 0.05504496850132626 0.862716553381963 0.014765003315649866 0.011138511273209528
0 0.2041196949602122 0.5676755222148542 0.0093252652519894 0.008030089522546358
0 0.19520827774813232 0.5618621598185698 0.009796891675560304 0.01438267075773747
0 0.17867943548387097 0.6603343993325917 0.006300403225806439 0.011080019466073399
0 0.19519296970624234 0.32631770195838433 0.014104574663402675 0.008606181150550785
0 0.3412693428456592 0.0745201969453376 0.009420217041800627 0.012874296623794204
0 0.08140575941915228 0.04583864795918367 0.008278551805337514 0.008278551805337514
