0 0.11210450089126558 0.07276348039215685 0.018103832442067744 0.014622326203208552
0 0.10078960561497326 0.08512282754010694 0.014274175579322645 0.012185271836007136
0 0.10792669340463457 0.09643772281639929 0.01671122994652406 0.013926024955436725
0 0.19376422443977592 0.004059436274509843 0.01996892507002801 0.007112219887955182
0 0.22002472864145659 0.03455991771708687 0.011762517507002801 0.021063112745098044
0 0.24696910014005602 0.05521271008403365 0.010394782913165285 0.015865721288515405
0 0.09189567120622569 0.21057778047989623 0.016719357976653706 0.01342615110246434
0 0.08907108516483517 0.22525326236263737 0.011589972527472528 0.014380151098901117
0 0.02865298763736264 0.19241500686813187 0.013092376373626372 0.010516826923076927
0 0.09926596840659341 0.26517427884615385 0.016097184065934064 0.01953125
0 0.11321686126373626 0.2466088598901099 0.015667925824175824 0.017599587912087905
0 0.14215888860630727 0.19818953458799593 0.01251748474059003 0.015299148016276715
0 0.13017578125 0.21865234375 0.009570312499999983 0.0126953125
0 0.134765625 0.20791015624999998 0.008984374999999989 0.013085937500000006
0 0.16572265625 0.1525390625 0.0126953125 0.018750000000000017
0 0.17548828125 0.13408203125 0.009960937500000017 0.015429687499999983
0 0.2672447791466346 0.07979642427884617 0.01807579627403849 0.009859525240384609
0 0.26736215444711536 0.09012545072115387 0.01643254206730771 0.009859525240384609
0 0.2091733870967742 0.15473790322580644 0.018145161290322565 0.019153225806451596
0 0.23897992886178862 0.15184355945121952 0.010718368902439046 0.010718368902439018
0 0.23681497434017595 0.16879925769794724 0.016610153958944274 0.014032716275659829
0 0.31531169665809766 0.1301664926092545 0.01104595115681234 0.00979072943444731
0 0.43955741808252424 0.15867718446601942 0.017303170509708754 0.014932873179611644
0 0.532421875 0.06748046875 0.018749999999999933 0.010742187499999993
0 0.5223632812500001 0.074609375 0.013085937499999978 0.009375000000000008
0 0.5095703125 0.086328125 0.009375000000000022 0.013281250000000008
0 0.49179219374167776 0.1538313498668442 0.017164613848202337 0.012743425432756306
1 0.4006620925584256 0.04006668972939734 0.008168050430504281 0.019218942189421894
0 0.4052734375 0.13113839285714285 0.015345982142857095 0.012834821428571438
0 0.3763950892857143 0.1494140625 0.010602678571428548 0.01199776785714285
0 0.36898649146054185 0.18793709511189632 0.01288280329799768 0.011502502944640752
0 0.4127916894104804 0.22611473116812225 0.017484306768558944 0.015138850982532731
0 0.4703026935146444 0.23835207461645747 0.01443732566248257 0.014709728033472813
0 0.5418733772255193 0.31787254265578635 0.012750370919881293 0.011011683976261122
0 0.42356615205843295 0.25950883964143423 0.014525232403718447 0.017378403054448877
0 0.29867788461538464 0.22743890224358973 0.010016025641025661 0.009765625
0 0.33148936972255727 0.17175248793727382 0.012722406513872131 0.009424004825090454
0 0.27616219850065193 0.28838514504563234 0.010949722946545004 0.015024038461538436
0 0.24331302966101698 0.2994621903520208 0.016551906779661035 0.01527868318122555
0 0.22114834650582366 0.2742824459234609 0.009424396838602328 0.01624896006655574
0 0.3694693688118812 0.3469545615275813 0.015746552333804786 0.012707743988684572
0 0.34001608455882354 0.3606962316176471 0.010340073529411797 0.013212316176470562
0 0.32611373346196254 0.37370365904079383 0.01184364663726567 0.012705002756339567
0 0.4099376166044776 0.36548215951492535 0.011903373756218916 0.014818485696517392
0 0.3694773706896552 0.30495689655172414 0.008351293103448287 0.014547413793103425
0 0.5444318352340937 0.4445481317527011 0.007503001200480197 0.016412815126050417
0 0.4565060399159664 0.44220344387755095 0.012661314525810374 0.01078556422569027
0 0.30126545090529244 0.2965050487465181 0.012241034122562666 0.013057103064066822
0 0.502547103253652 0.48529838977423634 0.009597028552456865 0.014525232403718447
0 0.495414176626826 0.5033252407038512 0.013487715803452871 0.019453436254980028
0 0.43770231573705176 0.4951547974767596 0.02049095285524566 0.014525232403718447
0 0.11544897426981918 0.35870675417246173 0.015755389429763553 0.012767298331015309
0 0.10879368045897078 0.3645471140472879 0.014940455493741303 0.015755389429763567
0 0.0862816363987635 0.4047587422720247 0.019923686244204014 0.011471213292117477
1 0.06487899436090228 0.606907894736842 0.022908834586466163 0.030838815789473673
0 0.18341408568249257 0.5922952985905044 0.01332993323442136 0.010432121661721139
0 0.15182793954005935 0.6018580767804154 0.01506862017804153 0.011591246290801105
0 0.27631211313617604 0.47028133596973865 0.006716385832187033 0.017999914030261355
0 0.07842383879781423 0.4769467213114754 0.008751707650273235 0.010459357923497281
0 0.05344905231829576 0.448969102443609 0.007097822681704266 0.011013862781954875
0 0.15592944021101995 0.46778832063305986 0.010074736225087949 0.010532678780773741
0 0.37181825551232167 0.5273589494163424 0.007599708171206254 0.010639591439688734
0 0.09953594924812031 0.42055333646616544 0.015272556390977451 0.01351033834586468
0 0.2607758620689655 0.4207974137931034 0.012392241379310331 0.013469827586206906
0 0.2173984272608126 0.5401888106159896 0.013566923328964614 0.010495167103538705
0 0.10634887865090403 0.6279065977051459 0.014940455493741303 0.010050851877607792
0 0.14329255041724615 0.6325245566759388 0.0105941411682893 0.011680719749652235
0 0.03425415305010893 0.6514671840958606 0.011063453159041392 0.016169662309368116
0 0.043296398420479304 0.6644454656862746 0.023616217320261437 0.008935866013071947
0 0.041594328703703706 0.6797640931372549 0.01808449074074074 0.011063453159041448
0 0.2119140625 0.6299689797794117 0.012063419117647078 0.01637178308823528
0 0.37226562500000004 0.55380859375 0.007031249999999989 0.013476562499999956
0 0.5470422912205568 0.5983797845289079 0.01129215738758027 0.020284060492505418
0 0.48577188169164887 0.5977524424518201 0.006273420770877947 0.013592411670235505
0 0.4455544800884956 0.6959297961441214 0.010617493678887535 0.016049699747155532
0 0.19444572855029585 0.45621070636094674 0.015024038461538464 0.015024038461538491
0 0.128078757788162 0.48919392523364486 0.009735202492211825 0.010343652647975099
0 0.09245261732851989 0.5529999623947051 0.010576489169675088 0.009401323706377807
0 0.26155340608465605 0.7180059523809523 0.008473875661375696 0.011160714285714302
0 0.3779658564814815 0.8198302469135803 0.009886188271604923 0.019290123456790154
0 0.18685875512995898 0.7064006925444596 0.009351487688098487 0.01122178522571815
0 0.32325688269493846 0.6420090201778386 0.015496751025991795 0.013359268125855084
0 0.42806191770186336 0.6791779891304348 0.013829580745341574 0.008977096273291907
0 0.09705059344951925 0.6079852764423077 0.00821627103365384 0.013615534855769162
0 0.15466485507246375 0.5506365740740742 0.008177334943639286 0.016983695652173947
0 0.5098655290920717 0.7759850543478262 0.0162344149616368 0.009490888746803039
0 0.5440429687499999 0.8838867187499999 0.012304687500000022 0.007226562499999978
0 0.4727211513499481 0.8543208073727934 0.009329569055036346 0.011966186396677125
0 0.4783203125 0.836328125 0.008203124999999978 0.016406249999999956
1 0.5446459607897665 0.9147403364849833 0.02302906006674077 0.013252572302558385
0 0.5430683780552603 0.9532038722104144 0.015566883634431483 0.007679662592986136
0 0.4318882042253521 0.9305835010060363 0.016112298792756552 0.012575452716297786
0 0.4236328125 0.98173828125 0.014062499999999978 0.015429687500000067
0 0.406640625 0.9689453125 0.01679687499999999 0.017187500000000022
0 0.4909887566137566 0.9951585234788359 0.0180224867724868 0.005776703042328135
0 0.349592962184874 0.9900004923844539 0.00861672794117646 0.014566373424369727
0 0.35533744747899165 0.9720489758403361 0.01230961134453784 0.009027048319327657
0 0.2992158952496955 0.9566411007917174 0.008088459196102293 0.013560063946406853
0 0.3059959272228989 0.99042231272838 0.014511647381242387 0.008802146772229014
0 0.27304735079171744 0.9559274132155907 0.009515834348355678 0.011656897076735673
0 0.42881109775641024 0.9101019965277778 0.011685363247863234 0.006468683226495742
0 0.22303062550978792 0.9938012974102773 0.01096999898042414 0.00849115517944532
0 0.18440941068515498 0.9602429139477977 0.024214926590538338 0.011470228384991898
0 0.09213597745625841 0.9497497476446838 0.012880635935397039 0.01945238896366086
0 0.09621046433378197 0.9760367597577388 0.006834623149394342 0.017875168236877514
0 0.09908886002444989 0.9104236705378974 0.009073196821515903 0.017191320293398538
0 0.1308450488997555 0.8706687423594133 0.012415953545232283 0.013609795232273902
0 0.2117508961970075 0.9148271898379052 0.011445994389027436 0.01826488466334164
0 0.07851383039816233 0.7181398353751913 0.007477507656967836 0.015553215926493169
0 0.04447992700729927 0.7160983120437956 0.009124087591240879 0.01226049270072993
0 0.05688298357664233 0.875912408759124 0.009409215328467155 0.018248175182481674
0 0.02865533759124087 0.8529596259124086 0.009409215328467151 0.012830748175182483
0 0.034981343283582086 0.9613391376451077 0.022025290215588723 0.013603855721392999
0 0.07258628731343283 0.992972960717247 0.01107742537313433 0.01014782856550589
0 0.06638350618631733 0.6479143922852983 0.012224799854439597 0.01648926491994185
0 0.5657301682692308 0.5697991786858975 0.010955028044871806 0.014711037660256387
0 0.49728029010238906 0.3401303860921502 0.016664889078498335 0.008999040102389111
0 0.4207420849737533 0.9219672736220472 0.008458415354330728 0.014866305774278166
0 0.41427132468553457 0.9134544516509433 0.007984473270440273 0.01627604166666663
0 0.4563419117647059 0.7898667279411764 0.010110294117647078 0.016773897058823484
0 0.44772518382352944 0.7900965073529411 0.008501838235294101 0.014016544117647078
0 0.405 0.6348437499999999 0.009374999999999967 0.014687500000000075
0 0.40359375 0.58265625 0.015312500000000007 0.009062499999999973
0 0.5307479643485915 0.6583200374119719 0.012035101232394374 0.009971941021126751
0 0.35884065448113206 0.982397307389937 0.0070631878930818015 0.010441234276729605
0 0.11899834437086092 0.8616062189569537 0.01487479304635761 0.014551427980132425
0 0.035858154296875 0.7207234700520834 0.0091552734375 0.00966389973958326
0 0.05318921232876711 0.7098940496575343 0.014447773972602738 0.007223886986301387
0 0.0854314501455604 0.7083276473799127 0.006538846433770007 0.015067776564774316
