0 0.8698640046296295 0.10127314814814814 0.00940393518518523 0.01591435185185186
1 0.8510561342592592 0.12550636574074073 0.01085069444444442 0.025318287037037035
0 0.8391203703703702 0.13020833333333331 0.01157407407407407 0.01736111111111109
0 0.8340567129629629 0.11067708333333333 0.00868055555555558 0.014467592592592587
0 0.8232060185185185 0.10959201388888888 0.00868055555555558 0.016637731481481483
0 0.812355324074074 0.10959201388888888 0.01012731481481477 0.01519097222222221
0 0.7888454861111112 0.12044270833333331 0.01519097222222221 0.01808449074074074
0 0.7855902777777777 0.14973958333333331 0.01591435185185186 0.017361111111111105
1 0.7175925925925926 0.1877170138888889 0.0405092592592593 0.022424768518518517
1 0.49225983796296297 0.22894965277777776 0.02387152777777779 0.01229745370370372
0 0.3443287037037037 0.16239872685185186 0.008680555555555525 0.016637731481481483
0 0.2763310185185185 0.19241898148148145 0.02025462962962965 0.011574074074074098
0 0.16203703703703703 0.15769675925925924 0.020254629629629622 0.013020833333333315
0 0.045572916666666664 0.4390914351851851 0.01157407407407407 0.014467592592592615
0 0.16529224537037035 0.4683883101851851 0.020978009259259273 0.012297453703703665
0 0.279224537037037 0.43221932870370366 0.010127314814814825 0.01953125
0 0.2998408564814815 0.3598813657407407 0.009403935185185175 0.016637731481481455
0 0.3862847222222222 0.3211805555555555 0.017361111111111105 0.01157407407407407
0 0.4000289351851852 0.4434317129629629 0.00723379629629628 0.015914351851851805
0 0.15046296296296297 0.31069155092592593 0.015914351851851832 0.012297453703703665
0 0.27018229166666663 0.33998842592592593 0.016637731481481455 0.010127314814814825
0 0.34541377314814814 0.5099826388888888 0.01519097222222221 0.01736111111111116
0 0.24775752314814814 0.5862991898148149 0.010850694444444448 0.01519097222222221
0 0.13852719907407407 0.519386574074074 0.009403935185185175 0.01880787037037035
0 0.357349537037037 0.6452546296296295 0.010127314814814825 0.01736111111111105
0 0.09440104166666666 0.7913773148148148 0.013744212962962965 0.01736111111111116
0 0.10199652777777776 0.8286313657407407 0.015914351851851846 0.0166377314814814
0 0.1027199074074074 0.8626302083333333 0.017361111111111105 0.01229745370370372
0 0.1898871527777778 0.9570312499999999 0.010850694444444448 0.01591435185185186
0 0.6939227764423077 0.5715394631410255 0.019406049679487114 0.01627604166666663
0 0.8948692908653846 0.5906325120192308 0.025666065705128194 0.016902043269230727
0 0.7411858974358974 0.5367963741987178 0.027544070512820595 0.016902043269230727
0 0.8288261217948718 0.5530724158653846 0.017528044871794823 0.014398036858974339
0 0.9081778908268734 0.5586845930232558 0.014635820413436695 0.011103036175710512
0 0.5141059027777778 0.49739583333333337 0.01345486111111116 0.007812500000000056
0 0.23975861378205127 0.1824794671474359 0.016276041666666657 0.009390024038461536
0 0.5998507724719102 0.1702729985955056 0.010423981741573107 0.019202071629213474
