0 0.45421511627906974 0.653766957364341 0.015140503875968991 0.008478682170542595
0 0.4356272825365206 0.5386008051128818 0.007521995351925603 0.015822128154050485
0 0.38134765625 0.54853515625 0.008398437500000022 0.013476562500000067
0 0.4155852754237288 0.5455929795839753 0.01926040061633283 0.010232087827426795
0 0.5253156743792325 0.6780826749435667 0.013226580135440091 0.0101403781038375
0 0.3350837250293772 0.7246759327262045 0.01285252643948298 0.0061967538190363936
0 0.3320616657397108 0.7056321259733036 0.01759767797552836 0.008690211345939836
0 0.33890520717463846 0.6564238042269188 0.008690211345939891 0.014121593437152358
0 0.3296718576195773 0.660008516407119 0.0145561040044494 0.011731785317018906
0 0.34775037650602414 0.7515530873493976 0.009883283132530118 0.01553087349397586
0 0.3615338335220838 0.7656515430351076 0.01393509343148358 0.009953638165345446
0 0.418359375 0.79609375 0.0078125 0.010937499999999933
0 0.444921875 0.8029296875 0.013281249999999967 0.009765625
0 0.3525390625 0.77099609375 0.016406249999999956 0.012304687499999911
0 0.3840913318452381 0.7757626488095237 0.010230654761904767 0.015113467261904767
0 0.4815882982866044 0.5331544489875389 0.01764505451713394 0.00821407710280364
0 0.597632137345679 0.6101707175925926 0.01808449074074081 0.010368441358024616
0 0.5948591820987654 0.6205391589506173 0.012538580246913567 0.014226466049382713
0 0.6893539951989026 0.37200467249657065 0.010180898491083612 0.018486368312757184
0 0.6873446073388203 0.35458997770919065 0.009377143347050754 0.01955804183813442
0 0.6768957904663924 0.3521787122770919 0.009377143347050754 0.017414694787380003
0 0.6789051783264746 0.3709329989711934 0.010180898491083723 0.016878858024691357
0 0.866274773991655 0.468043723922114 0.010865785813629958 0.01901512517385262
0 0.8752390472878998 0.46980941411682886 0.007606050069540959 0.01494045549374129
0 0.8831167420027817 0.4746990177329624 0.008692628650904033 0.018743480528511824
0 0.9019960448539639 0.47334079450625866 0.010050851877607792 0.015483744784422826
0 0.9276664638386648 0.4715751043115438 0.009235917941585514 0.01303894297635605
0 0.9381231760700388 0.4775808608949417 0.010386267833981777 0.018492623216601778
0 0.7135111698065173 0.2662017884419552 0.00855238034623218 0.015712512729124273
0 0.7386710794297352 0.2420363416496945 0.01949147148676178 0.009149058044806535
0 0.7603414017341039 0.2957686054913295 0.016934609826589564 0.009031791907514464
0 0.9677447150735294 0.1811810661764706 0.023265165441176516 0.01263786764705882
0 0.9770683828437916 0.13910213618157544 0.018775033377837036 0.01069133845126835
0 0.9418651952603471 0.12006633845126836 0.014602803738317682 0.009648281041388512
0 0.9376244028662419 0.07090963375796178 0.017167595541401348 0.010947452229299354
0 0.7747991298272359 0.13606373856707316 0.02084127286585369 0.011710810467479654
0 0.6984803734756098 0.14459873602642276 0.015482088414634054 0.009328950711382122
0 0.6991750825711383 0.17069994918699188 0.018856389735772416 0.010321392276422786
0 0.7000128777472527 0.1850103021978022 0.01781421703296704 0.008155906593406592
0 0.9566333912037037 0.12203414351851855 0.013434193121693028 0.009558945105820116
0 0.9678078617810761 0.12278235157699441 0.01014610389610393 0.017393320964749548
0 0.9798860224399495 0.12579507743362833 0.011111330594184565 0.013086678255372935
0 0.7635475601131541 0.36491115629420084 0.012707743988684572 0.012707743988684572
0 0.995581296410891 0.13440234927510608 0.004931157178217904 0.01635155144978781
