0 0.017251577287066246 0.4876651222397477 0.009858044164037856 0.019099960567823315
0 0.02680155757097792 0.4408394124605678 0.012938682965299684 0.02033221608832808
0 0.009241916403785489 0.5147747436908517 0.012322555205047318 0.01909996056782326
0 0.004312894321766562 0.48828125 0.008625788643533123 0.02156447160883279
0 0.12969489353312302 0.4448442429022082 0.019099960567823343 0.012322555205047325
0 0.13000295741324921 0.45531841482649843 0.019716088328075698 0.012322555205047325
0 0.1648141758675079 0.6284503154574133 0.02279672712933753 0.016019321766561512
0 0.05267892350157729 0.6281422515772871 0.019099960567823343 0.014170938485804419
0 0.03342013888888885 0.34667496980676327 0.012266002415458933 0.019814311594202938
0 0.09805253623188404 0.05417798913043474 0.013209541062801936 0.019814311594202903
0 0.21119364754098363 0.024205942622950862 0.01408811475409838 0.014088114754098359
0 0.2067110655737705 0.0338114754098361 0.014088114754098352 0.011526639344262297
0 0.20286885245901642 0.04309682377049184 0.016649590163934413 0.012167008196721313
0 0.19902663934426232 0.054943647540983645 0.019211065573770503 0.012807377049180321
0 0.19678534836065575 0.0805584016393443 0.014728483606557374 0.01152663934426229
0 0.19454405737704922 0.09016393442622955 0.01664959016393444 0.014088114754098366
0 0.16988985655737707 0.20030737704918036 0.014728483606557374 0.012807377049180335
0 0.1676485655737705 0.21407530737704922 0.015368852459016397 0.013447745901639357
0 0.16316598360655743 0.2262423155737705 0.014088114754098352 0.01600922131147539
0 0.16604764344262296 0.06935194672131151 0.010886270491803268 0.01728995901639345
0 0.16124487704918034 0.0965676229508197 0.008965163934426229 0.015368852459016397
0 0.15676229508196726 0.11834016393442626 0.010245901639344274 0.014088114754098366
0 0.2092725409836066 0.6706582991803278 0.021772540983606564 0.017289959016393408
0 0.11442927003816794 0.8997793416030534 0.020127624045801526 0.013418416030534397
0 0.18263955152671754 0.8434965410305343 0.016400286259541985 0.021618559160305306
0 0.23556774809160302 0.8487148139312977 0.011927480916030547 0.01714575381679384
0 0.41447996183206104 0.7014849713740458 0.01938215648854963 0.013418416030534397
0 0.5016996660305343 0.8964247375954197 0.01192748091603052 0.021618559160305417
0 0.41634363072519087 0.8666060353053435 0.017145753816793896 0.011182013358778664
0 0.42118916984732824 0.8263507872137404 0.017891221374045807 0.020127624045801484
0 0.5166090171755725 0.9493529341603053 0.022364026717557328 0.012672948473282375
0 0.6150107347328244 0.7491948950381679 0.019382156488549684 0.013418416030534397
0 0.5363877770935961 0.8673606834975368 0.01635621921182262 0.012507697044334964
0 0.8772786458333333 0.11555989583333333 0.01085069444444453 0.017361111111111105
0 0.5933478860294118 0.3707490808823529 0.011010263480392135 0.013882506127450955
0 0.3493194580078125 0.525177001953125 0.0152587890625 0.011444091796875
