0 0.9420411881625441 0.07762809187279153 0.011042402826855202 0.020014355123674915
0 0.3479994769874477 0.7443449267782426 0.011440899581589947 0.019612970711297084
0 0.3475908734309623 0.8142161349372385 0.010623692468619217 0.020430177824267814
0 0.4317632060669456 0.6025594926778242 0.02206459205020922 0.012258106694560733
0 0.457505230125523 0.6017422855648535 0.01961297071129703 0.010623692468619272
0 0.4166448744769874 0.5719142259414226 0.01797855648535568 0.009806485355648542
0 0.44361270920502094 0.5845809361924685 0.02124738493723849 0.010623692468619272
0 0.3193972280334728 0.6797855648535565 0.02124738493723849 0.013075313807531463
0 0.4971397751046025 0.7950117677824267 0.02043017782426776 0.013075313807531352
0 0.4803870292887029 0.8546678870292886 0.013075313807531352 0.019612970711297084
0 0.16779823908730157 0.5107576884920635 0.01472594246031747 0.020151289682539764
0 0.046328391638225254 0.12165369027303755 0.015331697952218434 0.023330844709897616
0 0.17851847627737227 0.1571338959854015 0.019246122262773724 0.012117928832116792
0 0.0056020518358531205 0.03344357451403887 0.009702348812095031 0.018139173866090715
0 0.6791730967078189 0.27287487139917693 0.012860082304526843 0.020093878600823012
0 0.7181552211934156 0.5188239454732511 0.023308899176954778 0.012056327160493763
0 0.5228427211934156 0.7933063271604939 0.018486368312757184 0.012860082304526732
0 0.5340952932098765 0.8668499228395061 0.018486368312757184 0.01366383744855959
0 0.19129372427983538 0.7587448559670782 0.024112654320987637 0.012860082304526732
0 0.1793179898648649 0.9838823198198199 0.012317004504504514 0.018475506756756688
0 0.3483302156690141 0.17364931778169013 0.021319322183098566 0.011691241197183094
0 0.6616931352459017 0.7412056010928962 0.009605532786885251 0.017076502732240484
