0 0.31892213983050843 0.334811970338983 0.012248411016949123 0.020193326271186474
0 0.2629766949152542 0.15803760593220342 0.018869173728813526 0.014234639830508489
0 0.5049655720338984 0.1202992584745763 0.014234639830508544 0.019531250000000028
0 0.2041356519507187 0.6657469199178645 0.013635780287474336 0.021656827515400434
0 0.29176559291581106 0.7890705210472279 0.022859984599589322 0.01243262320328542
0 0.31843557494866526 0.8051126155030801 0.023261036960985637 0.01243262320328542
0 0.5386133213552361 0.783856840349076 0.01604209445585214 0.02205787987679675
0 0.5091359727926078 0.5905496021560575 0.014838937371663308 0.02125577515400412
0 0.5664864604722792 0.5504443660164271 0.02205787987679675 0.014036832648870678
0 0.5211675436344969 0.5065291324435318 0.01243262320328542 0.01604209445585214
0 0.32966504106776184 0.5560590990759754 0.015239989733059567 0.02045367043121149
0 0.10970106427378967 0.8384547161936562 0.01858566360601001 0.011412249582637757
0 0.691187273960217 0.6166647830018083 0.012008363471971095 0.02048485533453892
0 0.738867540687161 0.6634620818264014 0.021191229656419508 0.015187047920434016
0 0.7567034923146474 0.4485476943942134 0.02366353978300173 0.01554023508137431
0 0.7436355673598554 0.21438460669077758 0.02366353978300173 0.014833860759493694
0 0.8327708524816175 0.9216308593749999 0.021182789522058765 0.01220703125
0 0.893054872047244 0.6617556594488188 0.018762303149606363 0.013225885826771644
0 0.8779835137795275 0.7192728838582676 0.02060777559055127 0.013841043307086687
0 0.868756151574803 0.75925812007874 0.021838090551181133 0.015686515748031482
0 0.7440257352941176 0.5215992647058824 0.022518382352941124 0.012867647058823595
0 0.1181640625 0.0263671875 0.02109375000000001 0.01171875
