0 0.03578093370445344 0.06385216346153846 0.01462866902834008 0.00909349696356275
0 0.34085987473347545 0.10973314232409381 0.009578224946695135 0.015408448827292101
0 0.39895389125799574 0.11452225479744135 0.009161780383795282 0.019989339019189756
0 0.3519059065934066 0.14156936813186816 0.020747481684981695 0.010016025641025633
0 0.37605168269230765 0.14389451694139194 0.02253605769230771 0.008942880036630046
0 0.41976441895368777 0.110715051457976 0.00737028301886794 0.013735527444253853
0 0.4661054301833568 0.1177659996473907 0.00826428067700985 0.015702133286318767
0 0.25543365224625625 0.09083168677204659 0.01819883527454244 0.00812448003327787
0 0.5427838668082524 0.13165579490291263 0.00805901092233019 0.009244159587378648
0 0.4312430862831858 0.0360809596238938 0.008642146017699082 0.015987970132743362
0 0.513862484157161 0.07236711818757925 0.00792141951837766 0.014110028517110268
0 0.7606907894736841 0.049470600328947366 0.00813802083333337 0.014134457236842105
0 0.679283718060395 0.18022738821138212 0.017013283972125426 0.010661657955865267
0 0.7247658972125436 0.18975482723577236 0.01678644018583042 0.010207970383275256
0 0.75444735323219 0.1323074703166227 0.01288341029023743 0.015202424142480214
0 0.7777663258575198 0.1495712401055409 0.008503050791556777 0.016233096965699217
0 0.7873000494722955 0.1638718255277045 0.020871124670184704 0.009791391820580475
0 0.04344777180783818 0.2854278603034134 0.017284292035398226 0.016790455120101133
0 0.020458414396887156 0.28834812743190663 0.00962629701686122 0.009879620622568086
0 0.2875621756055363 0.22707612456747406 0.014868079584775096 0.011488970588235309
0 0.40010618932038833 0.32915528923948223 0.01516990291262138 0.009165149676375384
0 0.7155845905172413 0.3468480603448275 0.008755387931034475 0.008081896551724144
0 0.42500431629834257 0.23441276761049723 0.00782329074585636 0.011869820441988949
0 0.3159009356831396 0.2422329215116279 0.009652071220930203 0.015045875726744207
0 0.3890716757550336 0.4100448301174497 0.009503460570469802 0.015402160234899376
0 0.32232126958689455 0.4344451121794871 0.018640936609686576 0.010294248575498599
0 0.34856181412894377 0.4719382287379973 0.013395919067215378 0.02116555212620025
0 0.3876778978052126 0.4902906378600823 0.011252572016460904 0.0198259602194788
0 0.6591870300751879 0.5723977913533834 0.014978853383458612 0.008223684210526327
0 0.290276907234957 0.5428120522922636 0.00811470272206305 0.01175232808022919
0 0.3496173037889039 0.5655446549391069 0.007928788903924178 0.013743234100135338
0 0.1572847276645768 0.6261265673981191 0.012245297805642624 0.018061814263322873
0 0.23664223095526 0.6474597566505442 0.010863814993954057 0.009210625755743718
0 0.22418259961439588 0.6495772413239074 0.00953968508997427 0.012803261568123392
0 0.2342243733933162 0.6569830494858612 0.01104595115681234 0.014560571979434389
0 0.21928723489717222 0.68359375 0.019832503213367603 0.01205012853470433
0 0.2489577494394619 0.6330139433856503 0.009634248878923779 0.007006726457399082
0 0.2021484375 0.68828125 0.013671875 0.010546875000000067
0 0.42400291828793774 0.6313482895590142 0.009119649805447438 0.012919503891050566
0 0.6373061560150375 0.6820958646616542 0.019971804511278113 0.009104793233082664
0 0.6737253289473684 0.7139626409774436 0.009398496240601517 0.01585996240601495
0 0.6918293840819022 0.6527410832232496 0.007998266182298597 0.01032034346103039
0 0.6287786810247749 0.7793320664414414 0.016715934684684686 0.009017806869369371
0 0.4685118140243903 0.8091177591463415 0.015243902439024404 0.00809832317073167
0 0.6072471055729984 0.8798260890894819 0.011957908163265252 0.008891777864992179
0 0.5946203044041452 0.9400856136658031 0.01796267810880825 0.010119818652849832
0 0.5726396276595744 0.9957613031914894 0.02268949468085113 0.004571143617021378
0 0.2021484375 0.8306361607142857 0.010323660714285698 0.017857142857142794
0 0.2818080357142857 0.8470982142857143 0.0189732142857143 0.009486607142857206
0 0.24734657689144735 0.7995541221217105 0.008994654605263136 0.017346833881578982
0 0.1599965605345912 0.8779849646226414 0.011055424528301883 0.02026827830188671
0 0.1325 0.96015625 0.010624999999999996 0.01593750000000005
0 0.1990444934944238 0.7272595260223048 0.00847080235439901 0.01645755885997513
0 0.21910702284946237 0.8617481518817204 0.008190524193548404 0.017851142473118253
0 0.4384900407779172 0.878126960476788 0.017399231493099132 0.009557324341279871
0 0.3119654048102981 0.9340277777777778 0.01482046070460702 0.008733485772357774
0 0.5181255650994575 0.9242908001808318 0.009182866184448413 0.019778481012658222
0 0.60546875 0.8950892857142857 0.01227678571428581 0.009486607142857206
0 0.5441241197183098 0.7485145246478873 0.010453345070422615 0.0099031690140845
0 0.8819485007788161 0.06981965537383178 0.009735202492211825 0.018557729750778823
0 0.8536555685358256 0.19576883761682243 0.009735202492211825 0.019774630062305287
0 0.9895833333333333 0.09918811274509803 0.01225490196078427 0.010723039215686278
0 0.9869025735294117 0.40000765931372545 0.01302083333333337 0.013403799019607865
0 0.864283511513158 0.2370669716282895 0.009315892269736836 0.0179893092105263
0 0.9655768557422969 0.45760022759103647 0.017507002801120386 0.010941876750700297
0 0.9689961922268907 0.4893316701680672 0.007932860644257689 0.009300595238095233
0 0.8513669080829757 0.47080092095851217 0.01341201716738194 0.009500178826895578
0 0.9942695490326252 0.66266656392261 0.007554651934749579 0.01060437215477994
0 0.9783407625189682 0.6566234351289832 0.01481885432473451 0.010373198027314179
0 0.8907613334597875 0.6358770390743551 0.01985726479514416 0.011558706373292926
0 0.8793183016877637 0.6157425720815752 0.008790436005625901 0.015657964135021074
0 0.7798234146746348 0.6007221115537849 0.010115786852589626 0.016600265604249653
0 0.919416650236593 0.6937598580441641 0.01201449132492105 0.018483832807570932
0 0.9305069499211357 0.6976106565457414 0.008933852523659302 0.01509513012618291
0 0.9380545149842272 0.70053726340694 0.009241916403785466 0.020332216088328026
0 0.9476044952681388 0.7039259660883281 0.007393533123028373 0.017867705047318605
0 0.9568464116719243 0.7046961257886435 0.009241916403785577 0.021256407728706628
0 0.9660198252688172 0.7101184475806451 0.008400537634408622 0.019111223118279508
0 0.975680443548387 0.7102234543010753 0.008400537634408622 0.017641129032258007
0 0.98486328125 0.7123046875000001 0.011132812500000089 0.017968749999999978
0 0.7436755952380952 0.759796626984127 0.00868055555555558 0.017981150793650813
0 0.7805679563492064 0.7622767857142858 0.016741071428571397 0.010540674603174538
0 0.7763826884920635 0.7717323908730159 0.013330853174603141 0.009610615079365115
0 0.7725074404761905 0.7903335813492064 0.01302083333333337 0.00837053571428581
0 0.7717323908730159 0.8002542162698413 0.016431051587301626 0.009610615079365115
0 0.7686321924603174 0.8100198412698413 0.014570932539682446 0.00868055555555558
0 0.7197533001955672 0.8618450537809648 0.008403275749674144 0.015533327900912663
0 0.6685069806889352 0.9647377348643007 0.013455767223382042 0.012232515657620069
0 0.7447528898902822 0.8321537029780564 0.011020768025078342 0.015000489811912154
0 0.7655698961598747 0.839194749216301 0.01653115203761757 0.011326900470219337
0 0.7583757836990596 0.8569504310344828 0.016225019592476464 0.010714635579937237
0 0.7547021943573667 0.8737877155172413 0.016837284482758674 0.010714635579937348
0 0.7478142143416928 0.8904719337774295 0.018367946708463978 0.010408503134796243
0 0.7450590223354232 0.9013396355799372 0.01530662225705326 0.00887784090909094
0 0.7426099627742947 0.9111358738244515 0.01714341692789967 0.008265576018808729
0 0.7430691614420063 0.9216974431818181 0.016225019592476464 0.009796238244514144
0 0.7510695138072856 0.9447754480023502 0.014918111045828408 0.007573810223266753
0 0.7347743463572267 0.9494803907168038 0.01859026145710929 0.009639394829612291
0 0.7336267993537016 0.9582017479435958 0.01996731786133954 0.009180376028202097
0 0.7305284224441833 0.9680706521739131 0.016524676850763753 0.009180376028202097
0 0.7285775925381903 0.9777100470035253 0.018131242655699098 0.010557432432432456
0 0.7748237367802586 0.978283820505288 0.014229582843713229 0.01032792303172736
0 0.7820532829024677 0.9427098633960047 0.0213443742655699 0.012623017038777884
0 0.785840188014101 0.9206769609283196 0.02065584606345472 0.012163998237367801
0 0.7884795461222092 0.9103490378965923 0.015836148648648685 0.010786941833137442
0 0.794102526439483 0.8856767773207991 0.013770564042303146 0.010098413631022263
0 0.7961593511450382 0.8702091284987277 0.014412372773536908 0.00844863231552162
0 0.8103843295904887 0.8268968791281373 0.021156704095112278 0.010836360634081887
0 0.8170925528401585 0.8003219947159841 0.014964498018493977 0.01032034346103039
0 0.8250908190224571 0.7719410501981505 0.014964498018494088 0.009804326287978893
0 0.8244140625 0.76123046875 0.017187500000000022 0.010351562499999911
0 0.83310546875 0.7306640625 0.0166015625 0.009375000000000022
0 0.8302734375 0.74189453125 0.015234375000000022 0.0087890625
0 0.8265231865631693 0.7103603452890792 0.01066481531049257 0.015056209850107027
0 0.7707748948106592 0.9938488889375876 0.013137710378681722 0.00839597212482468
0 0.6469595878953771 0.9488385796836983 0.01045468369829683 0.01544441909975669
0 0.9692391485346359 0.995419002553286 0.014646702930728228 0.00525574489342806
0 0.9728435834813498 0.9867201376554173 0.02046791740674958 0.010754329484902292
0 0.9766596358792186 0.9768330928063943 0.01977408969804617 0.00832593250444047
0 0.9801287744227354 0.967119504884547 0.02046791740674958 0.00901976021314388
0 0.9811695159857904 0.9574059169626998 0.018386434280639463 0.009713587921847289
0 0.9834543525299602 0.9434035868841545 0.018464963382157085 0.011183005992010608
0 0.9842345622503329 0.9326106857523302 0.0169045439414115 0.01092293608521977
0 0.9509180205570291 0.6255698773209549 0.012433687002652571 0.009843335543766596
0 0.8854444889601139 0.58357260505698 0.006399127492877521 0.011963586182336172
0 0.6557298743206521 0.6906260614809783 0.009022588315217406 0.014595363451087029
0 0.14252533783783783 0.4674963048986487 0.008577913851351343 0.018475506756756743
0 0.49886446220930236 0.6193734102470929 0.008800417877906919 0.011355377906976716
0 0.6000846469804617 0.9130009436056838 0.014570381882770822 0.011795071047957406
0 0.37479285037878785 0.747958096590909 0.013316761363636354 0.015684185606060663
0 0.32107062088815785 0.27834601151315785 0.019595497532894746 0.010600842927631582
0 0.6469457091611479 0.9317225441501104 0.017677290286975733 0.011209988962472384
0 0.6627604166666667 0.17704906798245618 0.014134457236842146 0.014991091008771912
0 0.5985740718984962 0.1405809445488722 0.0209263392857143 0.017622180451127845
0 0.8491847826086956 0.556046195652174 0.010190217391304324 0.015625
0 0.9515964673913043 0.50390625 0.008491847826086918 0.00985054347826092
0 0.9893002717391304 0.8654891304347826 0.017323369565217406 0.008831521739130377
0 0.024225779241645245 0.5956027072622108 0.013807438946015424 0.013807438946015438
0 0.11472066922563418 0.6663676568758343 0.01564586114819759 0.013820510680907838
0 0.1295842373164219 0.6698879756341789 0.014602803738317752 0.011995160213618128
0 0.1471858311081442 0.6745817339786382 0.015385096795727637 0.011995160213618239
0 0.15487202837423314 0.690982873210634 0.012980892126789378 0.011183537832310853
0 0.307627688172043 0.681661626344086 0.00924059139784944 0.014700940860215006
0 0.4089793669871795 0.8508112980769231 0.009765625 0.01302083333333337
