0 0.25608508281972264 0.34170358243451465 0.021667950693374433 0.012940581664098616
0 0.20973974383667182 0.6464091390600926 0.021066063174113997 0.015649075500770437
0 0.24043600731895226 0.6137567411402158 0.019260400616332857 0.015950019260400627
0 0.2532261171032357 0.5708722553929122 0.01534813174114022 0.015649075500770437
0 0.3818795743451464 0.49503442796610175 0.021066063174114025 0.013241525423728862
0 0.043739203831658295 0.4631948806532663 0.022328439070351758 0.013249842964824121
0 0.07367403423366835 0.39522809359296485 0.02281917399497488 0.011286903266331694
0 0.021875 0.3177734375 0.021484375 0.012500000000000011
0 0.0173828125 0.3384765625 0.016015625 0.019921875000000033
0 0.08271579450625868 0.16937043636995824 0.013853876912378299 0.018200191237830315
0 0.3653620479833101 0.019558414464534074 0.014668810848400549 0.020101703755215576
0 0.3333079798331015 0.03572127086230876 0.019558414464534102 0.015483744784422809
0 0.5168216329225352 0.6908148107394367 0.02131932218309851 0.011003521126760618
0 0.32138671875 0.5427734375 0.015429687500000011 0.021093750000000022
0 0.19725575075834179 0.9629044489383214 0.01263902932254804 0.01856357431749245
0 0.9112020177165353 0.3566375492125984 0.010765255905511806 0.019992618110236227
0 0.8609128937007873 0.4003137303149606 0.016609251968504046 0.01814714566929132
0 0.91796875 0.14599609375 0.012499999999999956 0.020898437499999978
0 0.905859375 0.13134765625 0.018359374999999956 0.01699218749999999
0 0.2330811472819216 0.38851631637168144 0.020741150442477874 0.01456818900126422
0 0.22406862357774968 0.5837053571428572 0.019012721238938046 0.011852085967130277
0 0.031987028301886794 0.6428829867066895 0.018425707547169816 0.019430746140651767
