0 0.09939700311942959 0.14082692736185382 0.010792669340463454 0.017755681818181823
0 0.09487104500891265 0.1596270610516934 0.009400066844919786 0.017059380570409982
0 0.15649370543672014 0.1434380570409982 0.011488970588235309 0.016711229946524075
0 0.07707802703761756 0.23550156739811912 0.008571708463949834 0.015612754702194365
0 0.13631465517241376 0.21652135579937304 0.011939165360501575 0.02051087382445141
0 0.15606019788401254 0.23534850117554856 0.01102076802507837 0.02020474137931036
0 0.006082674352134164 0.3970054068216463 0.012165348704268329 0.012760813643292679
0 0.007550495426829305 0.41246665396341464 0.01339796112804878 0.011016101371951192
0 0.005019769435975647 0.4321169969512195 0.009527439024390244 0.009229706554878092
0 0.006210699314024427 0.4444728944359756 0.011909298780487803 0.008931974085365835
0 0.070364169973545 0.5900349289021165 0.009558945105820102 0.01705109126984128
0 0.33146421370967744 0.9262795546187683 0.015751008064516125 0.008877840909090828
0 0.4326658724340176 0.9911593887463344 0.009668255131964787 0.013774972507331396
0 0.44270356030058655 0.9915889616935484 0.009124129398826952 0.012915826612903247
0 0.46530482496334313 0.9947391633064516 0.010796600073313789 0.006615423387096753
0 0.4477352914222874 0.9350142045454546 0.012314424486803532 0.020046737536656978
0 0.45833142412023464 0.9384507881231672 0.011168896627565983 0.02119226539589436
0 0.4780917796920821 0.9427465175953078 0.00945060483870963 0.014319098240469175
0 0.507445931085044 0.9504788306451613 0.009736986803519088 0.015464626099706669
0 0.5178988728005864 0.9540586052052786 0.011168896627565927 0.01918759164222872
0 0.5282086235337243 0.9573519978005864 0.01174166055718473 0.019473973607038064
0 0.48425141850068776 0.9197418758596974 0.011014872764786798 0.021223779229711193
0 0.5048035591471802 0.9231000687757909 0.009134284731774467 0.018268569463548823
0 0.5233407840440165 0.9283388497248968 0.010208906464924339 0.01746260316368642
0 0.533952673658872 0.9300851100412655 0.009402940165061824 0.017731258596973887
0 0.5522212431224209 0.9357268741403025 0.011014872764786854 0.015582015130674032
0 0.5635047713204951 0.9386820839064649 0.00994025103163687 0.016656636863823904
0 0.5731763669188445 0.9413686382393397 0.010477561898211807 0.020417812929848678
0 0.5835196011004127 0.9429805708390646 0.009671595598349403 0.019343191196698806
0 0.5934598521320495 0.9435178817056395 0.010208906464924339 0.01988050206327374
0 0.6429926929625426 0.9204428561293984 0.021060939273552792 0.010641316685584545
0 0.6414408342792282 0.9308624787173666 0.01973077468785478 0.010197928490351948
0 0.6891016153585927 0.8982894959404601 0.011893183355886405 0.019557679296346442
0 0.5233114919354839 0.8840095766129032 0.01050067204301075 0.016171034946236618
0 0.5348622311827957 0.8860047043010753 0.009660618279569877 0.017641129032258007
0 0.5529233870967742 0.8923051075268817 0.01050067204301075 0.016801075268817134
0 0.5725596438172043 0.8976604502688172 0.011130712365591378 0.01701108870967738
0 0.592825940860215 0.900390625 0.010920698924731131 0.015330981182795744
0 0.603536626344086 0.9015456989247311 0.01050067204301075 0.019321236559139754
0 0.53974609375 0.8626953125 0.011132812499999978 0.017578125
0 0.5509765625 0.8642578125 0.009765625 0.01914062499999991
0 0.55927734375 0.8671875 0.010351562500000022 0.01953125
0 0.57822265625 0.873046875 0.009960937500000044 0.01796875000000009
0 0.58984375 0.8712890625 0.010546874999999956 0.019140625000000022
0 0.600390625 0.87451171875 0.010156249999999978 0.01816406249999991
0 0.6094726562499999 0.88212890625 0.011132812499999978 0.018164062500000022
0 0.509375 0.80791015625 0.012890625000000044 0.021679687499999933
0 0.5353515625 0.8125 0.010937499999999933 0.018750000000000044
0 0.54453125 0.81787109375 0.010546874999999956 0.0185546875
0 0.56328125 0.8220703125 0.010546875000000067 0.015234375000000022
0 0.5738281249999999 0.82646484375 0.011328125000000022 0.018164062500000022
0 0.5840820312499999 0.82783203125 0.011132812499999978 0.021289062500000067
0 0.5947265625 0.82763671875 0.010156250000000089 0.017382812499999956
0 0.6138671875 0.83310546875 0.01171875 0.019726562500000044
0 0.62587890625 0.83359375 0.011523437499999956 0.01953125
0 0.634765625 0.836328125 0.01171875 0.020703125000000044
0 0.64345703125 0.8419921875 0.0087890625 0.01953125
0 0.7552083333333334 0.9091676311728396 0.008198302469135887 0.00940393518518523
0 0.8584645206766917 0.2035068139097745 0.01468515037593987 0.012335526315789463
0 0.8679202443857331 0.1260165538309115 0.007740257595772793 0.014706489431968284
0 0.11572662601626019 0.678321900406504 0.00984502032520325 0.013338414634146312
