0 0.4689629575545171 0.8042189933800623 0.019774630062305343 0.01125632788162001
0 0.7099013910060976 0.956275009527439 0.009229706554877981 0.020245807926829174
0 0.141130354020979 0.8605769230769231 0.009219296328671328 0.01946295891608396
0 0.6153713319359756 0.6750666920731707 0.012504763719512146 0.009229706554878092
0 0.6024224428868121 0.6992674260124611 0.01358872014537904 0.008518302180685389
0 0.6173558728448276 0.6895878232758621 0.010439116379310387 0.009428879310344862
0 0.7308123787192755 0.6633499757438551 0.00884338615782665 0.02046612225097033
0 0.7172425344563553 0.6503936160030628 0.0161514165390505 0.012861313169984623
0 0.8963969216417911 0.6589772491708126 0.010040941127694825 0.012632151741293507
0 0.8848805147058822 0.681953231874145 0.01015304377564985 0.01042022913816687
0 0.8552595678114085 0.7597633512805588 0.00522955471478459 0.009776993597206074
0 0.805458210370995 0.7104368676222597 0.014821353288364314 0.009880902192242913
0 0.9735982293423272 0.7157066821247893 0.008563448566610399 0.015150716694772304
0 0.6480643419715447 0.6075727261178862 0.018657901422764134 0.010718368902439046
0 0.48822045233463035 0.5207725356679637 0.010386267833981888 0.007599708171206254
0 0.512148729011194 0.20679075326492535 0.016397504664179108 0.009838502798507454
2 0.569066097861842 0.2581080386513158 0.02088044819078949 0.010600842927631582
0 0.698463220164609 0.31225887345679015 0.018754286694101507 0.01044881687242799
0 0.7168156292866941 0.30850801611796985 0.013128000685871055 0.008305469821673517
0 0.7752130681818181 0.36583004948680353 0.01546462609970678 0.014605480205278631
0 0.6438481220190779 0.2437524841017488 0.014594097774244807 0.01117845786963434
0 0.9285811054913296 0.23369761560693642 0.008467304913294726 0.011854226878612706
0 0.9360345112285335 0.2877879375825627 0.017544583883751685 0.007998266182298541
