3 0.891216856060606 0.4863873106060606 0.06628787878787878 0.06510416666666663
3 0.9222892992424242 0.30320785984848486 0.05030776515151514 0.06569602272727271
0 0.9625355113636362 0.5369910037878788 0.03018465909090906 0.026633522727272707
0 0.9527698863636362 0.5514914772727273 0.03432765151515149 0.02840909090909094
0 0.9285037878787878 0.5822679924242424 0.02840909090909094 0.029592803030303094
0 0.9178503787878787 0.5994318181818181 0.02604166666666663 0.027225378787878785
0 0.8929924242424242 0.618075284090909 0.029592803030302983 0.031368371212121215
1 0.41613051470588236 0.7495404411764706 0.11534926470588236 0.09650735294117652
1 0.3646599264705882 0.7405790441176471 0.09329044117647062 0.07858455882352944
0 0.903125 0.10537109375 0.029296875 0.03261718749999999
0 0.92216796875 0.1599609375 0.03339843749999993 0.039453125000000006
0 0.7731155563186813 0.7672132554945055 0.03326751373626369 0.0279017857142857
0 0.7607743818681318 0.7811641483516484 0.03434065934065922 0.025755494505494525
