0 0.2756602728544776 0.22519239738805968 0.026600396455223885 0.024049673507462677
0 0.26837249300373134 0.24395843050373134 0.028057952425373123 0.026600396455223857
0 0.36329582555970147 0.26964785447761197 0.028422341417910446 0.03060867537313433
0 0.34270784748134325 0.3447119869402985 0.028057952425373123 0.03060867537313433
0 0.36493557602611937 0.36366021455223874 0.02732917444029853 0.03060867537313433
0 0.3919003614738806 0.383701609141791 0.028057952425373123 0.0276935634328358
0 0.4006456972947761 0.39791277985074625 0.0244140625 0.026964785447761153
0 0.4146746735074627 0.40629372667910446 0.026964785447761208 0.03060867537313433
0 0.4276104827425373 0.41758978544776115 0.02951550839552236 0.029879897388059684
0 0.44145726445895517 0.4283392607276119 0.025871618470149238 0.0309730643656716
0 0.42979681669776115 0.3164718400186567 0.02878673041044777 0.030244286380597007
0 0.4427326259328358 0.32503498134328357 0.02987989738805974 0.028422341417910446
0 0.4518423507462686 0.33778859608208955 0.028422341417910446 0.032795009328358216
0 0.4680576609141791 0.3459873484141791 0.028786730410447714 0.025871618470149238
0 0.47771396921641784 0.36074510261194026 0.026964785447761208 0.024778451492537323
0 0.4897388059701492 0.36839727145522383 0.02404967350746262 0.025507229477611915
0 0.5035855876865671 0.37987552472014924 0.029879897388059684 0.029515508395522416
0 0.5167035914179104 0.38934963852611937 0.026236007462686617 0.025142840485074647
0 0.2811261077425373 0.3929935284514925 0.02368528451492541 0.026600396455223885
0 0.304629197761194 0.41157736707089554 0.026964785447761153 0.026600396455223885
0 0.341796875 0.4449189598880597 0.023320895522388085 0.03133745335820892
0 0.38096869169776115 0.47534544076492535 0.025871618470149238 0.029515508395522416
0 0.39226475046641784 0.48390858208955223 0.025871618470149238 0.024778451492537323
0 0.4057471431902985 0.4962978078358209 0.022227728544776115 0.024778451492537323
0 0.4186829524253731 0.5059541161380596 0.024049673507462677 0.028057952425373123
0 0.42943242770522383 0.5168857859141791 0.02149895055970147 0.02878673041044777
0 0.44400798740671643 0.5274530666977612 0.02149895055970147 0.023685284514925353
3 0.7440097184986596 0.09654616286863271 0.045031836461126074 0.04450821045576407
3 0.8112956601876675 0.35600284852546915 0.060216990616622 0.059693364611260014
3 0.7225410522788204 0.4790549597855228 0.07226038873994645 0.06702412868632712
3 0.7502932305630027 0.7118067191689008 0.06283512064343166 0.06231149463806962
3 0.9393222184986595 0.6390227044235925 0.05759886058981234 0.061264242627345866
3 0.8495203585790885 0.8631346347184987 0.04660271447721187 0.05079172252010722
3 0.9207334953083111 0.929111511394102 0.060216990616622 0.05812248659517427
0 0.44839303861788615 0.9146023882113821 0.03302845528455284 0.03429878048780488
