0 0.12529721467391308 0.15873386548913046 0.023352581521739135 0.015922214673913027
0 0.5764563637955182 0.08995316876750703 0.01996892507002801 0.025713410364145664
0 0.6317128413865547 0.13372067577030813 0.01996892507002801 0.03501400560224087
0 0.7836681547619048 0.12934392507002804 0.02680759803921573 0.026807598039215674
0 0.8081506039915967 0.14288449754901963 0.02106311274509809 0.03419336484593838
0 0.16181640625 0.27353515625 0.023632812500000017 0.025976562499999967
0 0.07421875 0.48642578125 0.024218750000000004 0.0263671875
0 0.06982421875 0.50947265625 0.025976562499999994 0.025585937499999933
0 0.059667968749999994 0.52607421875 0.0287109375 0.029882812500000022
0 0.04560546875 0.56484375 0.0283203125 0.03125
0 0.0306640625 0.596484375 0.026171874999999997 0.028515624999999933
