1 0.3812002695071869 0.7158784650924025 0.04050628850102672 0.05855364476386038
1 0.7014405800821355 0.6805858572895277 0.071387320328542 0.07379363449691989
1 0.6841953285420944 0.6071932751540041 0.07459573921971252 0.019250513347022546
1 0.48186441221765913 0.8480252181724846 0.02125577515400412 0.07018416324435317
1 0.39764341632443534 0.8572494224845996 0.022057879876796693 0.07660100102669398
1 0.829977861909651 0.7934820970225873 0.06296522073921973 0.058954697125256694
1 0.06784219236760125 0.8935090537383178 0.05719431464174455 0.016428154205607504
0 0.4996896904205608 0.6344613999221184 0.030118282710280386 0.01490702881619943
0 0.7365289135514019 0.45846719236760125 0.01764505451713394 0.04015771028037385
0 0.7535655179127726 0.46090099299065423 0.015211253894080956 0.03833235981308408
0 0.8043711059190031 0.4607488804517134 0.01399435358255452 0.03620278426791279
0 0.8048274435358256 0.5331544489875389 0.014298578660436156 0.030118282710280386
0 0.8401175525700935 0.5301121982087227 0.013081678348909609 0.03255208333333337
0 0.7529570677570094 0.5336107866043613 0.01399435358255452 0.031030957943925297
0 0.6869402258566978 0.8104556074766356 0.035898559190031154 0.03529010903426799
0 0.6238135221962617 0.8767766744548287 0.026467581775700855 0.029205607476635587
0 0.6636670073987538 0.9467484423676013 0.02890138239875395 0.03285630841121501
0 0.5591656931464175 0.9513118185358256 0.029205607476635476 0.03285630841121501
0 0.5862417250778815 0.8775372371495327 0.021904205607476634 0.02707603193146413
0 0.39013671875 0.6806640625 0.03847656249999998 0.016796875000000044
