0 0.5948424258474576 0.035056938559322064 0.03111758474576265 0.019862288135593223
0 0.5072828389830508 0.8500728283898304 0.03211069915254239 0.022510593220338992
0 0.5028138241525424 0.8664592161016949 0.03376588983050849 0.021517478813559365
0 0.5489936440677967 0.9046941207627119 0.03078654661016944 0.021848516949152574
0 0.5388969809322034 0.9179356461864407 0.03376588983050843 0.020524364406779738
0 0.5806077860169492 0.9166114936440678 0.03177966101694918 0.017876059322033955
0 0.6173530190677967 0.9320047669491525 0.033765889830508544 0.0228416313559322
0 0.6466498940677966 0.8916181144067796 0.03144862288135597 0.01953125
0 0.48046875 0.9773569915254237 0.032772775423728806 0.021517478813559365
0 0.4445511122881356 0.9824880826271186 0.027807203389830504 0.01986228813559321
0 0.4705707097457627 0.9902674788135593 0.03151483050847459 0.01555879237288138
0 0.8909560381355932 0.9333289194915255 0.03144862288135597 0.021517478813559365
0 0.8841697563559323 0.9512049788135594 0.029793432203389814 0.01953125
0 0.8636950476694916 0.9892743644067796 0.022609904661016977 0.017545021186440635
0 0.7706236758474576 0.9727224576271187 0.024496822033898247 0.0228416313559322
0 0.7370233050847459 0.947563559322034 0.029462394067796605 0.025489936440677874
0 0.7085540254237288 0.9510394597457628 0.03542108050847459 0.024496822033898247
0 0.701271186440678 0.9705707097457628 0.03144862288135597 0.021186440677966156
0 0.7337129237288136 0.9758673199152543 0.030786546610169552 0.021848516949152574
0 0.6823358050847458 0.987453654661017 0.022047139830508433 0.021186440677966045
0 0.893090109223301 0.3784511529126213 0.023513349514563076 0.0364077669902913
