0 0.6033194837340876 0.05149951379066481 0.022652934936350788 0.03729446605374823
0 0.6302543758840169 0.06172096004243284 0.026244253889674662 0.03895199787835927
0 0.6570511403818953 0.06945610855728432 0.02292919024045259 0.03397940240452616
0 0.6628585188356164 0.36777165382420096 0.020958190639269403 0.031437285958904104
0 0.6426806863584476 0.3665453767123288 0.021181150114155334 0.03656535388127857
3 0.4515211462804006 0.8424255633047211 0.054765736766809736 0.06426591559370531
3 0.3751005901287554 0.9192652449928469 0.07013367310443491 0.05364806866952787
3 0.02288818359375 0.8908589680989584 0.0457763671875 0.05137125651041674
3 0.792718989769821 0.22289102461636828 0.055946291560102335 0.05219988810741688
3 0.8070802030051152 0.46141204443734013 0.07118166560102301 0.05769461317135549
3 0.7164172394501279 0.9544387388107418 0.07967351342711004 0.08366967710997442
0 0.7059334150326797 0.012446384803921568 0.024892769607843146 0.024892769607843136
