0 0.8041352650727651 0.3595049376299376 0.03613890332640335 0.01583614864864863
0 0.7206909433471933 0.7980444386694386 0.014617983367983367 0.033702572765072825
0 0.7493178274428274 0.7939838877338877 0.016648258835758822 0.03451468295218296
0 0.7657630587318087 0.7943899428274428 0.018678534303534278 0.0353267931392931
0 0.8006837967775468 0.7949990254677755 0.017054313929314002 0.03573284823284828
0 0.818956275987526 0.8335742593555093 0.015430093555093505 0.033296517671517645
0 0.8467710498960499 0.8347924246361746 0.01746036902286907 0.033296517671517756
0 0.8485982978170478 0.7970293009355509 0.017054313929314002 0.03898128898128905
0 0.8764130717255717 0.8335742593555093 0.015836148648648685 0.03573284823284828
0 0.779568931912682 0.8309349012474012 0.015430093555093616 0.03451468295218296
0 0.7612964527027026 0.8317470114345114 0.018678534303534278 0.033702572765072714
0 0.9178306912681913 0.7954050805613305 0.015024038461538436 0.03410862785862778
0 0.9620906964656963 0.797435356029106 0.01746036902286907 0.033296517671517645
0 0.9620906964656964 0.8309349012474012 0.01339981808731805 0.03045413201663205
0 0.9442242723492723 0.8354015072765073 0.015836148648648685 0.03207835239085244
0 0.9141761954261953 0.8325591216216215 0.01827247920997921 0.028829911642411665
0 0.8961067437629937 0.8315439838877339 0.014617983367983367 0.03167229729729726
0 0.028686749075785594 0.43068391866913125 0.033574976894639556 0.03032578558225507
