0 0.22626953125 0.84150390625 0.023632812500000017 0.03144531249999993
0 0.24462890625 0.845703125 0.019726562500000017 0.028124999999999956
0 0.26259765625 0.85087890625 0.0224609375 0.03144531249999993
0 0.28632812500000004 0.85859375 0.02265624999999999 0.030468749999999933
0 0.32724609375 0.95771484375 0.02128906250000001 0.0302734375
0 0.36611328125 0.966015625 0.013476562500000011 0.029296875
0 0.38837890625 0.9765625 0.024023437500000022 0.035937499999999956
0 0.40693359375 0.9833984375 0.018164062500000022 0.029296875
0 0.30644531249999996 0.86484375 0.02031250000000001 0.025390625
0 0.32119140625 0.87421875 0.0244140625 0.030859375000000022
0 0.341796875 0.8802734375000001 0.018750000000000044 0.028906250000000022
0 0.35859375 0.8863281249999999 0.017578125 0.025781249999999978
0 0.37568359375 0.890234375 0.018164062500000022 0.028124999999999956
0 0.39482421875 0.8974609375 0.018945312499999978 0.032421875000000044
0 0.4546875 0.91982421875 0.0234375 0.035351562500000044
0 0.7377017513736264 0.8380408653846154 0.03612923534798529 0.015739468864468864
0 0.8611134958791209 0.839114010989011 0.03827552655677657 0.016454899267399292
0 0.8609346382783882 0.8623654990842491 0.039348672161172105 0.015024038461538436
0 0.17467457886676874 0.7906716596477794 0.04007944104134761 0.02303072358346092
1 0.18409623851454823 0.8329943529862174 0.037387538284839206 0.056829058192955584
