0 0.773284082326284 0.13379791351963746 0.04130475830815716 0.020947413141993956
0 0.7310942220543807 0.2695135479607251 0.031863670694864066 0.018587141238670668
0 0.6235543334592144 0.23543712235649544 0.030388500755286985 0.018882175226586112
0 0.6203089595921449 0.2528441276435045 0.03923952039274925 0.023602719033232605
0 0.34400962990936557 0.18218348753776437 0.03245373867069484 0.020357345166163138
0 0.3400266710725075 0.20003304380664652 0.029208364803625375 0.019472243202416917
0 0.516161961858006 0.16595661820241692 0.032748772658610315 0.020357345166163165
0 0.5149818259063443 0.18513382741691842 0.03687924848942592 0.0191772092145015
0 0.5064258402567976 0.21611239614803623 0.030978568731117817 0.020357345166163138
0 0.5798893032477341 0.2593348753776435 0.03156863670694854 0.019472243202416917
0 0.5733985555135952 0.2737915407854985 0.038059384441087585 0.02006231117824775
0 0.5020003304380665 0.2330768504531722 0.03864945241691836 0.02183251510574019
0 0.4938868957703928 0.24945123678247733 0.030683534743202456 0.0191772092145015
0 0.4512544845166163 0.2528441276435045 0.0421898602719033 0.025372922960725075
0 0.44550132175226587 0.26921851397280966 0.03127360271903323 0.018587141238670668
0 0.4845933251510574 0.28057732250755285 0.03156863670694865 0.022422583081571024
0 0.5705957326283988 0.2903134441087613 0.03363387462235656 0.019472243202416917
0 0.5999516144259819 0.29842687877643503 0.028028228851963766 0.020357345166163165
0 0.5661702228096677 0.3069828644259819 0.028913330815709903 0.016816937311178226
0 0.5610071280211479 0.3223246317975831 0.03215870468277948 0.019767277190332333
0 0.5521561083836858 0.33973163708459214 0.030388500755287096 0.020357345166163165
0 0.5837247450906344 0.34873017371601206 0.0268480929003021 0.019472243202416917
0 0.545075292673716 0.37189034176737157 0.0362891805135952 0.023897753021147994
0 0.580479371223565 0.38206901435045315 0.03215870468277948 0.019472243202416917
0 0.5695631136706949 0.3965256797583081 0.03333884063444115 0.017702039274924475
0 0.5664652567975831 0.41245751510574014 0.03776435045317217 0.02124244712990936
0 0.44594387273413894 0.28411773036253773 0.03746931646525681 0.018292107250755307
0 0.4370928530966767 0.2996070147280967 0.03923952039274925 0.023307685045317272
0 0.4739721015861027 0.31273602719033233 0.03215870468277948 0.02124244712990936
0 0.4686614898036254 0.33073310045317217 0.03156863670694865 0.018292107250755307
0 0.4342900302114804 0.3173090540030211 0.03894448640483389 0.022127549093655607
0 0.4277992824773414 0.3326508213746223 0.039534554380664666 0.022127549093655607
0 0.4639409459969788 0.34769755475830816 0.03156863670694865 0.020357345166163165
0 0.42042343277945615 0.34902520770392753 0.03363387462235651 0.02124244712990936
0 0.42071846676737157 0.4924117258308157 0.033043806646525675 0.022422583081571024
0 0.4338474792296072 0.44269849886706947 0.029208364803625375 0.0191772092145015
0 0.41953833081570996 0.36569462802114805 0.034223942598187285 0.021537481117824775
0 0.4123099981117825 0.3831016333081571 0.030388500755286985 0.018587141238670668
0 0.40655683534743203 0.39667319675226587 0.03127360271903323 0.0191772092145015
0 0.40419656344410876 0.4140802020392749 0.03127360271903323 0.019767277190332333
0 0.39711574773413894 0.4310446563444109 0.03245373867069484 0.02183251510574019
0 0.5260456004531722 0.4177681268882175 0.0306835347432024 0.02065237915407858
0 0.5596794750755287 0.427504248489426 0.028913330815710014 0.018292107250755252
0 0.5559915502265861 0.4446162197885196 0.03510904456193353 0.022422583081570968
0 0.5500908704682779 0.46054805513595165 0.030388500755286985 0.017702039274924475
0 0.5208825056646526 0.4332574112537764 0.02920836480362543 0.015636801359516617
0 0.5194073357250755 0.4505168995468278 0.03215870468277948 0.018882175226586084
0 0.514244240936556 0.4691040407854985 0.028913330815710014 0.02006231117824775
0 0.5455178436555892 0.47839761140483383 0.03363387462235645 0.022127549093655552
0 0.0715457420694864 0.31421119712990936 0.022717617069486405 0.0306835347432024
0 0.21493226019637462 0.26110507930513593 0.03156863670694865 0.02006231117824775
0 0.3134736121601208 0.28072483950151056 0.03628918051359514 0.022717617069486384
0 0.3058027284743202 0.295476538897281 0.0345189765861027 0.01799707326283989
0 0.3003445996978852 0.31288354418429 0.03599414652567978 0.021537481117824775
0 0.3391415691087613 0.3236522847432024 0.0345189765861027 0.024782854984894243
0 0.333830957326284 0.34091177303625375 0.029798432779456152 0.02035734516616311
0 0.32955296450151056 0.35758119335347427 0.031863670694864066 0.017702039274924475
0 0.32483242069486407 0.37410309667673713 0.03481401057401812 0.022422583081571024
0 0.2993119807401813 0.32970048149546827 0.032158704682779427 0.020357345166163165
0 0.29296875 0.34459969788519634 0.034223942598187285 0.019472243202416917
0 0.28588793429003023 0.3606790502265861 0.03599414652567973 0.021537481117824775
0 0.27954470354984895 0.3760208175981873 0.03274877265861026 0.019767277190332333
0 0.27821705060422963 0.3934278228851964 0.030683534743202456 0.018587141238670724
0 0.20917909743202417 0.29385385196374625 0.033043806646525675 0.02183251510574019
0 0.20136069675226587 0.31052327228096677 0.03451897658610273 0.01622686933534745
0 0.19501746601208458 0.32483242069486407 0.03245373867069487 0.020652379154078526
0 0.31332609516616317 0.40390152945619334 0.03245373867069484 0.0230126510574018
0 0.25240157666163143 0.4214560517371601 0.03923952039274928 0.023307685045317217
0 0.24945123678247735 0.43856802303625375 0.033928908610271924 0.019767277190332333
0 0.2851503493202417 0.44668145770392753 0.0362891805135952 0.02183251510574019
0 0.38944486404833834 0.46305584403323263 0.033043806646525675 0.02389775302114805
0 0.3825115653323263 0.47795506042296076 0.03215870468277948 0.02124244712990936
0 0.028618296827794563 0.4524346204682779 0.02419278700906344 0.030388500755286985
0 0.04705792107250756 0.6164735177492446 0.025077888972809666 0.032748772658610315
0 0.24001014916918428 0.45538496034743203 0.03274877265861029 0.02035734516616311
0 0.23528960536253773 0.47102176170694865 0.035109044561933506 0.02035734516616311
0 0.23425698640483383 0.48990393693353473 0.0330438066465257 0.019767277190332333
0 0.22747120468277945 0.5046556363293051 0.040714690332326275 0.021537481117824775
0 0.22820878965256797 0.5220626416163142 0.03156863670694865 0.017407005287009003
0 0.2786596015861027 0.4634983950151057 0.038059384441087585 0.02183251510574019
0 0.2748241597432024 0.4806103663141994 0.03746931646525681 0.019472243202416917
0 0.26671072507552873 0.4969847526435045 0.033043806646525675 0.022127549093655607
0 0.2644979701661631 0.5118839690332326 0.03156863670694862 0.021242447129909303
0 0.2587448074018127 0.5267831854229608 0.03068353474320243 0.01681693731117828
0 0.25771218844410876 0.5438951567220544 0.03156863670694865 0.018587141238670668
0 0.36362939010574014 0.5410923338368581 0.032158704682779427 0.019472243202416917
0 0.4062618013595166 0.5410923338368581 0.033043806646525675 0.024782854984894187
0 0.22009535498489424 0.5384370279456193 0.037764350453172196 0.021832515105740136
0 0.21198192031722052 0.5542213462990937 0.03451897658610273 0.01858714123867078
0 0.20637627454682778 0.5710382836102719 0.04041965634441089 0.020357345166163165
0 0.24591082892749244 0.5815119901812689 0.035699112537764366 0.021832515105740136
0 0.23646974131419937 0.5974438255287009 0.03274877265861026 0.018882175226586195
0 0.23410946941087613 0.6144082798338368 0.0345189765861027 0.019767277190332333
0 0.23086409554380666 0.6301925981873111 0.03156863670694862 0.018292107250755252
0 0.2248158987915408 0.6442067126132931 0.030093466767371596 0.022127549093655552
0 0.19678766993957703 0.6186862726586102 0.03245373867069487 0.021832515105740247
0 0.9559101208459214 0.6380109988670695 0.037174282477341336 0.022127549093655663
0 0.8401092805891239 0.6250295033987915 0.03333884063444115 0.019767277190332333
0 0.8263902001510575 0.6743001793806647 0.03540407854984895 0.020357345166163165
0 0.8095732628398791 0.7210630664652569 0.03245373867069479 0.021242447129909414
0 0.7853804758308157 0.8030825151057401 0.03304380664652573 0.018292107250755252
0 0.7802173810422961 0.8178342145015105 0.03392890861027198 0.02065237915407858
0 0.7709238104229608 0.83199584592145 0.03540407854984895 0.019472243202416917
0 0.7691536064954683 0.8494028512084593 0.03481401057401823 0.018882175226586084
0 0.7579423149546827 0.8827416918429003 0.03599414652567978 0.021832515105740136
0 0.7564671450151057 0.8973458742447129 0.03776435045317217 0.020947413141993887
0 0.7496813632930514 0.9143103285498488 0.03776435045317217 0.02065237915407858
0 0.7070489520392749 0.7583848659365559 0.028028228851963766 0.019767277190332333
0 0.6908220827039275 0.8029349981117825 0.032748772658610315 0.02153748111782483
0 0.6533527662386707 0.802197413141994 0.03982958836858008 0.025962990936555852
0 0.6709072885196374 0.7380275207703928 0.03363387462235656 0.020947413141993887
0 0.6773980362537764 0.7203254814954683 0.03245373867069479 0.022127549093655663
0 0.6853639539274925 0.6884618108006042 0.03717428247734145 0.025077888972809603
0 0.7015908232628398 0.6524676642749244 0.031863670694864066 0.018587141238670668
0 0.7389126227341389 0.526635668429003 0.03687924848942603 0.026553058912386684
0 0.7421579966012084 0.5108513500755287 0.028028228851963766 0.018587141238670668
0 0.7529267371601208 0.48002029833836857 0.038354418429003 0.022422583081570968
0 0.6858065049093656 0.3240948357250755 0.030388500755286985 0.019767277190332333
0 0.6768079682779455 0.33855150113293053 0.03245373867069479 0.019767277190332333
0 0.6747427303625377 0.35522092145015105 0.036584214501510504 0.018882175226586084
0 0.6837412669939578 0.4313396903323263 0.03628918051359509 0.02006231117824775
0 0.6520251132930514 0.42116101774924475 0.03363387462235656 0.01740700528700906
0 0.6483371884441087 0.43620775113293053 0.032748772658610315 0.019767277190332277
0 0.6415514067220544 0.45302468844410876 0.03392890861027187 0.020357345166163165
0 0.6360932779456194 0.4691040407854985 0.03481401057401812 0.02183251510574019
0 0.6306351491691843 0.48562594410876136 0.040419656344410804 0.02124244712990936
0 0.6273897753021147 0.5031804663897281 0.03864945241691842 0.024487820996978882
0 0.53310546875 0.509375 0.033007812499999956 0.02226562500000001
0 0.52685546875 0.5236328125 0.034960937499999956 0.021874999999999978
0 0.5282226562500001 0.54033203125 0.03378906250000002 0.018945312499999978
0 0.51865234375 0.5582031249999999 0.037304687500000044 0.021874999999999978
0 0.48623046875 0.54814453125 0.03535156249999999 0.016992187499999978
0 0.48017578125 0.56357421875 0.03652343749999998 0.017773437500000044
0 0.49208984375000003 0.53076171875 0.03574218750000002 0.019335937499999956
0 0.49208984375000003 0.51298828125 0.03574218750000002 0.020117187500000022
0 0.6221679687499999 0.53330078125 0.030664062499999978 0.0205078125
0 0.61142578125 0.55205078125 0.033007812499999956 0.019726562499999933
0 0.60517578125 0.56708984375 0.04121093749999993 0.018945312499999978
0 0.6021484374999999 0.58203125 0.03281250000000002 0.01953125
0 0.5958984375 0.5978515625 0.029296875 0.017578125
0 0.59052734375 0.61474609375 0.0322265625 0.019726562500000044
0 0.62314453125 0.62431640625 0.0302734375 0.018945312499999978
0 0.62841796875 0.606640625 0.0341796875 0.022265625000000067
0 0.63447265625 0.58935546875 0.0302734375 0.0205078125
0 0.51201171875 0.58994140625 0.03144531249999999 0.0205078125
0 0.47998046875 0.57890625 0.035351562500000044 0.020703124999999933
0 0.47509765625 0.5962890624999999 0.033398437500000044 0.019921874999999978
0 0.50673828125 0.6052734375 0.0341796875 0.021874999999999978
0 0.50166015625 0.6219726562500001 0.03535156249999993 0.020117187500000022
0 0.49755859375 0.63759765625 0.03652343750000003 0.021289062499999956
0 0.49335937500000004 0.6539062499999999 0.035156250000000056 0.021874999999999978
0 0.4603515625 0.6443359375 0.03437499999999999 0.021093750000000022
0 0.46376953125 0.6278320312500001 0.03574218749999997 0.018945312499999978
0 0.46875 0.6136718750000001 0.03359374999999998 0.019921874999999978
0 0.5833984375000001 0.63017578125 0.03164062499999998 0.019726562499999933
0 0.6158203125 0.6396484375 0.032421875000000044 0.02382812500000009
0 0.61142578125 0.65625 0.035351562500000044 0.021484375
0 0.6048828125000001 0.6728515625 0.03945312499999998 0.024218749999999956
0 0.5712890625 0.661328125 0.036328125000000044 0.018749999999999933
0 0.5767578124999999 0.64619140625 0.03359374999999998 0.019726562499999933
0 0.5685546875 0.67900390625 0.03203125000000007 0.0205078125
0 0.56318359375 0.69580078125 0.03183593750000002 0.01894531250000009
0 0.5975585937500001 0.7048828125 0.03769531250000002 0.025390625
0 0.55849609375 0.7115234375 0.0341796875 0.018750000000000044
0 0.55546875 0.7294921875 0.03984375000000007 0.022656250000000044
0 0.55087890625 0.74677734375 0.031054687499999956 0.020117187500000022
0 0.55029296875 0.7625 0.03261718750000009 0.020312500000000067
0 0.54287109375 0.77998046875 0.029492187500000044 0.016992187499999978
0 0.57392578125 0.7880859375 0.03378906250000002 0.02187500000000009
0 0.5814453125000001 0.7730468749999999 0.03554687499999998 0.019140625000000022
0 0.58251953125 0.7552734375 0.033007812499999956 0.018750000000000044
0 0.46064453125 0.6625 0.05019531249999998 0.026562500000000044
0 0.4478515625 0.6768554687499999 0.03437499999999999 0.020117187500000022
0 0.4826171875 0.68642578125 0.03359374999999998 0.0185546875
0 0.477734375 0.70185546875 0.03125 0.022070312500000022
0 0.470703125 0.7176757812500001 0.030859375000000022 0.018945312499999978
0 0.46572265625 0.73310546875 0.03574218749999997 0.0224609375
0 0.46357421875000004 0.75068359375 0.03105468750000001 0.021289062500000067
0 0.43203125 0.7404296875 0.03164062500000003 0.021093750000000022
0 0.4294921875 0.72392578125 0.041015625 0.022070312500000022
0 0.43642578125 0.7080078125 0.0341796875 0.022265624999999956
0 0.44853515624999996 0.6935546875 0.02753906249999999 0.018749999999999933
0 0.3548828125 0.57353515625 0.030859374999999967 0.018945312499999978
0 0.39189453125 0.5687500000000001 0.03183593750000002 0.021093750000000022
0 0.38525390625 0.5845703124999999 0.034960937499999956 0.023046875000000022
0 0.37998046875 0.6019531250000001 0.0341796875 0.021093750000000022
0 0.347265625 0.58984375 0.03242187499999999 0.022265624999999956
0 0.34052734375 0.60888671875 0.029882812500000022 0.01699218750000009
0 0.375390625 0.617578125 0.030859374999999967 0.017578125
0 0.37519531250000004 0.63271484375 0.03398437500000001 0.019726562500000044
0 0.33964843749999996 0.62568359375 0.03242187499999999 0.019726562499999933
0 0.3337890625 0.6400390625 0.030859375000000022 0.018359374999999956
0 0.36650390624999996 0.64921875 0.03496093750000001 0.021874999999999978
0 0.36181640625 0.66455078125 0.033007812499999956 0.0224609375
0 0.36162109374999996 0.6822265625 0.03730468749999999 0.020703125000000044
0 0.3525390625 0.69853515625 0.030859375000000022 0.016210937500000022
0 0.35048828125 0.71484375 0.03457031250000003 0.02187500000000009
0 0.33222656250000004 0.656640625 0.03046874999999999 0.01953125
0 0.3265625 0.67177734375 0.03242187499999999 0.0205078125
0 0.31826171875 0.68701171875 0.03378906249999997 0.01699218750000009
0 0.31025390625 0.7025390625 0.03574218750000002 0.020312499999999956
0 0.48369140625 0.9375976562499999 0.03652343749999998 0.022851562499999978
0 0.48203125 0.95546875 0.03203125000000001 0.018359374999999956
0 0.4755859375 0.9689453125 0.037109375 0.021093750000000022
0 0.471875 0.9873046875 0.03671875000000002 0.01953125
0 0.04560546875 0.802734375 0.0341796875 0.024609375000000044
0 0.04130859375 0.8291015625 0.031054687500000004 0.020703125000000044
0 0.03076171875 0.8485351562500001 0.0369140625 0.022851562499999978
0 0.020703125000000003 0.8892578124999999 0.033203125 0.021874999999999978
0 0.01376953125 0.90966796875 0.025976562499999998 0.0166015625
0 0.01220703125 0.9256835937500001 0.0244140625 0.018164062500000022
0 0.126171875 0.8244140625 0.037109374999999986 0.022656249999999933
0 0.16044921875 0.8357421875 0.036523437500000006 0.024609374999999933
0 0.155078125 0.849609375 0.029687500000000006 0.01914062499999991
0 0.15175781249999998 0.8646484375 0.032812499999999994 0.021484375
0 0.14658203125 0.883984375 0.03691406250000001 0.021874999999999978
0 0.1423828125 0.9002929687500001 0.031640625000000006 0.020117187500000022
0 0.1236328125 0.84228515625 0.033203125 0.019335937499999956
0 0.115234375 0.8560546874999999 0.033203125 0.021093750000000022
0 0.11259765625000001 0.873046875 0.0333984375 0.020312499999999956
0 0.10625 0.88955078125 0.034765624999999994 0.0185546875
0 0.1029296875 0.90537109375 0.030078124999999997 0.0205078125
0 0.13408203125 0.91494140625 0.031054687499999983 0.019335937499999956
0 0.12958984375 0.9310546875 0.030273437499999986 0.017578125
0 0.12578125 0.9478515625 0.029687500000000006 0.016406249999999956
0 0.10087890625 0.9220703125 0.0283203125 0.019140625000000022
0 0.09169921875 0.93828125 0.0333984375 0.021484375
0 0.08623046875 0.9546874999999999 0.0380859375 0.023828124999999978
0 0.08212890625 0.97099609375 0.0330078125 0.019726562499999933
0 0.115234375 0.97978515625 0.03398437500000001 0.0185546875
0 0.12216796875 0.96455078125 0.03144531249999999 0.018164062500000022
0 0.07666015625 0.9849609375 0.028710937500000006 0.016796875000000044
0 0.11005859375 0.99267578125 0.037695312499999994 0.0107421875
0 0.3771484375 0.88544921875 0.0390625 0.023632812499999933
0 0.41386718749999996 0.89521484375 0.03398437500000001 0.019726562499999933
0 0.40937500000000004 0.91318359375 0.03593750000000001 0.021289062499999956
0 0.39638671875 0.92890625 0.0244140625 0.013671875
0 0.37421875000000004 0.9033203125 0.03632812499999999 0.015625
0 0.36845703124999996 0.9188476562500001 0.03496093750000001 0.020117187500000022
0 0.3646484375 0.93427734375 0.03554687500000003 0.018164062500000022
0 0.35917968749999996 0.951953125 0.03437499999999999 0.018359375000000067
0 0.39130859375000004 0.96123046875 0.03730468749999999 0.019726562499999933
0 0.3857421875 0.97724609375 0.033203125 0.0185546875
0 0.38017578125 0.99208984375 0.028710937499999978 0.011914062500000044
0 0.352734375 0.9669921875 0.03164062499999998 0.020312500000000067
0 0.34599609375 0.98203125 0.0302734375 0.018359374999999956
0 0.2615234375 0.86806640625 0.03281250000000002 0.0205078125
0 0.29482421875 0.87744140625 0.03144531249999999 0.01699218750000009
0 0.28798828125 0.89296875 0.027929687499999967 0.018359374999999956
0 0.2587890625 0.88408203125 0.03242187500000002 0.016992187499999978
0 0.253125 0.9013671875 0.036718749999999994 0.01953125
0 0.28466796875 0.909375 0.031054687499999956 0.017968749999999978
0 0.280859375 0.92451171875 0.03164062500000003 0.017773437499999933
0 0.27763671875 0.94248046875 0.03457031249999998 0.019335937499999956
0 0.27216796875 0.9583984375 0.0322265625 0.020312499999999956
0 0.265234375 0.97314453125 0.03398437500000001 0.019726562500000044
0 0.25927734375 0.98876953125 0.0322265625 0.0185546875
0 0.25117187500000004 0.91748046875 0.03398437500000001 0.019335937499999956
0 0.2427734375 0.93193359375 0.03632812499999999 0.021289062500000067
0 0.23671874999999998 0.9484375 0.03710937499999997 0.020703124999999933
0 0.23212890625 0.96533203125 0.03300781249999998 0.021289062499999956
0 0.22490234375 0.97958984375 0.029492187500000017 0.019726562500000044
0 0.22099609375 0.99287109375 0.030664062500000006 0.010351562500000022
