3 0.5817453143447461 0.6385865554899646 0.07056154073199528 0.08739484946871312
3 0.6609541027154663 0.6352429530696575 0.06710264167650526 0.0742510330578513
3 0.7365886953955135 0.6299393078512396 0.07079213400236117 0.07932408500590316
3 0.8495793978748524 0.6209461703069656 0.11829434769775671 0.12313680637544266
3 0.9695282522874852 0.6080041230076741 0.05703724542502964 0.07696050398465171
3 0.9805411604458918 0.10504602955911824 0.03501142910821642 0.05553294088176351
3 0.9821067917084167 0.164287559493988 0.03188016658316639 0.05033113101202402
3 0.39892578125 0.97578125 0.0693359375 0.04453125000000002
3 0.39462890625 0.9109375 0.07753906250000003 0.07148437499999993
3 0.3904296875 0.833984375 0.08203125 0.07460937500000009
3 0.3966796875 0.751953125 0.07968750000000002 0.06953125000000004
3 0.44189453125 0.6869140625000001 0.0634765625 0.06406250000000002
3 0.72021484375 0.33359375 0.015429687499999956 0.009374999999999967
