0 0.3342057619647355 0.8089578085642317 0.031978117128463435 0.025090522670025206
0 0.34552109571788414 0.8259308091939546 0.029026290931989884 0.021646725440806036
0 0.3838948362720403 0.890625 0.03492994332493704 0.028042348866498812
0 0.36667585012594456 0.8517592884130982 0.02312263853904284 0.015251102015113371
0 0.37356344458438284 0.8645505352644836 0.030010232997481123 0.0221386964735516
0 0.3964400976070529 0.9080899716624685 0.02853431989924432 0.023614609571788403
0 0.40308170654911835 0.928014798488665 0.03099417506297225 0.02312263853904284
0 0.3519167191435768 0.8446257084382871 0.024106580604533967 0.020662783375314797
0 0.45916640428211586 0.5919985831234256 0.0339460012594458 0.025090522670025206
0 0.46654596977329976 0.6072496851385389 0.030010232997481123 0.0221386964735516
0 0.06854140428211589 0.021312185138539066 0.03197811712846346 0.019186870277078084
0 0.0734611146095718 0.008274952770780882 0.03788176952141058 0.015743073047858942
0 0.10716113035264485 0.015162547229219168 0.03247008816120907 0.02263066750629723
0 0.10101149244332494 0.030413649244332517 0.03296205919395466 0.02066278337531486
0 0.09781368073047861 0.04886256297229222 0.0305022040302267 0.022138696473551635
0 0.08871221662468515 0.06288373740554158 0.030994175062972293 0.017710957178841302
0 0.08453046284634763 0.0793647670025189 0.03247008816120907 0.022138696473551628
0 0.07838082493702772 0.09510784005037784 0.03296205919395466 0.020170812342569275
0 0.07592096977329976 0.110604927581864 0.036897827455919394 0.021646725440806036
0 0.06706549118387911 0.12659398614609574 0.030010232997481096 0.022138696473551656
0 0.060915853274559215 0.14307501574307308 0.03443797229219143 0.018694899244332486
0 0.060915853274559215 0.16029400188916879 0.03542191435768261 0.023614609571788403
0 0.050830447103274584 0.17357721977329976 0.03197811712846347 0.01967884130982367
0 0.023280069269521433 0.16668962531486148 0.03296205919395466 0.01967884130982367
0 0.028445765113350147 0.14971662468513858 0.03345403022670025 0.01721898614609571
0 0.031889562342569296 0.13667939231738038 0.037389798488664985 0.021646725440806036
0 0.03361146095717887 0.11577062342569272 0.036897827455919394 0.02017081234256929
0 0.044434823677581885 0.10273339105793453 0.031978117128463476 0.017710957178841302
0 0.04763263539042823 0.0860063759445844 0.0364058564231738 0.02164672544080605
0 0.05329030226700254 0.07026330289672546 0.030994175062972286 0.018694899244332486
0 0.059685925692695235 0.055012200881612114 0.03492994332493702 0.018694899244332493
0 0.0678034477329975 0.039023142317380376 0.030502204030226687 0.02017081234256927
0 0.2626239767002519 0.38192695214105793 0.032470088161209026 0.02312263853904284
0 0.22966191750629725 0.3723335170025189 0.03443797229219142 0.021646725440806036
0 0.27713712216624686 0.33543568954659947 0.03394600125944586 0.021646725440806036
0 0.38832257556675065 0.24589696158690177 0.03689782745591935 0.021646725440806036
0 0.24023929471032746 0.32535028337531485 0.031978117128463435 0.021154754408060472
0 0.23408965680100757 0.33961744332493704 0.035421914357682605 0.022138696473551656
0 0.15439034949622168 0.3147729061712846 0.032470088161209054 0.023614609571788403
0 0.11085091309823679 0.30370355793450876 0.027058406801007545 0.03394600125944586
0 0.04812460642317382 0.19276409005037787 0.0364058564231738 0.02066278337531488
0 0.041482997481108334 0.20752322103274562 0.031978117128463476 0.018694899244332486
0 0.014714853589420667 0.197518990081864 0.029429707178841333 0.023944230163727986
0 0.03361146095717887 0.2198224968513854 0.031978117128463476 0.021646725440806036
0 0.027953794080604555 0.2385173960957179 0.034437972292191435 0.02263066750629722
0 0.020820214105793475 0.2547524401763224 0.029026290931989926 0.017710957178841302
0 0.020328243073047883 0.26975755667506296 0.03394600125944584 0.020170812342569233
0 0.021558170654911862 0.30198165931989923 0.034437972292191435 0.020662783375314908
0 0.029675692695214133 0.31895465994962213 0.03394600125944584 0.02017081234256929
0 0.038531171284634784 0.3356816750629723 0.03492994332493703 0.023122638539042784
0 0.2272020623425693 0.46679195528967254 0.015743073047858935 0.03443797229219142
0 0.31698677581863977 0.4589204187657431 0.018202928211586922 0.032470088161209054
0 0.209491105163728 0.47121969458438284 0.014759130982367752 0.029518261964735504
0 0.19104219143576828 0.4704817380352645 0.022138696473551656 0.029026290931989884
0 0.15512830604534006 0.4571985201511335 0.02312263853904281 0.032962059193954674
0 0.1354494647355164 0.4510488822418136 0.022138696473551656 0.030502204030226687
0 0.10297937657430731 0.42669631612090675 0.02410658060453401 0.02607446473551639
0 0.12069033375314864 0.43481383816120905 0.028042348866498756 0.030502204030226743
0 0.07911878148614612 0.3993919238035264 0.028534319899244334 0.030502204030226687
0 0.06534359256926954 0.38586272040302266 0.027550377833753137 0.024106580604533967
0 0.05624212846347609 0.3703656328715365 0.030994175062972286 0.023614609571788403
0 0.046156722292191456 0.3560984729219143 0.030502204030226698 0.020662783375314853
0 0.40455761964735515 0.19891372795969775 0.037881769521410535 0.02312263853904281
0 0.4111992285894206 0.18317065491183881 0.03640585642317379 0.022138696473551656
0 0.33026999370277077 0.15660421914357686 0.03591388539042817 0.024106580604533995
0 0.4190707651133501 0.15070056675062976 0.03738979848866497 0.02017081234256926
0 0.4257123740554156 0.13348158060453402 0.038865711586901774 0.024106580604534023
0 0.436043765743073 0.10248740554156172 0.03394600125944586 0.02213869647355164
0 0.4426853746851385 0.0857603904282116 0.03148614609571787 0.01918687027707809
0 0.4471131139798489 0.0675574622166247 0.03443797229219142 0.024106580604533995
0 0.4603963318639798 0.037793214735516396 0.03148614609571787 0.02263066750629723
0 0.4628561870277078 0.01762240239294713 0.03345403022670024 0.02361460957178841
0 0.31944663098236775 0.18735240869017633 0.03591388539042817 0.024598551637279614
0 0.343307226070529 0.12438011649874058 0.032470088161209054 0.02066278337531488
0 0.3469970088161209 0.10789908690176324 0.030010232997481068 0.018202928211586894
0 0.35708241498740556 0.07567498425692697 0.03738979848866503 0.024598551637279586
0 0.36028022670025184 0.059193954659949644 0.03197811712846349 0.02017081234256926
0 0.36815176322418136 0.042958910579345116 0.030994175062972307 0.020170812342569268
0 0.3713495749370277 0.027461823047858967 0.03443797229219148 0.02066278337531486
0 0.37774519836272036 0.012948677581864005 0.03640585642317379 0.024106580604534005
0 0.31305100755667503 0.2210524244332494 0.03197811712846349 0.02312263853904281
0 0.30591742758186397 0.23679549748110834 0.03148614609571787 0.02017081234256926
0 0.2980458910579345 0.2690196001259446 0.030502204030226743 0.020662783375314853
0 0.28845245591939545 0.28353274559193953 0.038865711586901774 0.024106580604534023
0 0.2857466152392947 0.30099771725440805 0.038373740554156155 0.023614609571788403
0 0.24786484571788414 0.28845245591939545 0.03640585642317376 0.021154754408060472
0 0.25450645465994964 0.27320135390428213 0.03394600125944583 0.01918687027707805
0 0.2621320056675063 0.25819623740554154 0.032470088161209054 0.020662783375314853
0 0.2650838318639799 0.24097725125944586 0.03640585642317379 0.022630667506297192
0 0.27000354219143574 0.22351227959697734 0.03345403022670024 0.021154754408060444
0 0.2778750787153652 0.2102290617128464 0.029518261964735504 0.019186870277078077
0 0.279350991813602 0.19350204659949624 0.03247008816120911 0.021154754408060472
0 0.28648457178841313 0.17948087216624686 0.03197811712846349 0.02361460957178843
0 0.2931261807304786 0.16275385705289674 0.03738979848866497 0.020662783375314853
0 0.29779990554156166 0.1472567695214106 0.028042348866498756 0.01721898614609571
0 0.30247363035264485 0.13126771095717887 0.032470088161209054 0.019678841309823697
0 0.31305100755667503 0.11847646410579347 0.03296205919395462 0.02066278337531488
0 0.31403494962216627 0.09879762279596979 0.03788176952141059 0.020662783375314867
0 0.31600283375314864 0.08133265113350127 0.041817537783375325 0.02213869647355164
0 0.31944663098236775 0.06657352015113352 0.04280147984886651 0.025090522670025178
0 0.32953203715365237 0.05033847607052899 0.03738979848866497 0.022138696473551635
0 0.3324838633501259 0.032135547858942085 0.04034162468513852 0.02115475440806045
0 0.33961744332493704 0.01762240239294713 0.03788176952141059 0.02066278337531486
0 0.21376953125 0.01328125 0.03886718750000001 0.022265625
0 0.251953125 0.02431640625 0.03828125000000002 0.023242187499999997
0 0.25302734375 0.00732421875 0.029882812499999967 0.0138671875
0 0.24521484375 0.03955078125 0.03339843749999999 0.017773437500000003
0 0.24033203125 0.0541015625 0.03144531249999999 0.018750000000000003
0 0.23427734374999998 0.071875 0.03417968749999997 0.019921875
0 0.2271484375 0.0865234375 0.03125 0.018750000000000003
0 0.1962890625 0.078515625 0.03281250000000002 0.02187499999999999
0 0.2021484375 0.06298828125 0.03515625 0.017773437499999996
0 0.20771484375 0.04619140625 0.035742187499999994 0.019726562499999996
0 0.210546875 0.03017578125 0.03828124999999999 0.019335937499999997
0 0.2251953125 0.10263671875 0.03515625 0.02089843749999999
0 0.2203125 0.12050781249999999 0.037109375 0.021093749999999994
0 0.2158203125 0.137890625 0.033203125 0.019921875000000006
0 0.2087890625 0.15234375 0.033593750000000006 0.021093750000000022
0 0.20068359375 0.16738281249999998 0.03339843749999999 0.023828125000000006
0 0.1970703125 0.18564453125000002 0.03203124999999998 0.018164062499999994
0 0.18818359375 0.21572265625 0.039648437499999994 0.0224609375
0 0.1849609375 0.2326171875 0.03398437500000001 0.021875000000000006
0 0.17978515625000002 0.24931640625 0.033789062499999994 0.023242187499999983
0 0.17177734375 0.26611328125 0.03339843749999999 0.022070312500000022
0 0.16367187500000002 0.28125 0.036718749999999994 0.021874999999999978
0 0.1302734375 0.26923828125000004 0.033203125 0.01972656249999999
0 0.19404296875 0.09365234375 0.03144531250000002 0.021289062499999997
0 0.18642578124999998 0.11064453125 0.038476562500000006 0.0244140625
0 0.18291015625 0.1271484375 0.03691406249999998 0.024218749999999997
0 0.17626953125 0.14228515625 0.03652343749999998 0.021679687500000017
0 0.16875 0.15615234374999998 0.034765624999999994 0.020898437500000006
0 0.1638671875 0.17343750000000002 0.03593749999999998 0.021093749999999994
0 0.1619140625 0.19208984375 0.030468750000000017 0.017382812499999983
0 0.15390625 0.20771484375 0.03632812499999999 0.020898437500000006
0 0.15009765625 0.22392578125 0.03339843750000002 0.0205078125
0 0.14697265625 0.24169921875 0.03300781250000001 0.020898437499999978
0 0.13916015625 0.25556640625 0.03183593750000001 0.0205078125
