3 0.39985745226308345 0.06545040664780766 0.07983778288543142 0.068511315417256
3 0.4169852811173974 0.14445942362093353 0.0721026343705799 0.06464374115983028
3 0.45759481082036774 0.2084125265205092 0.07597020862800563 0.0676825495049505
3 0.7120812029063508 0.2823516550053821 0.07610670075349846 0.08577771797631864
3 0.8232979009687835 0.29118171420882666 0.11647268568353064 0.12404130785791176
3 0.9443359375 0.28450520833333337 0.107421875 0.12239583333333331
3 0.7250629696038251 0.6491525785519126 0.06750554986338797 0.07364241803278682
3 0.615933444330601 0.7468088285519126 0.1080622438524591 0.09338712431693985
3 0.6159036701713396 0.9322977511682242 0.0708844431464174 0.06845064252336452
1 0.47626953125 0.32314453125 0.022070312500000022 0.024023437499999967
1 0.4830078125 0.3298828125 0.02070312499999999 0.021484375
1 0.6029296875 0.540625 0.024218749999999956 0.020312499999999956
1 0.575390625 0.56904296875 0.023046875000000022 0.020117187500000022
1 0.55048828125 0.5990234375 0.022851562499999978 0.0234375
