3 0.29814453125 0.0318359375 0.0673828125 0.061328125
3 0.34921875 0.17685546875 0.068359375 0.06269531249999999
3 0.31435546875 0.26044921875 0.05253906250000001 0.0595703125
3 0.500390625 0.12568359375 0.06640625 0.059179687499999994
3 0.6517578125 0.1787109375 0.08515625000000004 0.08710937499999999
3 0.5726562500000001 0.1982421875 0.03671875000000002 0.04257812500000002
3 0.8986328125 0.28115234375 0.06679687499999998 0.0669921875
3 0.04208984375 0.30156249999999996 0.0322265625 0.03828124999999999
3 0.100390625 0.35283203124999996 0.05351562499999998 0.06230468750000001
3 0.01259765625 0.485546875 0.0251953125 0.05234375000000002
3 0.155078125 0.87919921875 0.066015625 0.0693359375
3 0.0828125 0.91484375 0.062109374999999994 0.06523437500000007
