3 0.49931640625 0.2779296875 0.06425781250000007 0.06992187499999997
3 0.42080078125 0.33203125 0.0654296875 0.06992187500000002
3 0.528125 0.491796875 0.05507812499999998 0.06328125000000001
3 0.2650390625 0.44462890624999996 0.06523437500000001 0.07050781249999999
3 0.18525390625 0.50048828125 0.0650390625 0.07011718749999996
3 0.10664062499999999 0.555859375 0.06445312499999999 0.07109375000000007
3 0.03271484375 0.61396484375 0.0654296875 0.07207031250000007
3 0.22412109375 0.71669921875 0.0576171875 0.06816406249999996
3 0.16748046875 0.764453125 0.04628906249999998 0.05507812499999998
3 0.03486328125 0.860546875 0.0419921875 0.0546875
3 0.2848128434065934 0.6715745192307693 0.057091346153846145 0.06825206043956045
3 0.86376953125 0.2599609375 0.049023437500000044 0.056640625
3 0.80126953125 0.29755859375 0.0537109375 0.0673828125
3 0.7423828125 0.34550781249999996 0.05078125 0.05937500000000001
