3 0.6620159823284824 0.25474272349272353 0.11897414241164239 0.1181620322245322
3 0.7744932432432432 0.3461051195426196 0.06862331081081074 0.08080496361746364
3 0.775508380977131 0.6644523128898129 0.06740514553014554 0.07593230249480243
3 0.615116619022869 0.6869883705821206 0.06740514553014554 0.0722778066528067
3 0.5194906444906445 0.7809901247401247 0.08242918399168403 0.06456275987525983
3 0.493300090956341 0.8546891242203742 0.0722778066528067 0.0649688149688149
3 0.4886304573804574 0.9391485836798337 0.0799928534303534 0.06984147609147606
1 0.59306640625 0.194140625 0.025585937499999933 0.012890625000000017
1 0.58779296875 0.56513671875 0.0263671875 0.009570312500000067
1 0.7540039062499999 0.55791015625 0.025976562500000022 0.0107421875
1 0.75625 0.56748046875 0.02734375 0.0107421875
1 0.6141799887532133 0.4266498634318766 0.023849212724935676 0.022342946658097662
