3 0.25390625 0.0623046875 0.05898437499999998 0.06796875
3 0.30126953125 0.0216796875 0.03261718749999998 0.039453125
3 0.19472656249999998 0.10800781250000001 0.054296874999999994 0.062890625
3 0.133203125 0.15126953125 0.0546875 0.06386718749999999
3 0.06884765625 0.19091796875 0.059179687499999994 0.07285156250000002
3 0.0193359375 0.23857421875 0.038281249999999996 0.06503906250000002
3 0.8835468573046432 0.016806165062287663 0.06613639580973951 0.032736409966024914
3 0.7963972253680633 0.060602172989807475 0.06790593148357871 0.07387811438278595
3 0.8750309668742922 0.15814782701019253 0.06989665911664777 0.06901189127972823
3 0.9638561279020386 0.09584136997451868 0.06838149419592299 0.07003601005096263
3 0.9638395385050962 0.4484622734994338 0.05286487825594566 0.05817348527746319
3 0.8897402321630804 0.49800927236693093 0.05198011041902606 0.06215494054360132
3 0.8228296644960362 0.5331787938844846 0.03362117780294449 0.0404781285390714
3 0.9218130662514157 0.6852482658550396 0.03251521800679502 0.03671786523216303
3 0.9818832725792752 0.6409612117780294 0.032327204841449686 0.03839007644394121
3 0.6548343714609286 0.6554979473386182 0.04755627123442818 0.05640394960362405
3 0.5852695002831256 0.7065932899207248 0.05795229331823326 0.06613639580973951
3 0.517474164779162 0.7545919450736126 0.05640394960362399 0.06525162797281991
3 0.6820409824462061 0.8588839538505095 0.05463441392978485 0.060606596828992054
3 0.6121443233295583 0.9119700240656852 0.05330726217440551 0.0592794450736126
3 0.45244372876557193 0.8033647720838052 0.053749646092865255 0.06503043601359004
3 0.3900675962627407 0.8469395880520951 0.03384236976217442 0.04025693657984142
3 0.3827494602916195 0.9832104243346546 0.043094829416761016 0.029672901330690893
3 0.5492152109286523 0.9583097395243487 0.0336211778029446 0.041362896375991
3 0.49343612860985275 0.9880766474377123 0.03265899278029444 0.019940455124575318
3 0.7438641350509626 0.8137607941676104 0.05574037372593432 0.06104898074745191
