3 0.29775390625 0.03212890625 0.06855468749999999 0.06191406249999999
3 0.34921875 0.17636718750000002 0.06914062500000001 0.066015625
3 0.3138671875 0.2603515625 0.0546875 0.060937500000000006
3 0.5005859375 0.12568359375 0.06601562499999997 0.059570312499999986
3 0.5726562500000001 0.198046875 0.03476562500000002 0.042578124999999994
3 0.6513671875 0.18046875 0.08554687499999991 0.08281249999999998
3 0.8984375 0.2806640625 0.06796874999999991 0.06914062500000001
3 0.04161587618203314 0.3024942745271868 0.03255208333333333 0.04040152186761231
3 0.10048666518912533 0.35409278959810875 0.054715203900709206 0.06325723995271865
3 0.013334810874704539 0.4853400192080378 0.02493351063829787 0.05194481382978716
3 0.08297413793103449 0.9151400862068966 0.0625 0.06411637931034486
3 0.15530711206896552 0.8780980603448276 0.06600215517241378 0.06923491379310343
