3 0.666796875 0.5537109375 0.0234375 0.0234375
3 0.6814453125 0.57666015625 0.014062499999999978 0.019335937499999956
3 0.6922851562500001 0.6025390625 0.016992187499999978 0.01718749999999991
3 0.69814453125 0.6231445312499999 0.017382812499999956 0.020898437499999978
3 0.6229492187500001 0.603515625 0.029882812500000022 0.02695312499999991
3 0.6102539062500001 0.5748046875 0.026757812499999978 0.025390625
3 0.6361328125000001 0.64404296875 0.025781249999999978 0.0244140625
3 0.7222656249999999 0.690234375 0.025000000000000022 0.026171875000000067
3 0.64423828125 0.67294921875 0.027148437500000067 0.025195312499999956
3 0.65595703125 0.6951171875 0.0302734375 0.021484375
3 0.70166015625 0.7353515625 0.02792968749999991 0.024218749999999956
3 0.6737304687500001 0.7503906250000001 0.026757812499999978 0.021874999999999978
3 0.6827148437499999 0.7798828125 0.03457031249999998 0.026562500000000044
3 0.69521484375 0.806640625 0.019335937499999956 0.018750000000000044
3 0.76142578125 0.733203125 0.020117187500000022 0.019921874999999978
3 0.7087890625 0.83251953125 0.026562499999999933 0.02089843750000009
3 0.5912109375000001 0.9517578124999999 0.019140625000000022 0.017187500000000022
3 0.60791015625 0.92734375 0.054882812500000044 0.052734375
