3 0.4953125 0.02548828125 0.07539062499999993 0.0505859375
3 0.49619140625 0.09287109375 0.07832031250000004 0.0712890625
3 0.49296874999999996 0.17177734375 0.07617187499999994 0.07050781249999999
3 0.51982421875 0.24736328125 0.07167968749999998 0.06503906250000002
3 0.5674804687499999 0.3142578125 0.06386718749999998 0.07070312499999998
3 0.6931286909448818 0.3692482775590551 0.07289616141732291 0.09012057086614172
3 0.7689468503937007 0.34894808070866135 0.07135826771653542 0.08027805118110237
3 0.846302903543307 0.35463828740157477 0.06982037401574803 0.08243110236220474
3 0.9577771284448818 0.3401974655511811 0.08053949311023634 0.12429256889763785
1 0.22314909462616822 0.15485056464174454 0.009430977414330216 0.02798870716510904
1 0.5620558313862929 0.4152672313084112 0.02403378115264798 0.023729556074766345
1 0.49853515625 0.49404296875 0.008398437499999967 0.03925781249999999
1 0.4919921875 0.49501953125 0.0078125 0.03847656250000003
1 0.4841796875 0.49550781250000003 0.0078125 0.03867187500000002
1 0.47685546875 0.49560546875 0.0087890625 0.040820312499999956
