3 0.9798828125 0.22119140625 0.036328125000000044 0.0341796875
3 0.98310546875 0.16591796875 0.029882812500000022 0.03144531249999999
3 0.914453125 0.16484375 0.033203125 0.03515625
4 0.50732421875 0.13466796875 0.029101562499999956 0.0283203125
4 0.5077148437500001 0.17822265625 0.029882812500000022 0.0302734375
4 0.5080078125 0.220703125 0.029687499999999978 0.028906250000000022
4 0.4646484375 0.17832031250000002 0.030859375000000022 0.029687500000000006
4 0.465234375 0.22080078125 0.03125 0.0302734375
4 0.2779296875 0.22939453124999998 0.021875000000000033 0.022070312499999994
4 0.253125 0.229296875 0.022656250000000017 0.021093749999999994
