3 0.36435546875 0.11406250000000001 0.03144531249999999 0.030468750000000003
3 0.40966796875 0.15400390625 0.027539062500000044 0.029492187500000017
3 0.4611328125 0.200390625 0.028906250000000022 0.029296875
3 0.4779296875 0.10068359375 0.029296875 0.03378906250000001
3 0.50419921875 0.12529296875 0.032226562499999944 0.033789062499999994
3 0.4025390625 0.051171875000000006 0.025390625 0.023046875
3 0.3287109375 0.17578125 0.03203125000000001 0.028906250000000022
3 0.5541015625 0.17294921875000002 0.032031249999999956 0.029882812499999994
3 0.604296875 0.20751953125 0.026953125000000022 0.024804687499999978
3 0.2404296875 0.01220703125 0.03242187500000002 0.023632812500000003
3 0.12392578125 0.21123046875 0.0314453125 0.039648437499999994
3 0.3767578125 0.60849609375 0.017578125 0.019335937499999956
3 0.43525390625 0.6099609375 0.0263671875 0.026562500000000044
3 0.466015625 0.60771484375 0.019140625000000022 0.019726562499999933
3 0.49228515625 0.610546875 0.025585937500000044 0.027734374999999978
3 0.52373046875 0.6039062500000001 0.017773437499999933 0.017968749999999978
3 0.5904296874999999 0.6025390625 0.016015624999999978 0.013281249999999911
3 0.6351562500000001 0.60078125 0.017187500000000022 0.014453125000000067
3 0.6595703125 0.6017578125 0.018359374999999956 0.016406250000000067
3 0.67900390625 0.60302734375 0.0166015625 0.021289062499999956
3 0.69921875 0.6005859375 0.017578125 0.022656250000000044
3 0.7323242187500001 0.5995117187500001 0.016992187499999978 0.014257812500000022
3 0.717578125 0.597265625 0.013671875 0.01171875
3 0.7482421875 0.59716796875 0.015625 0.011914062500000044
3 0.80458984375 0.596875 0.0126953125 0.013671875
3 0.82158203125 0.59833984375 0.016992187499999978 0.018164062500000022
3 0.837890625 0.59951171875 0.012499999999999956 0.011523437499999956
3 0.8531249999999999 0.59873046875 0.013281250000000022 0.011523437499999956
3 0.83154296875 0.6444335937500001 0.056445312499999956 0.06582031249999998
3 0.86552734375 0.654296875 0.04707031249999993 0.049609374999999956
3 0.8926757812499999 0.64013671875 0.05527343750000002 0.05410156250000009
3 0.76513671875 0.64716796875 0.05332031249999991 0.0517578125
3 0.78388671875 0.7111328125 0.06503906250000002 0.05937500000000007
3 0.93759765625 0.7616210937500001 0.0439453125 0.027929687500000022
