3 0.53466796875 0.5757812499999999 0.0302734375 0.026953125000000022
3 0.45361328125 0.64072265625 0.029492187500000044 0.033007812499999956
3 0.5068359375 0.6904296875 0.030468750000000044 0.030468750000000044
3 0.4578125 0.7408203125 0.02734375 0.030078124999999956
3 0.062109374999999994 0.8265625000000001 0.0453125 0.04843750000000002
3 0.1064453125 0.80146484375 0.029687500000000006 0.0341796875
3 0.27578125 0.9380859375 0.0640625 0.059374999999999956
3 0.31435546875 0.983203125 0.05488281249999999 0.029687499999999978
3 0.77900390625 0.82626953125 0.0302734375 0.0322265625
3 0.8181640625 0.87216796875 0.04999999999999993 0.0478515625
3 0.87041015625 0.91884765625 0.0322265625 0.0322265625
3 0.9205078125 0.896484375 0.032421875000000044 0.037890624999999956
3 0.98505859375 0.36591796875 0.025976562500000022 0.029882812500000022
3 0.9841796875 0.4044921875 0.027734374999999978 0.030859375000000022
3 0.8705078125 0.55791015625 0.030468750000000044 0.0302734375
3 0.8316406249999999 0.62421875 0.03945312499999998 0.03515625
3 0.9462890625 0.64072265625 0.02968750000000009 0.0302734375
3 0.9138671875 0.71259765625 0.030468749999999933 0.027539062499999933
3 0.967578125 0.75869140625 0.03554687499999998 0.0302734375
3 0.97607421875 0.7998046875 0.03261718750000009 0.030078124999999956
4 0.2859776577102804 0.13561441296728974 0.016656323014018648 0.016656323014018704
4 0.2434241749415888 0.17942282418224298 0.013690128504672883 0.01391829731308411
4 0.26087908878504673 0.2265396831191589 0.025783075350467283 0.023729556074766345
4 0.28848751460280375 0.26133542640186913 0.0244140625 0.023957724883177545
4 0.2886015990070093 0.2943058192172897 0.0246422313084112 0.025098568925233655
4 0.25369177132009346 0.25985232914719625 0.024642231308411228 0.0246422313084112
4 0.2550607841705608 0.29499032564252337 0.025554906542056083 0.023729556074766345
