3 0.18070969626168226 0.11438862928348911 0.06267036604361373 0.05962811526479751
3 0.04761122468847352 0.21158854166666669 0.05749853971962618 0.0581069898753894
3 0.10769567757009346 0.2000279887071651 0.05415206386292837 0.049588687694704064
3 0.1741688570872274 0.19622517523364486 0.0538478387850467 0.049892912772585674
3 0.10708722741433022 0.6032783294392523 0.06753796728971961 0.07788161993769471
1 0.13525390625 0.3099609375 0.02714843750000001 0.012109375000000033
1 0.13564453125 0.32080078125 0.02871093749999999 0.010351562500000022
1 0.1373046875 0.34599609375 0.026171874999999997 0.011132812499999978
1 0.13740234375 0.3548828125 0.028320312499999986 0.009765625
1 0.13896484375 0.39140625 0.027929687499999994 0.012109374999999978
1 0.13876953125 0.401953125 0.0283203125 0.011328124999999967
1 0.14199218749999998 0.43076171875 0.026953124999999994 0.011523437500000011
1 0.140234375 0.4408203125 0.02812500000000001 0.010546875000000011
1 0.14267578125 0.4505859375 0.02949218749999999 0.010937499999999989
1 0.14248046875 0.459375 0.03144531249999999 0.010937499999999989
1 0.14384765625 0.4677734375 0.0283203125 0.011328125000000022
1 0.14541015625 0.47802734375 0.02910156250000001 0.011914062500000044
1 0.05078125 0.33427734375 0.030859374999999994 0.012304687500000022
1 0.051953125 0.3427734375 0.03125 0.010546874999999956
1 0.05166015625 0.35029296875 0.03066406249999999 0.010351562500000022
1 0.0513671875 0.35830078125 0.030078124999999997 0.009960937499999989
1 0.052050781250000004 0.36669921875 0.029492187500000003 0.009960937500000044
1 0.0927734375 0.40966796875 0.02812500000000001 0.011914062500000044
1 0.053515625 0.4029296875 0.028906249999999994 0.009765625
1 0.055078125000000006 0.411328125 0.027343750000000007 0.009375000000000022
1 0.05654296875 0.41982421875 0.027148437499999997 0.009570312500000011
