3 0.4548828125 0.8529296875 0.02734375 0.029296875
3 0.48798828125000004 0.85419921875 0.03300781250000001 0.03457031249999998
3 0.539453125 0.85615234375 0.033203125 0.03496093750000007
3 0.57421875 0.8550781249999999 0.02968750000000009 0.03359374999999998
3 0.7060546875 0.90986328125 0.03164062500000009 0.0322265625
3 0.7390625 0.9103515625 0.03125 0.03632812499999993
3 0.658203125 0.85556640625 0.030468750000000044 0.0322265625
3 0.623828125 0.8553710937500001 0.03164062499999998 0.03457031249999998
3 0.8272460937499999 0.8564453125 0.03261718749999998 0.03515625
3 0.8783203125 0.8580078124999999 0.026562500000000044 0.029687499999999978
3 0.9125 0.85634765625 0.030468750000000044 0.034960937499999956
3 0.02373046875 0.9025390625 0.0326171875 0.03359374999999998
3 0.09619140625 0.9111328125 0.033789062499999994 0.033203125
3 0.1322265625 0.9064453125 0.03515625 0.03359374999999998
