3 0.35068359375 0.06240234375 0.03144531249999999 0.0333984375
3 0.1740234375 0.06396484375 0.024609375000000017 0.0263671875
3 0.38642578125000004 0.0658203125 0.03300781250000001 0.032421875
3 0.45888671875 0.06572265625 0.027929687499999967 0.033789062499999994
3 0.5681640625 0.055566406250000006 0.03125 0.0396484375
3 0.61748046875 0.07138671875 0.029882812500000022 0.0330078125
3 0.65224609375 0.069921875 0.029492187500000044 0.033984375
3 0.6869140625 0.069921875 0.03125 0.03867187500000001
3 0.72509765625 0.07333984375 0.0322265625 0.0345703125
3 0.74833984375 0.01318359375 0.03457031249999998 0.0259765625
3 0.834765625 0.060253906249999996 0.03476562500000002 0.0330078125
3 0.9083984375 0.0611328125 0.03125 0.033984375
