3 0.4339916087962963 0.09955770502645506 0.03151868386243384 0.04004422949735449
3 0.5201512896825398 0.1951471560846561 0.0307436342592593 0.03952752976190477
3 0.5519283234126985 0.24810887896825398 0.021959738756613723 0.02764343584656087
3 0.6356336805555556 0.4075107473544973 0.033843832671957674 0.034360532407407385
3 0.12177579365079366 0.14011863425925927 0.028160135582010568 0.027126736111111105
3 0.22937851355820105 0.1527777777777778 0.03720238095238096 0.03229373346560846
3 0.81318359375 0.271875 0.018164062500000022 0.021875000000000033
3 0.8064453125 0.30781250000000004 0.016406250000000067 0.02265624999999999
3 0.81884765625 0.33837890625 0.01699218750000009 0.020898437499999978
3 0.71201171875 0.49658203125 0.0322265625 0.033007812499999956
3 0.79453125 0.41494140625 0.030468750000000044 0.04160156249999997
3 0.61201171875 0.56298828125 0.03886718750000007 0.042773437499999956
3 0.81982421875 0.62822265625 0.025585937500000044 0.0263671875
3 0.803125 0.653515625 0.01953125 0.020312500000000067
3 0.78408203125 0.6640625 0.017773437500000044 0.01718749999999991
3 0.80556640625 0.69189453125 0.017382812499999956 0.019335937499999956
3 0.917578125 0.6978515625 0.026562500000000044 0.03125
3 0.8873046875 0.72265625 0.030468750000000044 0.034375000000000044
