3 0.6568359374999999 0.5677734375 0.04843750000000002 0.042187500000000044
3 0.56025390625 0.70732421875 0.05605468749999998 0.05917968750000002
3 0.6827148437499999 0.697265625 0.05722656250000002 0.05312500000000009
3 0.49882812499999996 0.7100585937499999 0.044921874999999944 0.05214843749999998
3 0.38740234375 0.7215820312500001 0.05800781249999998 0.05019531249999998
3 0.45 0.70712890625 0.04062500000000002 0.0419921875
3 0.32197265625 0.73154296875 0.0576171875 0.050585937499999956
3 0.20742187499999998 0.790234375 0.062890625 0.056640625
3 0.20048828125 0.741015625 0.03691406249999998 0.037109375
3 0.0328125 0.76669921875 0.03984375 0.038867187499999956
3 0.32967356824417005 0.8914984139231824 0.057066615226337436 0.05331575788751719
3 0.5722736625514404 0.8838627400548696 0.05894204389574764 0.05679869684499317
3 0.639119298696845 0.8750214334705075 0.05813828875171467 0.05358367626886151
3 0.7074384859396434 0.8652424125514403 0.059209962277091965 0.0559949417009602
3 0.7712030606995885 0.853587962962963 0.05867412551440332 0.05036865569272975
3 0.7349609374999999 0.68310546875 0.05820312500000002 0.04824218750000009
3 0.79658203125 0.67900390625 0.05722656250000002 0.04902343749999993
3 0.8341796875 0.71416015625 0.04335937499999998 0.0458984375
3 0.87744140625 0.75576171875 0.0439453125 0.044726562499999956
3 0.08613281249999999 0.40166015625 0.030468750000000003 0.03652343749999998
3 0.0943359375 0.43740234375 0.030078124999999997 0.0341796875
3 0.0888671875 0.5015625 0.029687500000000006 0.03476562499999997
3 0.0931640625 0.53857421875 0.032421875 0.03652343750000009
3 0.10048828125 0.583984375 0.02871093749999999 0.033984374999999956
3 0.04189453125 0.5663085937500001 0.0314453125 0.03574218750000002
3 0.0373046875 0.52509765625 0.030468749999999996 0.0361328125
