3 0.2498046875 0.32861328125 0.014062500000000006 0.019335937499999956
3 0.2783203125 0.37724609375 0.03281250000000002 0.03183593750000002
3 0.2759765625 0.41259765625 0.03359375000000003 0.0302734375
3 0.30654296875 0.44414062499999996 0.03300781250000001 0.03007812500000001
3 0.34199218750000004 0.478125 0.03789062500000001 0.03398437500000001
3 0.37685546875 0.50966796875 0.03964843749999997 0.030664062500000033
3 0.38818359375 0.54541015625 0.0419921875 0.0341796875
3 0.5041015625 0.4697265625 0.03398437500000001 0.033203125
3 0.7458784801951779 0.4979818455797933 0.021751219862227278 0.019733065442020636
3 0.9151792121125143 0.47152159873708377 0.023545134902410947 0.026908725602755423
3 0.9396213045350172 0.47185795780711826 0.028926880022962176 0.031617752583237624
3 0.9471333237657864 0.4057073407003444 0.02511481056257181 0.025787528702640672
3 0.970342099598163 0.41030424799081516 0.023545134902410947 0.026460246842709534
3 0.9925474042049368 0.41543148141504016 0.010998941590126377 0.024605787169919624
3 0.9646239954075775 0.47869725889781856 0.02780568312284737 0.032738949483352486
3 0.9863752152698048 0.48497596153846156 0.02242393800229614 0.025114810562571754
3 0.8431983711251434 0.559199196326062 0.02937535878300801 0.028702640642939148
3 0.8634920350172215 0.5870048794489093 0.028254161882893203 0.027357204362801313
3 0.9247093857634902 0.6436253229047073 0.033187428243398376 0.0302723163030999
3 0.975723844718714 0.6898186351894374 0.027132964982778396 0.024442092422502837
3 0.6064015858208955 0.9463484859357061 0.022648177382319168 0.024442092422502948
3 0.644522280424799 0.9828995048794489 0.022648177382319168 0.024890571182548782
3 0.5315056328932262 0.8320985218140069 0.027132964982778507 0.0251148105625717
3 0.49237586107921927 0.816513884902411 0.0345328645235361 0.028926880022962065
3 0.48553655998851897 0.7872506458094144 0.02892688002296212 0.02690872560275548
3 0.39513337920984454 0.6215643215673576 0.02378157383419688 0.02580553756476689
3 0.4267578125 0.7322498380829017 0.024287564766839354 0.024540560233160646
3 0.3544921875 0.68486328125 0.024609375000000044 0.0263671875
3 0.6620117187500001 0.29169921875000004 0.014257812500000022 0.015429687500000011
3 0.65478515625 0.31650390625 0.0166015625 0.015429687500000011
3 0.38544921875000004 0.28037109375 0.01738281250000001 0.015039062500000033
3 0.49856387867647056 0.8486184512867647 0.012925091911764663 0.014121859681372584
3 0.5073002833946079 0.8595090379901961 0.013643152573529438 0.01627604166666674
3 0.4335793887867647 0.8920611213235294 0.02273858762254899 0.01866957720588236
3 0.43848613664215685 0.9049862132352942 0.012446384803921573 0.010052849264705954
3 0.41670496323529416 0.8936169194240196 0.013882506127450955 0.011728324142156854
3 0.42412492340686275 0.9012762331495098 0.012446384803921573 0.011728324142156854
3 0.40641276041666663 0.8973268995098039 0.014839920343137247 0.011010263480392135
3 0.41335401348039214 0.9036697686887254 0.013882506127450955 0.007898667279411797
