3 0.49560546875 0.24619140625000002 0.020898437500000033 0.022460937500000028
3 0.510546875 0.2603515625 0.020703124999999933 0.02226562500000001
3 0.56591796875 0.2216796875 0.0244140625 0.02460937499999999
3 0.43427734375 0.04794921875 0.0244140625 0.027148437499999997
3 0.6250976562499999 0.221484375 0.020898437499999978 0.018359374999999983
3 0.6455078125 0.1833984375 0.025390625 0.020312499999999983
3 0.64619140625 0.20634765625 0.0126953125 0.013085937500000006
3 0.6595703125 0.1998046875 0.012499999999999956 0.012890624999999989
3 0.67548828125 0.18154296874999998 0.012304687500000022 0.012304687499999994
3 0.6697265625 0.167578125 0.012109374999999978 0.014843749999999989
3 0.7052734375 0.16328125 0.021093750000000022 0.021484375
3 0.73828125 0.14423828125 0.02109374999999991 0.019335937499999983
3 0.75458984375 0.1560546875 0.021289062500000067 0.022265624999999983
3 0.731640625 0.1611328125 0.022265625000000067 0.017187500000000022
3 0.71806640625 0.14873046875 0.020898437499999978 0.0166015625
3 0.7828125 0.09101562499999999 0.022656250000000044 0.026171874999999997
3 0.80888671875 0.11376953125 0.025976562500000022 0.02597656250000001
3 0.6958984375 0.061425781250000006 0.041796874999999956 0.0337890625
3 0.67958984375 0.021875 0.0224609375 0.024218749999999997
3 0.6615234375 0.0067382812499999995 0.018750000000000044 0.0130859375
