3 0.012685643564356456 0.36325362446958975 0.024862977369165488 0.03259812588401695
3 0.04580078125 0.4900390625 0.027539062500000003 0.03359374999999998
3 0.07177734375 0.49765625 0.022070312499999994 0.02734375
3 0.09013671875000001 0.502734375 0.021289062499999997 0.020312500000000067
3 0.0091796875 0.70625 0.017968750000000002 0.025781249999999978
3 0.05361328125 0.754296875 0.02675781249999999 0.028515625000000044
3 0.13330078125 0.84912109375 0.0302734375 0.02871093750000009
3 0.178515625 0.889453125 0.026171874999999983 0.025781249999999978
3 0.2177734375 0.9353515625 0.04804687499999999 0.04570312500000007
3 0.25634765625 0.9853515625 0.0458984375 0.025390625
