3 0.6265625 0.18115234375 0.030078124999999956 0.03300781250000001
3 0.728515625 0.292578125 0.03125 0.03476562499999997
3 0.7626953125 0.2974609375 0.02695312499999991 0.03125
3 0.58818359375 0.90068359375 0.05019531249999998 0.0498046875
3 0.567578125 0.96865234375 0.023046875000000022 0.0263671875
3 0.43955078125 0.84814453125 0.04824218750000003 0.0517578125
3 0.358864288869258 0.7617969670200235 0.05015091283863371 0.056362264428739706
3 0.2558018624852768 0.575916519434629 0.029906507656065978 0.03105675795053009
3 0.20300537396937574 0.5619984908716136 0.03151685806831567 0.03358730859835102
3 0.19552874705535925 0.614564929328622 0.030366607773851584 0.03289715842167251
3 0.16033108804475854 0.5565923144876325 0.052911513545347455 0.053601663722026016
3 0.15480988663133097 0.5120776280918727 0.033127208480565384 0.03312720848056533
3 0.10787967461719669 0.5108123527679623 0.046010011778562995 0.047620362190812726
3 0.10787967461719672 0.4649173660188457 0.029906507656065964 0.02990650765606595
3 0.0587639870435807 0.41591670347467613 0.0319769581861013 0.030826707891637217
3 0.0634800132508834 0.4588210394581861 0.05475191401648998 0.05084106301531216
3 0.43216993828781514 0.28558298319327735 0.048622964810924374 0.050469406512605064
3 0.38251953125 0.130078125 0.0205078125 0.020312499999999997
3 0.2994140625 0.0384765625 0.04531250000000003 0.041015625
3 0.97265625 0.3435546875 0.02109374999999991 0.015234375000000022
3 0.9842773437500001 0.36162109375 0.014257812500000022 0.0185546875
3 0.95966796875 0.362890625 0.017773437499999933 0.019140624999999967
3 0.9650390625 0.67412109375 0.04609374999999993 0.04902343749999993
