3 0.2904296875 0.12480468750000001 0.04570312500000001 0.05
3 0.325 0.10302734375 0.029296875 0.026757812500000006
3 0.38095703125 0.0689453125 0.02519531250000001 0.028124999999999997
3 0.41181640625 0.0548828125 0.025976562500000022 0.030859375
3 0.4837890625 0.01640625 0.029687500000000033 0.03046875
3 0.2556640625 0.18837890625 0.028124999999999983 0.03105468750000001
3 0.01259765625 0.3005859375 0.0251953125 0.033203125
3 0.07744140625 0.26259765625 0.029882812499999994 0.03613281249999997
3 0.1109375 0.24462890625 0.028124999999999997 0.03378906250000002
4 0.14775390625 0.19462890625 0.016992187500000006 0.018164062499999994
4 0.12666015625 0.176171875 0.015429687499999997 0.015625
4 0.14111328125 0.1669921875 0.015039062499999978 0.01679687499999999
4 0.1912109375 0.140625 0.009765625 0.012500000000000011
4 0.180859375 0.1466796875 0.010546874999999983 0.012890625000000017
4 0.17031249999999998 0.15234375 0.010156250000000006 0.012109374999999978
4 0.160546875 0.15751953125 0.008984374999999989 0.0126953125
