3 0.6125 0.38164062499999996 0.020312500000000067 0.02617187500000001
3 0.56708984375 0.4517578125 0.03769531250000002 0.03164062500000003
3 0.47890625 0.5 0.05507812500000003 0.05039062499999997
3 0.43232421875000004 0.41865234375000004 0.05292968749999999 0.05488281249999999
3 0.32314453125 0.52421875 0.02910156250000001 0.029296875
3 0.306640625 0.54423828125 0.030859375000000022 0.03144531249999993
3 0.40751953125 0.56259765625 0.0263671875 0.036914062499999956
3 0.43388671874999996 0.53876953125 0.02910156250000001 0.0380859375
3 0.31884765625 0.60546875 0.06816406249999996 0.05429687499999991
3 0.27363281250000004 0.6453125 0.03593750000000001 0.03164062499999998
3 0.20458984375 0.638671875 0.0283203125 0.030078124999999956
3 0.20351562499999998 0.60615234375 0.035546875000000006 0.03183593750000002
3 0.16591796875 0.6806640625 0.0341796875 0.029296875
3 0.04501953125 0.65673828125 0.029882812499999998 0.03183593749999991
3 0.026464843749999998 0.705078125 0.0345703125 0.03359375000000009
