3 0.47197265625 0.401953125 0.027929687500000022 0.03007812500000001
3 0.4119140625 0.44248046875 0.028906250000000022 0.0302734375
3 0.38554687499999996 0.4625 0.02656249999999999 0.03242187499999999
3 0.4939453125 0.5342773437499999 0.027734374999999978 0.027929687500000022
3 0.58046875 0.4740234375 0.030078124999999956 0.03125
3 0.61103515625 0.453515625 0.0263671875 0.03046874999999999
3 0.48369140624999996 0.7234375 0.03339843749999999 0.02734375
3 0.5123046875 0.755078125 0.02812500000000001 0.03242187499999993
3 0.54052734375 0.73515625 0.027539062500000044 0.03164062499999998
3 0.59892578125 0.694140625 0.027539062499999933 0.03125
3 0.62880859375 0.674609375 0.027148437499999956 0.03125
3 0.658203125 0.654296875 0.026171874999999956 0.030078124999999956
3 0.71767578125 0.61357421875 0.025585937500000044 0.03144531249999993
3 0.74677734375 0.59375 0.026757812499999978 0.032031249999999956
3 0.7767578125 0.57412109375 0.026171874999999956 0.031445312500000044
3 0.8072265625 0.5537109375 0.026562500000000044 0.03085937499999991
3 0.90224609375 0.6576171875000001 0.0576171875 0.05039062500000002
3 0.79228515625 0.7237304687499999 0.04628906249999998 0.04824218749999998
3 0.4931640625 0.9189453125 0.046093750000000044 0.04843749999999991
3 0.54169921875 0.89130859375 0.04472656250000007 0.04941406250000002
3 0.5928710937499999 0.8615234375 0.04628906249999998 0.04921874999999998
3 0.64150390625 0.43447265625 0.027148437499999956 0.02910156250000001
3 0.30859375 0.52841796875 0.03164062499999998 0.025585937500000044
3 0.85791015625 0.2861328125 0.027539062500000044 0.028515625000000044
3 0.94677734375 0.22734375 0.02597656249999991 0.027734375000000006
3 0.8896484375 0.11826171875 0.02773437500000009 0.03535156249999999
3 0.91875 0.09931640624999999 0.025000000000000022 0.029101562499999997
3 0.9482421875 0.0787109375 0.02695312499999991 0.030468750000000003
3 0.990234375 0.4255859375 0.015625 0.023828124999999978
3 0.96435546875 0.4466796875 0.025195312499999956 0.02421875000000001
