3 0.25927734375 0.2462890625 0.027148437499999983 0.028515625000000017
3 0.2291015625 0.2666015625 0.02656249999999999 0.028906250000000022
3 0.33203125 0.36064453125 0.04531249999999998 0.04746093750000002
3 0.270703125 0.40185546875 0.04726562499999998 0.047070312500000044
3 0.1484375 0.48505859375 0.044921875 0.04824218749999998
3 0.0876953125 0.5257812500000001 0.046875 0.05039062500000002
3 0.02509765625 0.5736328125000001 0.048632812500000004 0.05234375000000002
3 0.051464843749999996 0.38798828125 0.025195312499999997 0.03183593750000002
3 0.0810546875 0.36826171875 0.026953124999999994 0.03378906249999997
3 0.11025390625 0.346875 0.025585937500000003 0.03125
3 0.16982421875 0.3076171875 0.0263671875 0.03164062499999998
3 0.02236328125 0.4072265625 0.0255859375 0.029687499999999978
3 0.15224609375 0.0861328125 0.02714843750000001 0.029687500000000006
3 0.06455078125 0.14677734375 0.026367187499999993 0.029101562499999983
3 0.09326171875 0.12666015625 0.02753906249999999 0.029492187500000017
