3 0.66748046875 0.29716796874999996 0.025195312499999956 0.02949218749999999
3 0.6263671875 0.300390625 0.026562500000000044 0.026953124999999967
3 0.70546875 0.41513671875 0.026562500000000044 0.029882812499999967
3 0.6792968749999999 0.430078125 0.025000000000000022 0.02812500000000001
3 0.78349609375 0.36142578125 0.025585937499999933 0.0322265625
3 0.8086914062499999 0.34208984375 0.026757812499999978 0.0341796875
3 0.7572265625000001 0.379296875 0.026953125000000022 0.030859374999999967
3 0.7310546875 0.39726562499999996 0.026171874999999956 0.03046874999999999
3 0.86123046875 0.30625 0.027539062500000044 0.03398437500000001
3 0.7757812500000001 0.22138671875 0.025781249999999978 0.026757812500000006
3 0.7835937500000001 0.187109375 0.029687499999999978 0.02656249999999999
3 0.84892578125 0.15888671875 0.024804687499999978 0.028710937500000006
3 0.89482421875 0.1416015625 0.024804687499999978 0.03164062499999998
3 0.94853515625 0.10751953125 0.025195312500000067 0.029492187500000003
3 0.95771484375 0.07548828125 0.027539062499999933 0.027148437500000004
3 0.7912109375 0.05322265625 0.027734374999999978 0.033007812500000004
3 0.849609375 0.01513671875 0.026171874999999956 0.029492187500000003
3 0.7625 0.0734375 0.026953125000000022 0.033203125
3 0.73212890625 0.0923828125 0.0263671875 0.032421875
3 0.70234375 0.1123046875 0.027734374999999978 0.03203125000000001
3 0.61396484375 0.17226562499999998 0.027539062499999933 0.031640625000000006
3 0.73271484375 0.22392578125 0.025976562500000022 0.024804687500000006
3 0.22802734375 0.43671875000000004 0.025976562500000022 0.02851562499999999
3 0.19736328125 0.455859375 0.02519531250000001 0.030859375000000022
3 0.16728515625 0.47568359375 0.027148437499999983 0.03183593749999997
3 0.29931640625 0.54287109375 0.024023437500000022 0.029492187500000044
3 0.24423828125000002 0.580078125 0.028320312500000028 0.02890624999999991
3 0.1865234375 0.6162109375 0.03007812500000001 0.030468750000000044
3 0.28603515625 0.69267578125 0.02714843750000001 0.031054687500000067
3 0.2607421875 0.71162109375 0.024609375000000017 0.030664062499999978
3 0.41708984375 0.60595703125 0.02558593749999999 0.02871093750000009
3 0.39033203125 0.62392578125 0.027929687500000022 0.0302734375
3 0.4291015625 0.43701171875 0.025781250000000033 0.026757812499999978
3 0.9567939544392523 0.8684926255841121 0.0257830753504672 0.03217180198598124
3 0.9266756717289719 0.7285110616238318 0.044036580023364524 0.048828125
3 0.8805855724299065 0.7578307535046729 0.02213237441588789 0.0248704001168224
