2 0.677205023364486 0.5500389408099688 0.029205607476635476 0.050501362928348836
2 0.6142304322429907 0.7929626654984424 0.06510416666666674 0.04532953660436134
2 0.805283781152648 0.7669514213395638 0.012777453271028083 0.01216900311526481
2 0.9093287577881619 0.8186696845794392 0.07727316978193144 0.03346475856697817
2 0.814106308411215 0.646782515576324 0.05415206386292837 0.014602803738317793
2 0.9145005841121495 0.4522305782710281 0.0596281152647975 0.05506473909657322
2 0.9744329244548287 0.3093969042056075 0.04624221183800625 0.016428154205607448
2 0.7150810455607477 0.950094918224299 0.04958868769470404 0.023121105919003182
2 0.3446870132398754 0.9618075837227414 0.07727316978193144 0.017949279595015577
2 0.18896484375 0.5672851562500001 0.011914062499999989 0.008398437500000022
