2 0.31536126592356684 0.14368531050955413 0.07754445329087051 0.019075106157112526
2 0.5289466310654009 0.11524673655063292 0.057893262130801704 0.01050731803797468
2 0.5219417523734178 0.28480600606540085 0.062013779008438796 0.023692972046413463
2 0.31189840453586504 0.393793677478903 0.04285337552742613 0.024517075421940926
2 0.275419603115727 0.538975565652819 0.018256212908011826 0.008693434718100912
2 0.3965481268545994 0.5847609885014837 0.033324833086053385 0.015068620178041559
2 0.2835334755192878 0.6800989892433233 0.032745270771513346 0.016807307121661785
2 0.11473595140949555 0.6351829098664689 0.027818991097922838 0.0185459940652819
2 0.08633739799703266 0.3800306008902077 0.056797106824925815 0.04723432863501481
2 0.6803651147959183 0.4874441964285714 0.01116071428571419 0.014349489795918324
2 0.740951849489796 0.4736926020408163 0.07573341836734693 0.03946109693877553
2 0.5621811224489797 0.6741868622448979 0.09526466836734693 0.02909757653061218
2 0.6323341836734693 0.7385602678571428 0.02112563775510201 0.00956632653061229
2 0.9093590561224489 0.5603874362244898 0.08569834183673475 0.022321428571428492
2 0.8944116709183674 0.525908801020408 0.01036352040816324 0.012356505102040782
2 0.9506138392857142 0.27359693877551017 0.0892857142857143 0.02431441326530609
2 0.823062818877551 0.1197385204081633 0.02949617346938771 0.029894770408163254
2 0.6845503826530612 0.20683195153061226 0.04902742346938782 0.015146683673469385
