2 0.65185546875 0.798046875 0.03183593749999991 0.008984374999999933
2 0.65146484375 0.80390625 0.031445312500000044 0.008984374999999933
2 0.43837890625 0.8897460937499999 0.03769531249999997 0.014257812500000022
2 0.43837890625 0.89697265625 0.03574218749999997 0.0126953125
2 0.43603515625 0.904296875 0.03652343749999998 0.012890625000000044
2 0.1181640625 0.8935546875 0.01640625000000001 0.009374999999999911
2 0.1228515625 0.94921875 0.022265624999999983 0.008593749999999956
2 0.26884765625 0.9298828125 0.0380859375 0.015234375000000022
2 0.26982421874999996 0.93603515625 0.03496093750000001 0.01699218750000009
2 0.26933593749999996 0.943359375 0.02656249999999999 0.012890625000000044
