3 0.3388941414543525 0.4301229100318471 0.05577395169851379 0.05701798036093414
3 0.20764911756900212 0.415401904193206 0.05950603768577495 0.06116474256900212
3 0.25388551618895966 0.48320146629511673 0.058676685244161364 0.05618862791932061
3 0.07847747478768577 0.4802987327494692 0.027161292462845002 0.025917263800424584
3 0.11061488190021232 0.5214553476645436 0.0416749601910828 0.04478503184713378
3 0.14700272027600847 0.5711128251061571 0.04561438428874734 0.04499236995753719
3 0.18245753715498939 0.6203556263269638 0.048931794055201705 0.0476877653927813
3 0.022392515923566877 0.637150013269639 0.04395567940552017 0.04519970806794049
3 0.0483097797239915 0.6833864118895966 0.030686040339702757 0.025709925690021285
3 0.07111697186836519 0.720396264596603 0.030271364118895958 0.027161292462845044
3 0.24893220873142252 0.9805661989118897 0.052916832537154984 0.03496135217622076
3 0.34208984375 0.60087890625 0.04042968749999998 0.04550781250000002
3 0.44804687499999996 0.576171875 0.05781249999999999 0.059374999999999956
3 0.49765625 0.6591796875 0.02617187500000001 0.028124999999999956
3 0.45332031250000004 0.69208984375 0.04414062499999999 0.04863281250000007
3 0.353125 0.76318359375 0.04648437499999997 0.050976562500000044
3 0.47373046875 0.83251953125 0.04238281250000003 0.04824218750000009
3 0.5765625000000001 0.76611328125 0.025781249999999978 0.0283203125
