3 0.6133789062499999 0.27998046875 0.04824218749999998 0.04433593749999998
3 0.68193359375 0.35576171875 0.04238281249999998 0.0517578125
3 0.39677734374999996 0.5548828125 0.03496093750000001 0.04375000000000007
3 0.2353515625 0.6638671875 0.04062500000000002 0.048828125
3 0.3994140625 0.02744140625 0.04257812500000002 0.0486328125
3 0.319921875 0.07587890625 0.029687500000000033 0.025976562499999994
3 0.15048828125 0.0509765625 0.0517578125 0.051171875000000006
3 0.18388671875 0.10898437500000001 0.050195312500000006 0.043359375000000006
3 0.21025390625 0.153125 0.028710937500000006 0.029296875
3 0.88779296875 0.3337890625 0.048632812499999956 0.04648437500000002
3 0.9173828125 0.38251953125 0.030468750000000044 0.028710937499999978
3 0.9369140625000001 0.41142578124999996 0.030859375000000022 0.02910156250000001
3 0.9564453125 0.4396484375 0.03125 0.026953125000000022
3 0.97587890625 0.46748046875 0.0302734375 0.0283203125
3 0.98955078125 0.49765625 0.016992187499999978 0.02421875000000001
3 0.99228515625 0.24619140625 0.011523437499999956 0.02714843750000001
3 0.9798828125000001 0.21611328125 0.026953125000000022 0.0283203125
3 0.9576171875 0.186328125 0.025390625 0.028124999999999983
3 0.9380859374999999 0.15556640625 0.027734374999999978 0.029882812499999994
