3 0.5630859375 0.2279296875 0.064453125 0.05351562500000001
3 0.6060546875 0.28935546874999996 0.064453125 0.05644531250000001
3 0.6494140625 0.1583984375 0.06562500000000004 0.056249999999999994
3 0.69462890625 0.22099609375 0.06855468749999993 0.05644531249999998
3 0.8521484375 0.45380859375 0.057421874999999956 0.0537109375
3 0.8921875 0.5160156250000001 0.055468749999999956 0.05625000000000002
3 0.7730468749999999 0.5427734375 0.06874999999999998 0.068359375
3 0.825 0.61650390625 0.07187500000000002 0.0732421875
3 0.88076171875 0.6896484375 0.07832031250000004 0.06953124999999993
3 0.9322265624999999 0.76396484375 0.07656249999999998 0.07285156250000002
3 0.8131808603689568 0.10212905534351145 0.06386172073791341 0.05466762086513996
3 0.8616362515903307 0.1672332220101781 0.06435869910941472 0.055164599236641215
3 0.9073582617684477 0.2271191157760814 0.061873807251908386 0.05317668575063614
3 0.9436376828880406 0.2912293256997456 0.05938891539440194 0.05367366412213742
3 0.9786075659987277 0.3514854683524173 0.03887861800254455 0.05093531329516543
3 0.36923828125 0.31630859375 0.06113281249999997 0.05449218750000001
3 0.4314453125 0.39638671875 0.07070312499999998 0.05878906249999999
3 0.2875 0.63203125 0.05429687499999997 0.04648437500000002
3 0.1518648587740385 0.7616295447716346 0.07089468149038461 0.08192795973557698
3 0.6002385066105769 0.6413198617788463 0.062443659855769273 0.056340144230769273
3 0.6493013822115385 0.7169095552884616 0.0568096454326924 0.055870643028846256
3 0.7158531775841346 0.78839111328125 0.07159893329326927 0.07253793569711542
3 0.7752450796274039 0.8791222205528846 0.0701904296875 0.07324218749999989
