3 0.2272561331775701 0.06069290303738317 0.0827492211838006 0.07331824376947041
3 0.2386645735981308 0.18557729750778817 0.10982525311526478 0.12047313084112152
3 0.23258007204049846 0.3760221962616822 0.08913794781931464 0.07240556853582553
3 0.2487040011682243 0.47519957165109034 0.07879429517133957 0.07301401869158874
3 0.2534194898753894 0.6014529789719626 0.07423091900311529 0.07544781931464173
3 0.2485518886292835 0.7117345697040498 0.08944217289719628 0.07392669392523366
3 0.256918078271028 0.7906809774143302 0.07940274532710279 0.07179711838006231
1 0.40927734375 0.89931640625 0.010351562499999967 0.025585937500000044
1 0.4013671875 0.89990234375 0.009765625 0.0263671875
1 0.3931640625 0.90068359375 0.0078125 0.025195312500000067
1 0.38623046875 0.900390625 0.009570312499999956 0.02499999999999991
1 0.37900390625 0.90029296875 0.0087890625 0.025195312499999956
1 0.3716796875 0.9005859375 0.008203125000000033 0.026171875000000067
1 0.36484375 0.90068359375 0.008593750000000011 0.0263671875
1 0.35673828125 0.9013671875 0.010351562500000022 0.028124999999999956
1 0.34833984375000004 0.90205078125 0.009570312500000011 0.026757812499999978
