3 0.34462890625 0.20126953125 0.05800781250000003 0.06660156249999999
3 0.40419921875 0.2607421875 0.06074218749999999 0.06484374999999998
3 0.3931640625 0.54443359375 0.06015624999999997 0.06386718750000009
3 0.35087890624999996 0.50029296875 0.05644531250000001 0.05292968749999999
3 0.31669921875 0.4353515625 0.06582031249999998 0.05859375
3 0.551953125 0.441796875 0.06953124999999993 0.06406249999999997
3 0.478515625 0.54892578125 0.06796874999999997 0.07636718750000004
3 0.150390625 0.3294921875 0.06289062499999999 0.06679687500000003
3 0.0828125 0.368359375 0.062890625 0.07656249999999998
3 0.146484375 0.45126953125 0.07656249999999999 0.06777343750000003
3 0.7676297000574053 0.7019275617106774 0.03206623134328357 0.041035806544202025
3 0.7175121986222732 0.7357877080941446 0.05426592996555679 0.06390822330654422
3 0.654052454075775 0.7778325918484501 0.05964767508610791 0.06772029276693459
3 0.5940684199196327 0.8218956300229621 0.05449016934557982 0.06345974454649828
3 0.5353177023536165 0.8650617106773824 0.052247775545350095 0.06368398392652119
3 0.4746609500574053 0.907891432261768 0.05561136624569457 0.06547789896670486
3 0.414228437141217 0.9512817522962111 0.053144733065441985 0.06390822330654411
3 0.3615299404420207 0.9785324429535016 0.03475261911595867 0.03902886409299666
3 0.9657118055555556 0.9650735294117647 0.03191380718954251 0.03957312091503262
3 0.8908164828431373 0.9782092524509804 0.062117034313725505 0.039675245098039214
