3 0.30087890625 0.02177734375 0.03378906249999997 0.0396484375
3 0.2537109375 0.06259765625 0.06015625000000002 0.0677734375
3 0.1953125 0.107421875 0.05625000000000002 0.06328125000000001
3 0.13232421875 0.15107421875 0.05683593749999999 0.061132812499999994
3 0.06875 0.1904296875 0.06093749999999999 0.07109375000000001
3 0.01904296875 0.2380859375 0.0380859375 0.06523437499999998
3 0.82275390625 0.533984375 0.0322265625 0.03945312499999998
3 0.89033203125 0.49736328125 0.05253906250000007 0.06386718749999998
3 0.9634765625 0.44736328125 0.0546875 0.05644531250000001
3 0.6553710937499999 0.65537109375 0.04550781250000002 0.054882812500000044
3 0.58544921875 0.70673828125 0.056835937500000044 0.06503906250000002
3 0.5179687500000001 0.75498046875 0.05625000000000002 0.0634765625
3 0.68251953125 0.8583007812500001 0.054882812500000044 0.05996093749999998
3 0.6109374999999999 0.91103515625 0.05429687500000002 0.058398437499999956
3 0.5484375 0.958984375 0.033203125 0.041015625
3 0.4923828125 0.98779296875 0.030859375000000022 0.0205078125
3 0.39033203125 0.84716796875 0.03378906250000002 0.039257812500000044
3 0.45107421875 0.80302734375 0.05644531250000001 0.06503906250000002
3 0.9818359375 0.64140625 0.032421875000000044 0.03749999999999998
3 0.92109375 0.6845703125 0.03281250000000002 0.036328125000000044
3 0.38271484375 0.9833984375 0.04316406249999999 0.029296875
3 0.7428402152956297 0.8140112869537275 0.05522975578406164 0.06100377570694082
3 0.796484375 0.060742187499999996 0.072265625 0.075
3 0.88291015625 0.01748046875 0.06816406249999996 0.0322265625
3 0.96240234375 0.09365234375 0.0712890625 0.0666015625
3 0.87431640625 0.1578125 0.0712890625 0.06953124999999999
