3 0.5770507812500001 0.2654296875 0.024023437500000022 0.027734374999999978
3 0.49775390625000004 0.159375 0.026367187500000056 0.028124999999999983
3 0.44765625 0.07646484375 0.05624999999999997 0.0599609375
3 0.452734375 0.191796875 0.04414062499999999 0.04960937500000001
3 0.35273437500000004 0.26396484375 0.04570312500000001 0.052148437500000006
3 0.18251953124999998 0.12021484375 0.049414062499999994 0.0486328125
3 0.34169921875 0.10087890625 0.04160156249999997 0.046289062500000006
3 0.14677734375 0.0705078125 0.04863281249999998 0.04453125
3 0.10986328125 0.02294921875 0.04355468750000001 0.0439453125
3 0.022265625 0.138671875 0.043359375 0.04531249999999999
3 0.046972656249999994 0.18417968750000002 0.03222656249999999 0.027734375000000006
3 0.07080078125 0.22041015625 0.031835937499999994 0.027148437499999983
3 0.24814453125000002 0.48652343750000004 0.052148437500000006 0.046875000000000056
3 0.15 0.55146484375 0.05078125 0.0498046875
3 0.1833984375 0.60927734375 0.04960937499999998 0.043164062500000044
3 0.2099609375 0.65341796875 0.029687499999999978 0.0302734375
3 0.39931640625 0.52666015625 0.04277343750000001 0.0498046875
3 0.31923828125 0.57578125 0.029882812499999967 0.026562500000000044
3 0.47285156250000004 0.332421875 0.04375000000000001 0.04960937500000001
3 0.6142578125 0.77998046875 0.04843749999999991 0.0439453125
3 0.68134765625 0.85546875 0.04472656250000007 0.05234374999999991
3 0.93720703125 0.65556640625 0.027148437500000067 0.028710937499999978
3 0.95830078125 0.68701171875 0.024804687499999978 0.029101562499999956
3 0.9796875 0.716796875 0.025781249999999978 0.029296875
3 0.99248046875 0.74677734375 0.011132812499999978 0.025976562500000022
3 0.88896484375 0.833984375 0.05019531249999998 0.04648437499999991
3 0.91728515625 0.88154296875 0.029101562500000067 0.027539062499999933
3 0.93671875 0.91083984375 0.030859375000000022 0.029101562500000067
3 0.95673828125 0.9404296875 0.029882812500000022 0.026171874999999956
3 0.97587890625 0.9685546875 0.031054687500000067 0.029687499999999978
