3 0.21865234375 0.18447265624999998 0.0478515625 0.044335937500000006
3 0.25478515625 0.23271484375 0.05292968749999999 0.05058593749999998
3 0.28916015625 0.2861328125 0.0556640625 0.04843750000000002
3 0.316796875 0.33759765625 0.0546875 0.04628906249999998
3 0.37998046875 0.3330078125 0.0498046875 0.04453125000000002
3 0.355859375 0.38828125 0.056640625 0.04609374999999999
3 0.54638671875 0.41064453125 0.06113281249999991 0.046679687499999956
3 0.6005859375 0.4478515625 0.04257812499999991 0.03671874999999997
3 0.486328125 0.4931640625 0.03281249999999997 0.027734375000000033
3 0.5 0.5275390625 0.03164062500000003 0.026953125000000022
3 0.51376953125 0.55927734375 0.03300781250000001 0.026757812499999978
3 0.5316406250000001 0.59609375 0.04921874999999998 0.043749999999999956
3 0.56083984375 0.64326171875 0.05332031250000002 0.04667968750000007
3 0.6154296875 0.675390625 0.04570312500000007 0.046875
3 0.4822265625 0.267578125 0.029687499999999978 0.02734375
3 0.43896484375 0.2587890625 0.028710937499999978 0.03242187500000002
3 0.8846679687500001 0.8798828125 0.028710937499999978 0.02304687499999991
3 0.8311523437499999 0.89619140625 0.03261718749999998 0.023632812499999933
3 0.8525390625 0.929296875 0.03359375000000009 0.028124999999999956
4 0.98603515625 0.31376953125 0.024023437500000022 0.024804687499999978
4 0.9931640625 0.33759765625 0.009765625 0.024023437500000022
