3 0.3113181727707006 0.13051934049893843 0.07401970541401276 0.06779956210191083
3 0.32987493365180465 0.21262523221868365 0.06883625265392784 0.06779956210191085
3 0.3606646430467091 0.28737062101910826 0.07567841029723993 0.06883625265392784
3 0.4458806064225053 0.6524930334394905 0.11465797505307862 0.1190120753715499
3 0.491966391509434 0.8000705441374663 0.11266004043126682 0.1150290599730458
3 0.9554966517857143 0.9700634897237197 0.0694754464285714 0.05596677055256061
3 0.9079925454851752 0.8396858153638813 0.1181877526954177 0.11318648921832886
3 0.8632443985849056 0.7008349477762803 0.11081746967654982 0.11555550876010778
3 0.728210284703504 0.2923106890161725 0.07817764487870615 0.07080736185983827
3 0.6963601330862534 0.1655681435309973 0.06712222035040438 0.07054413746630728
3 0.7182077577493262 0.024216644204851753 0.05764614218328845 0.048433288409703505
