3 0.5252126533294392 0.7153913551401869 0.023273218457943945 0.02578307535046731
3 0.5840297965116279 0.6776376074317492 0.03732463346814974 0.04166929979777545
3 0.7776636754297269 0.4911131825075834 0.05450581395348841 0.04897623862487355
3 0.7855630687563195 0.24721941354903945 0.026462967644084956 0.02527805864509608
3 0.8179505813953487 0.2541313827098079 0.025278058645096135 0.026067997977755275
3 0.8501406092012133 0.2601546701213347 0.027252906976744207 0.02429063447927196
3 0.8827256066734074 0.26706663928210317 0.028437815975733027 0.022710755813953487
3 0.7229603766430738 0.23467912664307383 0.025278058645096024 0.023105725480283112
3 0.7528793288675428 0.24050492922143582 0.028240331142568187 0.022908240647118328
3 0.6580866089484327 0.2206577034883721 0.027845361476238617 0.022710755813953487
