3 0.3443359375 0.04248046875 0.052734375 0.060742187499999996
3 0.32138671875 0.10654296875000001 0.04863281250000001 0.061914062500000006
3 0.28955078125 0.181640625 0.048632812499999956 0.052734375
3 0.415625 0.25146484375 0.04648437499999997 0.05683593750000002
3 0.3041015625 0.39091796875 0.046875 0.04941406250000002
3 0.24746093749999998 0.3666015625 0.030859374999999994 0.03476562499999997
3 0.372265625 0.41259765625 0.05078125 0.060351562499999956
3 0.43632812499999996 0.4423828125 0.04999999999999999 0.055468749999999956
3 0.2310546875 0.4060546875 0.02851562499999999 0.03476562500000002
3 0.2166015625 0.44287109375 0.03125 0.031054687499999956
3 0.2638671875 0.46796875 0.029296875 0.033203125
3 0.2978515625 0.48203125 0.02734375 0.03203125000000001
3 0.33183593749999996 0.4966796875 0.03007812500000001 0.03203125000000001
3 0.366796875 0.511328125 0.03203125000000001 0.03281249999999997
3 0.40029296875 0.525390625 0.0283203125 0.032031249999999956
3 0.3376953125 0.55068359375 0.03671875000000002 0.031445312500000044
3 0.384765625 0.56904296875 0.03281250000000002 0.030664062499999978
3 0.29033203125 0.53037109375 0.03457031249999998 0.0322265625
3 0.27392578125 0.56171875 0.03261718749999998 0.029687499999999978
3 0.32138671875 0.58203125 0.03261718750000003 0.03085937499999991
3 0.37021484375 0.60322265625 0.03144531249999999 0.03183593750000002
3 0.22587890625 0.5408203125 0.030664062500000006 0.03164062499999998
3 0.19345703125000002 0.28671875 0.029882812499999994 0.03046874999999999
3 0.16474609375 0.35537109375 0.035742187499999994 0.03144531249999999
3 0.13740234375 0.420703125 0.038085937499999986 0.029687499999999978
3 0.12060546875 0.4552734375 0.0322265625 0.029687499999999978
3 0.10771484375 0.48945312500000004 0.037695312499999994 0.033203125000000056
3 0.193359375 0.5762695312499999 0.03046874999999999 0.03261718749999998
3 0.22607421875 0.590625 0.030664062499999978 0.03281250000000002
3 0.26054687499999996 0.60517578125 0.03046874999999999 0.03378906250000002
3 0.294140625 0.6197265625 0.028906250000000022 0.032421875000000044
3 0.32763671875 0.63486328125 0.029882812500000022 0.034960937499999956
3 0.5288906009244994 0.3039351406009245 0.04303495762711862 0.04634533898305088
3 0.5520632704160247 0.0985410246533128 0.06410102080123259 0.06229535824345145
3 0.6107473035439137 0.12487360362095531 0.04785005778120188 0.05838308936825885
3 0.9046188848228043 0.23065533513097075 0.06199441448382126 0.06289724576271186
3 0.9680352585708782 0.2579780190677966 0.0600232328582434 0.06216896186440676
3 0.98798828125 0.53349609375 0.020117187500000022 0.026757812499999978
3 0.98056640625 0.5655273437499999 0.033007812499999956 0.029882812500000022
3 0.96572265625 0.5990234375 0.033007812499999956 0.030078124999999956
3 0.95283203125 0.6310546875 0.03339843749999993 0.030078125000000067
3 0.93896484375 0.6641601562499999 0.03457031250000009 0.029882812500000022
3 0.9248046875 0.6982421875 0.033984374999999956 0.02968750000000009
3 0.91103515625 0.73037109375 0.0322265625 0.029492187500000044
3 0.8978515625000001 0.7618164062499999 0.03164062499999998 0.029882812500000022
3 0.8802734375000001 0.8060546875 0.030859375000000022 0.029296875
3 0.8663085937499999 0.8394531249999999 0.03183593750000002 0.030859375000000022
3 0.8516601562499999 0.871875 0.03261718749999998 0.029296875
3 0.8399414062499999 0.9037109375 0.03261718749999998 0.029296875
3 0.8255859375000001 0.93544921875 0.03476562500000002 0.0302734375
3 0.86552734375 0.94794921875 0.029492187499999933 0.03300781250000007
