3 0.67841796875 0.34365234375 0.0576171875 0.05097656249999999
3 0.80302734375 0.03984375 0.05839843750000007 0.05078125
3 0.8392578125 0.91923828125 0.06562500000000004 0.06425781250000007
3 0.9146484374999999 0.94443359375 0.05507812499999998 0.050976562500000044
3 0.758203125 0.87626953125 0.060546875 0.05136718750000002
3 0.715625 0.97216796875 0.0390625 0.034960937499999956
3 0.68388671875 0.84912109375 0.06074218749999993 0.05332031249999991
3 0.5072265625000001 0.774609375 0.06210937500000002 0.06484374999999998
3 0.4515625 0.65791015625 0.05312500000000003 0.06308593750000002
3 0.47939453125 0.5921875000000001 0.0537109375 0.06289062499999998
3 0.4216796875 0.5958984375 0.03515625 0.030468749999999933
3 0.3716796875 0.9078125 0.046875 0.052734375
