3 0.65693359375 0.2841796875 0.04433593749999998 0.049609374999999956
3 0.70771484375 0.25576171875 0.025976562500000022 0.028710937500000033
3 0.47021484375 0.25595703125 0.03261718749999998 0.03222656250000003
3 0.44560546875 0.19033203125 0.03378906250000002 0.02910156250000001
3 0.44365234374999996 0.09648437500000001 0.03339843749999999 0.030468750000000003
3 0.44677734375 0.14365234375 0.0341796875 0.03105468750000001
3 0.304296875 0.11445312499999999 0.06210937499999997 0.06640624999999999
3 0.3076171875 0.044531249999999994 0.060546875 0.064453125
3 0.30781250000000004 0.24423828125 0.05937500000000001 0.06230468750000001
3 0.29541015625 0.31318359375000004 0.054882812500000044 0.05058593750000001
3 0.27255859375 0.36845703125 0.05449218750000001 0.0517578125
3 0.23955078125 0.41953125 0.0595703125 0.05234374999999997
3 0.16943359375 0.59169921875 0.05527343750000002 0.0498046875
3 0.0140625 0.7920898437499999 0.026171875 0.04550781250000002
3 0.69853515625 0.47626953125000004 0.04746093750000002 0.047851562500000056
3 0.88701171875 0.123828125 0.0400390625 0.044531249999999994
3 0.93720703125 0.1447265625 0.05332031250000002 0.060937500000000006
3 0.87041015625 0.29765624999999996 0.0537109375 0.05585937499999999
3 0.8623046875 0.4822265625 0.03085937499999991 0.029296875
3 0.853125 0.523046875 0.030468750000000044 0.030468750000000044
3 0.82548828125 0.563671875 0.05683593749999993 0.04804687499999993
3 0.7791992187500001 0.71201171875 0.06113281250000002 0.052929687500000044
3 0.7693359375 0.89140625 0.05585937499999993 0.06328125000000007
3 0.7061523437499999 0.913671875 0.04238281249999998 0.043749999999999956
3 0.65322265625 0.951171875 0.047070312500000044 0.05234374999999991
3 0.6078125 0.7087890625 0.052734375 0.05078125
3 0.58515625 0.7655273437500001 0.05312499999999998 0.05214843749999998
3 0.5583984375 0.82509765625 0.05546875000000007 0.050976562500000044
3 0.5345703125 0.880078125 0.046093750000000044 0.04921874999999998
3 0.512109375 0.9413085937500001 0.05507812500000003 0.05214843749999998
