3 0.4400615751557633 0.24748710085669784 0.04958868769470409 0.05202248831775702
3 0.4844784365264797 0.274563132788162 0.028901382398753894 0.03376898364485986
3 0.5267657223520249 0.311374367211838 0.042287285825545196 0.04411263629283485
3 0.5279826226635513 0.1498308508566978 0.05141403816199375 0.05506473909657321
3 0.5920220015576324 0.1569801401869159 0.05415206386292826 0.05780276479750779
3 0.43777988707165105 0.10389286409657321 0.028597157320872257 0.0319436331775701
3 0.5468445774922119 0.4957347644080997 0.03255208333333337 0.030118282710280386
3 0.42956580996884736 0.5278305101246106 0.06327881619937692 0.05597741433021808
3 0.442647488317757 0.5932389018691588 0.05841121495327106 0.053543613707165094
3 0.31852365654205606 0.4008165401090343 0.051109813084112166 0.05019713785046731
3 0.2687828563084112 0.5145967192367601 0.0538478387850467 0.05323938862928346
3 0.24444485007788164 0.5737684968847352 0.056890089563862906 0.05232671339563866
3 0.22193219431464173 0.6282247858255452 0.0581069898753894 0.05110981308411211
3 0.16823646806853582 0.7525007301401869 0.05354361370716512 0.05141403816199386
3 0.3308447721962617 0.7785119742990654 0.06297459112149528 0.05232671339563855
3 0.3036166277258567 0.8343372760903427 0.02981405763239875 0.027684482087227513
3 0.2941856503115265 0.8766245619158879 0.03346475856697817 0.029509832554517113
3 0.2719772196261683 0.9145005841121495 0.03285630841121495 0.031030957943925186
3 0.25843920366043616 0.9662188473520249 0.062366140965732064 0.05232671339563866
3 0.09522244937694704 0.9214977609034268 0.05050136292834892 0.05232671339563866
3 0.12016890576323988 0.8671935845015576 0.052935163551401876 0.05384783878504673
3 0.14389846183800625 0.8074133566978193 0.05354361370716512 0.051718263239875384
3 0.7443363289078155 0.04303137525050102 0.02955129008016033 0.03366107214428858
3 0.7040213238977956 0.0766924473947896 0.030725513527054105 0.03600951903807615
