2 0.7032162675233645 0.3062025408878505 0.022816880841121545 0.017949279595015577
2 0.6333966121495327 0.3381461740654206 0.01764505451713394 0.016123929127725867
2 0.24507913961038957 0.40161902829313545 0.012682629870129886 0.009783743042671655
2 0.3684630102040816 0.4179252666975881 0.013044990723562133 0.012682629870129913
2 0.43495622680890533 0.44763885667903525 0.017030960111317273 0.01848040352504643
2 0.5820747333024119 0.41393929730983303 0.017030960111317328 0.017755681818181823
2 0.5110520060296846 0.5021741651205938 0.023553455473098395 0.021741651205937018
2 0.5132261711502784 0.6195790816326532 0.03659844619666053 0.01956748608534331
2 0.42390422077922074 0.683716952690167 0.03551136363636359 0.023915816326530615
2 0.3699124536178108 0.5909525742115028 0.01449443413729129 0.015219155844155896
2 0.4065108998144712 0.5391349721706865 0.019567486085343255 0.03696080705009286
2 0.2910989679962894 0.555078849721707 0.016306238404452722 0.0195674860853432
2 0.28475765306122447 0.6550904452690167 0.02826414656771803 0.02971358998144713
2 0.1845648770871985 0.6670483534322821 0.027177064007421148 0.014494434137291234
2 0.35251913265306123 0.7895263218923934 0.04203385899814471 0.022466372912801513
2 0.34998260667903525 0.7993100649350651 0.0746463358070501 0.03768552875695741
2 0.11589749536178105 0.8708763334879407 0.028264146567718 0.04674455009276435
2 0.5289888682745826 0.9491462778293136 0.07899466604823752 0.034424281076066765
2 0.9185267857142858 0.9600171034322821 0.08696660482374763 0.03225011595547311
2 0.7346286525974026 0.95729939703154 0.05906481910946193 0.034061920222634545
2 0.8074631841372913 0.8241317833951763 0.054716488868274515 0.03877261131725418
2 0.6786439007421151 0.8359085111317255 0.011595547309833032 0.009421382189239269
2 0.6078023538961039 0.7108940166975882 0.04167149814471238 0.011595547309833032
2 0.6369724025974026 0.7723141813543599 0.052904684601113194 0.03804788961038963
2 0.7880768784786643 0.3679194689239332 0.034061920222634434 0.027177064007421148
2 0.9540381493506493 0.4240854012059369 0.04058441558441561 0.034424281076066765
2 0.8255812268089054 0.47264175556586274 0.027177064007421148 0.018480403525046374
2 0.7137929035250464 0.47282293599257885 0.02029220779220786 0.013044990723562133
2 0.678462720315399 0.4144828385899815 0.025002898886827496 0.01521915584415584
2 0.6161366535250465 0.5081531192022264 0.016306238404452666 0.017030960111317273
2 0.5954820848794063 0.5760957792207793 0.02065456864564008 0.013769712430426684
2 0.7355345547309834 0.5706603664192951 0.03116303339517623 0.01884276437847865
2 0.8029336734693879 0.6598011363636365 0.035511363636363646 0.017393320964749548
2 0.9092865839517625 0.5878725069573285 0.035873724489795866 0.017030960111317328
2 0.9409931586270872 0.6907829893320965 0.034786641929498985 0.022104012059369293
2 0.6608882189239332 0.6217532467532468 0.02826414656771803 0.013044990723562133
2 0.9826646567717997 0.4969199327458257 0.01884276437847876 0.01413207328385907
2 0.013911146723646723 0.6246104878917379 0.027822293447293447 0.025040064102564097
2 0.034360532407407406 0.518051103988604 0.014189369658119653 0.008346688034188032
