2 0.3318524742562929 0.05921946510297483 0.08536541762013727 0.05318578375286041
2 0.5352098827231121 0.1653675629290618 0.016536756292906185 0.014302059496567515
2 0.5915242419908466 0.20112271167048054 0.01474899885583525 0.010726544622425616
2 0.16447368421052633 0.3059299914187643 0.01251430205949658 0.009385726544622441
2 0.13743385297482838 0.3928596967963387 0.08447153890160182 0.06525314645308927
2 0.7562213958810069 0.4594536613272311 0.10815932494279179 0.07508581235697936
2 0.8096306493135011 0.2076033323798627 0.07463887299771166 0.06927560068649885
2 0.776110197368421 0.06480620709382151 0.01832451372997712 0.01162042334096109
2 0.8073959525171625 0.8035969679633868 0.11754505148741412 0.07776744851258577
2 0.8268378146453089 0.7942112414187643 0.037542906178489766 0.02681636155606404
2 0.3390035040045767 0.640017162471396 0.12737771739130438 0.10458381006864992
