2 0.5110502121640735 0.10854623408769451 0.04088578500707213 0.012707743988684586
2 0.5127077439886846 0.13465236032531824 0.06906382602545968 0.03563693422913719
2 0.740867962466488 0.15571590147453085 0.08692191689008044 0.04974447050938338
2 0.3044256869973191 0.30206936997319034 0.09582355898123324 0.026181300268096508
2 0.4866475368632708 0.4308813672922252 0.00994889410187666 0.008378016085790918
2 0.6264556802949062 0.7186138572386058 0.11572134718498661 0.05916973860589814
2 0.7222792392761395 0.7382498324396782 0.03508294235924936 0.03141756032171583
2 0.20153317694369974 0.6620622486595175 0.12567024128686327 0.02670492627345844
2 0.03528192024128686 0.40182012399463807 0.06964225871313673 0.023563170241286846
2 0.11063779633620688 0.11968783674568961 0.037042025862068964 0.013890759698275842
2 0.08769699622844825 0.1053761449353448 0.08460735452586207 0.024834994612068978
