2 0.4900390625 0.27734375 0.03749999999999998 0.016796875000000044
2 0.6947259759759761 0.14515296546546547 0.0193552927927928 0.013490052552552534
2 0.7357826576576576 0.22697306681681684 0.03812406156156156 0.022287912912912905
2 0.8821204016516517 0.26187124624624625 0.037537537537537524 0.02873967717717718
2 0.8876923798798799 0.3926661036036036 0.04398930180180183 0.025220533033033066
2 0.7492727102102102 0.5 0.04281625375375375 0.021701388888889006
2 0.6181845908408409 0.3709647147147147 0.044575825825825754 0.02404748498498499
2 0.6240765249683945 0.3803680072692794 0.03530933944374204 0.017037373577749704
2 0.4577769437420986 0.42444295195954485 0.03456858407079644 0.02567951959544884
2 0.5825942240834387 0.5029630214917826 0.04271689317319849 0.024198008849557584
2 0.7225969895701644 0.6987693584070798 0.07926082490518338 0.02814870417193427
2 0.5750632111251581 0.7970429045512011 0.09234750316055618 0.030617888748419753
2 0.42039161392405067 0.5494462025316456 0.03485957278481011 0.026948180379746778
2 0.27267108386075956 0.7841920490506329 0.014339398734177167 0.009394778481012667
2 0.1596865110759494 0.8757911392405063 0.059335443037974694 0.04919897151898733
2 0.015056368670886099 0.790743670886076 0.027195411392405066 0.021014636075949444
2 0.10702630537974685 0.676893789556962 0.03757911392405064 0.02076740506329111
2 0.1944224683544304 0.5937005537974684 0.03782634493670883 0.02150909810126589
2 0.13026602056962028 0.48331190664556967 0.03757911392405064 0.019778481012658222
2 0.028777689873417743 0.42583069620253167 0.03584849683544304 0.019036787974683556
2 0.05609671677215192 0.5389388844936709 0.03312895569620253 0.013844936708860778
2 0.04571301424050635 0.543389042721519 0.03807357594936708 0.013350474683544222
2 0.5378397102029915 0.9180313501602564 0.011894030448717952 0.009390024038461564
2 0.8173494257478633 0.9597647903311967 0.08889222756410264 0.06155682425213671
2 0.7857363448183761 0.868159889155983 0.011894030448717952 0.008555355235042805
2 0.9629909365558912 0.496247167673716 0.0460253021148036 0.022422583081570968
2 0.9786011848564955 0.6495792815332326 0.038891380287009114 0.032872686933534734
2 0.05005110981308412 0.09190378838451269 0.03859312416555406 0.015906625500667557
2 0.18030290387182912 0.18825621662216288 0.03885388851802404 0.01773197596795728
2 0.0469219375834446 0.23076080607476634 0.037550066755674225 0.023468791722296406
2 0.15200997162883845 0.35970877837116155 0.04745911214953272 0.021643441255006668
