2 0.3258023648648649 0.24885492463617465 0.10029560810810806 0.11125909563409561
2 0.47990027286902287 0.19931620322245325 0.01380587318087323 0.02598752598752599
2 0.26875162422037424 0.18429216476091478 0.012181652806652843 0.0073089916839916835
2 0.508527156964657 0.10247206340956344 0.009339267151767139 0.006090826403326408
2 0.6457737785862786 0.2163705171517672 0.11897414241164239 0.08039890852390852
2 0.6384647869022868 0.22936428014553017 0.04019945426195426 0.026799636174636154
2 0.33311135654885654 0.2368762993762994 0.032890462577962576 0.032890462577962576
2 0.3103722713097713 0.2581941917879418 0.031266242203742245 0.035732848232848224
2 0.5832412941787941 0.3249902546777547 0.016648258835758933 0.010963487525987525
2 0.07384517931392935 0.15079261954261958 0.07715046777546777 0.05725376819126819
2 0.11242041320166324 0.14043821465696468 0.01705431392931392 0.0073089916839916835
2 0.11648096413721418 0.6967336928274428 0.051162941787941785 0.06415670478170477
2 0.3536171387733888 0.5036544958419958 0.011369542619542594 0.008527156964657001
2 0.2407338227650728 0.8291076533264032 0.05522349272349275 0.06172037422037413
2 0.3375779625779626 0.849410408004158 0.028017801455301472 0.028423856548856485
2 0.11912032224532228 0.9369152806652805 0.07836863305613304 0.025581470893970892
2 0.7874870062370062 0.49959394490644493 0.028017801455301417 0.028017801455301472
2 0.9409758316008315 0.14287454521829526 0.0962350571725572 0.07390202702702703
2 0.3470091161464586 0.06423975840336135 0.013130252100840345 0.009378751500600246
