2 0.2730420073987539 0.2260392328660436 0.029509832554517113 0.06084501557632402
2 0.27091243185358255 0.24763921339563866 0.030118282710280386 0.029814057632398777
2 0.4050756911993769 0.38332359813084116 0.02646758177570091 0.05719431464174457
2 0.296163113317757 0.46941929517133957 0.04654643691588789 0.07058021806853587
2 0.5282868477414331 0.668382496105919 0.05323938862928357 0.07058021806853587
2 0.36872079439252337 0.7864218263239875 0.04441686137071654 0.06814641744548278
2 0.29205607476635514 0.8875766647196262 0.05232671339563866 0.06662529205607481
2 0.5828952492211839 0.9307766257788161 0.06875486760124605 0.047763337227414326
2 0.7239035728193146 0.7310528621495327 0.045937986760124616 0.06449571651090347
2 0.7899204147196262 0.9123710085669783 0.06114924065420557 0.05415206386292837
2 0.9580047702492211 0.7448951031931464 0.020687305295950087 0.03376898364485981
2 0.8641513337227414 0.662754332165109 0.036811234423675954 0.07331824376947038
2 0.6610810942367602 0.4405179127725857 0.06692951713395645 0.04624221183800625
2 0.8185175720404985 0.25950399143302183 0.06479994158878499 0.0498929127725857
2 0.9776272877725857 0.27730115848909653 0.021599980529594998 0.01916617990654207
2 0.5458583804809052 0.07857253359264499 0.04254331683168311 0.05884237977369165
2 0.7194848391089108 0.022216451555869893 0.05000221004243277 0.04392459335219236
2 0.897393254950495 0.05232827970297032 0.019061615983026914 0.020719147807637908
2 0.08720703125 0.07294921875 0.0283203125 0.0376953125
2 0.087890625 0.24306640625 0.028906249999999994 0.05097656249999999
2 0.01044921875 0.18740234374999998 0.0205078125 0.036523437500000006
2 0.0708984375 0.4107421875 0.037890625 0.05742187500000001
2 0.10234375000000001 0.593359375 0.020312499999999997 0.059374999999999956
