2 0.2923602998442367 0.11545341705607476 0.05901966510903428 0.05689008956386292
2 0.4034024532710281 0.07407880646417445 0.05050136292834889 0.033160533489096575
2 0.8017851927570094 0.1724956191588785 0.056281639408099715 0.07849007009345793
2 0.5468445774922118 0.735616238317757 0.019166179906542125 0.013385903426791357
2 0.0351379964953271 0.6381121008566979 0.053239388629283485 0.05323938862928357
4 0.06318359375 0.77958984375 0.019726562499999996 0.0166015625
4 0.04609375 0.76337890625 0.01953125 0.016210937500000022
4 0.0322265625 0.75009765625 0.020703125000000003 0.017773437500000044
4 0.0185546875 0.73486328125 0.0171875 0.015429687499999956
4 0.01884765625 0.76337890625 0.017382812499999997 0.017382812500000067
4 0.031640625 0.77685546875 0.020703125 0.017382812499999956
4 0.0484375 0.7947265625 0.022265624999999997 0.017578125
4 0.06005859375 0.81171875 0.019726562499999996 0.014453125000000067
4 0.0724609375 0.82734375 0.021484375 0.017968749999999978
4 0.04814453125 0.82177734375 0.0181640625 0.015820312500000044
4 0.03154296875 0.81220703125 0.0240234375 0.019726562499999933
4 0.017578125 0.79501953125 0.015234375000000001 0.017382812499999956
