2 0.4891120819039451 0.06582332761578046 0.038861492281303645 0.039866530874785595
2 0.37705027873070324 0.18023022084048027 0.025125964837049763 0.04154159519725559
2 0.109207493567753 0.12227299528301887 0.01876072041166381 0.05360205831903944
2 0.12713068181818182 0.4304848306174957 0.08810838336192107 0.039531518010291644
2 0.45125562821612347 0.33936133147512865 0.0683426243567753 0.04690180102915953
2 0.3353411771012007 0.5333337800171527 0.06231239279588335 0.03216123499142365
2 0.3313210227272727 0.7360165630360206 0.06432246998284735 0.0690126500857633
2 0.7299306441326531 0.6427375637755102 0.10363520408163263 0.06377551020408168
2 0.5323024611398964 0.48119737694300524 0.019227655440414493 0.07488665803108813
2 0.7205310880829016 0.3584945757772021 0.027323510362694314 0.04705715673575134
