2 0.6958652712264151 0.24830483490566035 0.011423938679245293 0.01031839622641506
2 0.49244545990566035 0.3936836674528302 0.0173201650943397 0.012897995283018826
2 0.1268794221698113 0.8909935141509433 0.017320165094339618 0.014003537735849059
2 0.08063089622641507 0.33251031839622636 0.05822523584905661 0.03795695754716982
4 0.6199513561320755 0.045437794811320736 0.02469044811320764 0.021005306603773588
4 0.6319280660377358 0.024432488207547152 0.02505896226415094 0.02247936320754717
4 0.6531176297169812 0.03604068396226413 0.026901533018867885 0.023584905660377364
4 0.6792821344339622 0.05041273584905659 0.02469044811320753 0.02358490566037736
4 0.7052623820754718 0.06589033018867924 0.025795990566037763 0.024321933962264154
4 0.6825987617924528 0.07584021226415094 0.027638561320754818 0.023584905660377367
4 0.6591981132075472 0.08597435141509432 0.026533018867924474 0.023216391509433956
4 0.6437205188679245 0.05741450471698112 0.02505896226415094 0.023584905660377374
