2 0.22390965732087226 0.17979702102803738 0.013385903426791274 0.012777453271028028
2 0.31243915498442365 0.6390247760903427 0.03285630841121495 0.024642231308411144
2 0.4455376265576324 0.7150810455607477 0.01673237928348914 0.015515478971962593
2 0.3799771222741433 0.7407880646417446 0.018253504672897214 0.01399435358255452
2 0.28049552180685355 0.7731880354361371 0.031639408099688515 0.029509832554517113
2 0.42317708333333337 0.9190639602803738 0.00973520249221188 0.018253504672897103
2 0.06815168501611173 0.737689648227712 0.03314648227712138 0.010699180988184787
2 0.1462976638023631 0.9796799476369494 0.03671287593984962 0.017622180451127845
2 0.039200959989258884 0.9765331296992481 0.03146817937701396 0.023915816326530615
2 0.09437516783029003 0.8706951530612244 0.02097878625134264 0.012797059613319006
2 0.7596259278002699 0.9060444078947368 0.014760458839406132 0.015551197705802933
2 0.5152876180836707 0.8423899291497976 0.010543184885290158 0.014760458839406132
