2 0.6073251856435643 0.0885177245403112 0.1024907178217822 0.027901785714285712
2 0.7385464550919377 0.12263525459688829 0.03342689179632252 0.01049770155586989
2 0.7710064533239038 0.06917985325318247 0.07237888967468176 0.020166637199434227
2 0.4665731082036775 0.10965125530410186 0.06961633663366334 0.018232850070721354
2 0.34971711456859966 0.12235899929278643 0.09724186704384724 0.026520509193776506
2 0.3403915379799666 0.9586094010851419 0.013042570951585952 0.006521285475793004
2 0.8511712228714525 0.9732822934056762 0.039453777128547585 0.01760747078464109
4 0.4268513529693487 0.2715741738505747 0.014966475095785414 0.010476532567049834
4 0.4633321360153257 0.2444474377394636 0.021327227011494254 0.01908225574712641
4 0.59990234375 0.2166015625 0.011523437500000067 0.008984375000000017
4 0.600390625 0.225 0.012109374999999978 0.008984374999999989
4 0.5916015625 0.23564453125 0.016796874999999933 0.0146484375
4 0.5751953125 0.235546875 0.015625 0.013671875
4 0.56298828125 0.22207031249999998 0.012304687499999911 0.011328124999999994
4 0.55107421875 0.221484375 0.011914062499999933 0.009765625
4 0.5396484374999999 0.2216796875 0.013281250000000022 0.009765625
4 0.48203125 0.23525390624999998 0.01679687499999999 0.015039062500000006
4 0.5029296875 0.23593750000000002 0.019921875000000033 0.016015625000000006
4 0.54150390625 0.2357421875 0.015820312500000044 0.013671875
4 0.55771484375 0.23564453125 0.017382812499999956 0.014257812499999994
4 0.555859375 0.26044921875 0.021093750000000022 0.018164062500000022
4 0.5552734375 0.2857421875 0.022265624999999956 0.017968750000000033
4 0.5811523437499999 0.2603515625 0.022070312500000022 0.01874999999999999
4 0.58203125 0.28603515625 0.02109374999999991 0.018164062499999967
4 0.58154296875 0.31171875000000004 0.02011718749999991 0.01835937500000001
4 0.556640625 0.31171875 0.020312499999999956 0.017578125
4 0.56669921875 0.35166015625 0.019726562499999933 0.016992187500000033
4 0.5861328125 0.34931640625 0.015625 0.012304687500000022
4 0.5859375 0.36103515625 0.015625 0.0126953125
4 0.58603515625 0.373046875 0.0166015625 0.012109374999999978
4 0.5863281250000001 0.388671875 0.016015624999999978 0.013671875
4 0.5662109375 0.39052734375 0.022265625000000067 0.018945312500000033
4 0.56611328125 0.37080078125 0.021679687499999933 0.018164062500000022
4 0.569140625 0.41455078125 0.026953125000000022 0.022851562499999978
4 0.61572265625 0.37255859375 0.02597656249999991 0.023632812500000044
4 0.61552734375 0.34326171875 0.021679687499999933 0.0185546875
4 0.63935546875 0.3421875 0.022851562499999978 0.01835937500000001
4 0.66357421875 0.34189453125 0.021289062499999956 0.018945312500000033
4 0.6611328125 0.3671875 0.01796875000000009 0.014843750000000044
4 0.63955078125 0.3693359375 0.021679687500000044 0.017968749999999978
4 0.536328125 0.3482421875 0.025000000000000022 0.021484375
4 0.53662109375 0.37255859375 0.025585937500000044 0.0205078125
4 0.5046875 0.31367187500000004 0.01874999999999999 0.01640625000000001
4 0.512109375 0.34843749999999996 0.022656250000000044 0.02031250000000001
4 0.5118164062499999 0.37333984374999996 0.022851562499999978 0.02128906250000001
4 0.487890625 0.37353515625 0.023828125000000033 0.0205078125
4 0.488671875 0.34912109375 0.024218749999999956 0.021679687500000044
4 0.4998046875 0.26318359375 0.021093750000000022 0.019335937499999956
4 0.48037109375 0.26337890625 0.020117187499999967 0.016992187499999978
4 0.45830078125 0.2630859375 0.024023437500000022 0.017968750000000033
4 0.48115234375000004 0.28896484375 0.02128906250000001 0.018164062499999967
4 0.501953125 0.289453125 0.021875000000000033 0.01835937500000001
4 0.46240234375 0.28740234375 0.017382812499999956 0.014257812500000022
4 0.46796875000000004 0.30361328125 0.01640625000000001 0.013867187499999989
4 0.48417968749999996 0.31015625 0.01874999999999999 0.017187499999999967
4 0.4703125 0.31796875 0.01640625000000001 0.01171875
4 0.48906249999999996 0.409765625 0.01640625000000001 0.01679687499999999
4 0.51201171875 0.4048828125 0.023242187500000067 0.021484375
4 0.53662109375 0.40498046875000004 0.02285156250000009 0.02128906250000001
4 0.5349609375 0.43017578125 0.021874999999999978 0.021679687500000044
4 0.51083984375 0.42958984375 0.0224609375 0.02128906250000001
4 0.486328125 0.43242187499999996 0.021484375 0.02070312499999999
4 0.39033203125 0.294921875 0.016992187499999978 0.013281250000000022
4 0.4033203125 0.29072265625 0.015234375000000022 0.0126953125
4 0.41708984375 0.28671875 0.015039062500000033 0.01171875
4 0.42958984375 0.28251953124999996 0.014257812499999967 0.011523437500000011
4 0.433984375 0.29619140624999996 0.013671875 0.011523437500000011
4 0.4212890625 0.300390625 0.014453125000000011 0.010546875000000011
4 0.40732421875 0.30400390625 0.016210937499999967 0.0126953125
4 0.39482421875 0.30869140625 0.016210937500000022 0.011914062499999989
4 0.390625 0.34267578125 0.03359374999999998 0.02949218749999999
4 0.42197265625 0.33291015625 0.03261718750000003 0.030664062500000033
4 0.4474609375 0.35478515624999996 0.03359374999999998 0.03105468750000001
4 0.33544921875 0.3125 0.028710937499999978 0.025000000000000022
4 0.3345703125 0.34033203125 0.02812500000000001 0.024804687499999978
4 0.353125 0.3595703125 0.02851562499999999 0.025390625
4 0.39091796874999996 0.3962890625 0.02910156250000001 0.025781249999999978
4 0.36113281249999996 0.3865234375 0.03007812500000001 0.025781249999999978
4 0.41162109375 0.4138671875 0.029882812500000022 0.025000000000000022
4 0.4388671875 0.42158203125 0.027734375000000033 0.024023437500000022
4 0.45830078125 0.4078125 0.022851562499999978 0.01953125
4 0.4568359375 0.434375 0.023828124999999978 0.019140625000000022
4 0.6970703125 0.21904296875 0.017578125 0.014257812499999994
4 0.7130859375 0.22080078125 0.016015624999999978 0.0166015625
4 0.7275390625 0.21962890625 0.011328124999999911 0.0087890625
4 0.7098632812500001 0.23681640625 0.011132812499999978 0.009179687499999978
4 0.69697265625 0.23505859375 0.015429687500000067 0.011523437499999983
4 0.65625 0.2654296875 0.022656250000000044 0.019921874999999978
4 0.634765625 0.26474609375 0.021484375 0.01933593750000001
4 0.6131835937500001 0.2642578125 0.022070312500000022 0.01835937500000001
4 0.6162109375 0.29541015625 0.02578125000000009 0.024804687499999978
4 0.63798828125 0.29472656249999996 0.020117187500000022 0.01640625000000001
4 0.65673828125 0.29560546875 0.02011718749999991 0.0166015625
4 0.791015625 0.2794921875 0.016406249999999956 0.014062499999999978
4 0.7767578125 0.26982421875 0.010546874999999956 0.009179687499999978
4 0.7655273437500001 0.26953125 0.008398437500000022 0.007421875000000022
4 0.77119140625 0.28447265625 0.019335937500000067 0.016992187499999978
4 0.7703125 0.30556640625 0.021093750000000022 0.01972656249999999
4 0.79482421875 0.2962890625 0.017773437500000044 0.01640625000000001
4 0.79482421875 0.31689453125 0.021289062499999956 0.019726562500000044
4 0.77060546875 0.32685546875000004 0.023632812500000044 0.01933593750000001
4 0.74501953125 0.27763671875 0.015820312500000044 0.014257812500000022
4 0.744921875 0.29287109375 0.016015624999999978 0.013476562500000011
4 0.7452148437499999 0.3078125 0.016210937500000022 0.013281250000000022
4 0.7453125 0.32666015625 0.013671875 0.011132812499999978
4 0.7455078125000001 0.34013671875 0.014062499999999978 0.013085937499999978
4 0.7291015625 0.29287109375 0.014843750000000044 0.013085937500000033
4 0.7287109375 0.27744140625 0.016406250000000067 0.015039062500000033
4 0.7296875 0.30751953125 0.015234375000000022 0.013867187499999989
4 0.7294921875 0.32666015625 0.016796875000000044 0.015039062499999978
4 0.7296875 0.34365234375 0.017968749999999978 0.0146484375
4 0.70087890625 0.31826171875 0.023242187500000067 0.0185546875
4 0.70029296875 0.2939453125 0.021679687500000044 0.018359374999999956
4 0.7001953125 0.34326171875 0.02304687499999991 0.0185546875
