4 0.33525390624999996 0.1322265625 0.02910156250000001 0.02578124999999999
4 0.359375 0.16074218750000002 0.028124999999999956 0.025781250000000006
4 0.38056640625000004 0.1908203125 0.03339843749999999 0.029296875
4 0.43212890625 0.16904296875 0.011132812499999978 0.0107421875
4 0.45039062500000004 0.1623046875 0.014453125000000011 0.013671875
4 0.4654296875 0.16865234375 0.01835937500000001 0.016992187500000006
4 0.45947265625 0.1818359375 0.0166015625 0.014453124999999983
4 0.41298828125 0.21728515625 0.02128906250000001 0.0185546875
4 0.42509765624999996 0.24355468749999998 0.01972656249999999 0.019531249999999972
4 0.4052734375 0.25166015625 0.020703125000000044 0.0166015625
4 0.3939453125 0.22509765625 0.021484375 0.01777343749999999
4 0.37294921875 0.23271484375 0.02324218750000001 0.018945312500000006
4 0.38603515624999996 0.25888671875 0.02128906250000001 0.018554687500000028
4 0.35390625 0.25361328125 0.01874999999999999 0.0126953125
4 0.34521484375 0.264453125 0.017382812499999956 0.013281250000000022
4 0.3169921875 0.2689453125 0.03867187499999997 0.03632812499999999
4 0.37158203125 0.1283203125 0.009570312499999956 0.008593750000000011
4 0.38701171875 0.13486328125000002 0.0087890625 0.009179687500000006
4 0.37968749999999996 0.326171875 0.01640625000000001 0.016406249999999956
4 0.37724609375 0.29179687499999996 0.018164062500000022 0.01640625000000001
4 0.27568359374999996 0.1828125 0.01933593750000001 0.016796875000000017
4 0.2759765625 0.2056640625 0.02031250000000001 0.01874999999999999
4 0.274609375 0.225390625 0.017187500000000022 0.016406249999999983
4 0.32402343749999996 0.30781250000000004 0.02031250000000001 0.01835937500000001
4 0.3408203125 0.31816406249999996 0.018359374999999956 0.01640625000000001
4 0.36796874999999996 0.34384765625 0.01874999999999999 0.01738281250000001
4 0.35771484375 0.36210937499999996 0.0205078125 0.01835937500000001
4 0.3291015625 0.3376953125 0.021484375 0.017578125
4 0.311328125 0.324609375 0.021874999999999978 0.01679687499999999
4 0.2875 0.3052734375 0.021875000000000033 0.01835937500000001
4 0.26513671875 0.3048828125 0.022851562499999978 0.017578125
4 0.271484375 0.32636718750000004 0.021093750000000022 0.01874999999999999
4 0.29482421875 0.35859375 0.020117187499999967 0.017187500000000022
4 0.31005859375 0.3703125 0.020898437499999978 0.015625
4 0.288671875 0.37587890625 0.019140624999999967 0.016210937499999967
4 0.294140625 0.39921875 0.021874999999999978 0.019140625000000022
4 0.30703125 0.38583984375 0.01679687499999999 0.015429687500000011
4 0.33974609375 0.39072265625 0.020898437500000033 0.01972656249999999
4 0.327734375 0.40830078125 0.02070312499999999 0.018945312500000033
4 0.34755859375 0.42041015625 0.0224609375 0.0185546875
4 0.357421875 0.40253906250000004 0.018359374999999956 0.01679687499999999
4 0.3740234375 0.37490234375 0.017187500000000022 0.01738281250000001
4 0.38691406250000004 0.35830078125 0.02070312499999999 0.01933593750000001
4 0.39775390625 0.33994140625 0.018164062500000022 0.016992187500000033
4 0.426171875 0.34609375 0.019140624999999967 0.017968750000000033
4 0.445703125 0.37236328124999996 0.01874999999999999 0.01582031249999999
4 0.4623046875 0.38603515624999996 0.01953125 0.01738281250000001
4 0.43330078125000004 0.394921875 0.02324218750000001 0.017968750000000033
4 0.44746093750000004 0.40888671875000004 0.02031250000000001 0.01777343749999999
4 0.4359375 0.42685546875 0.0234375 0.01972656249999999
4 0.42158203125 0.4427734375 0.018945312499999978 0.01640625000000001
4 0.40693359375000004 0.42861328125 0.01933593750000001 0.015429687500000011
4 0.41962890625000004 0.4103515625 0.01738281250000001 0.016015624999999978
4 0.41123046875 0.37324218750000004 0.01972656249999999 0.01874999999999999
4 0.399609375 0.391015625 0.021874999999999978 0.01953125
4 0.3857421875 0.41201171875 0.022656250000000044 0.018945312500000033
4 0.3705078125 0.43388671875 0.023828125000000033 0.018945312499999978
4 0.49746093750000003 0.39462890625 0.011328125000000022 0.011914062499999989
4 0.5109375 0.39794921875 0.012500000000000067 0.012304687500000022
4 0.49130859375 0.40810546875 0.014257812499999967 0.014257812499999967
4 0.50517578125 0.409765625 0.01582031249999999 0.014453125000000011
4 0.490234375 0.42080078125 0.014453124999999956 0.0126953125
4 0.4921875 0.43779296874999996 0.021875000000000033 0.01972656249999999
4 0.5046875 0.42373046875 0.015624999999999944 0.013476562500000011
4 0.63115234375 0.45722656250000004 0.023632812499999933 0.01835937500000001
4 0.64521484375 0.4720703125 0.017382812500000067 0.01640625000000001
4 0.66103515625 0.48212890625000004 0.017382812499999956 0.013476562500000011
4 0.68662109375 0.4720703125 0.021679687500000044 0.01835937500000001
4 0.7021484375 0.487890625 0.02304687499999991 0.019921875000000033
4 0.6697265625 0.459375 0.021484375 0.017578125
4 0.65498046875 0.4431640625 0.0205078125 0.016015624999999978
4 0.6482421875 0.38759765625 0.017578125 0.0166015625
4 0.6625 0.40400390625 0.016406249999999956 0.014257812500000022
4 0.67548828125 0.38994140625 0.017773437499999933 0.0166015625
4 0.66845703125 0.34013671875 0.0185546875 0.0205078125
4 0.6953125 0.36650390624999996 0.017578125 0.015429687500000011
4 0.80224609375 0.5111328125000001 0.031054687499999956 0.026953125000000022
4 0.78076171875 0.49228515625 0.02402343749999991 0.02519531250000001
4 0.76337890625 0.5123046875 0.029101562500000067 0.02617187500000001
4 0.78134765625 0.53056640625 0.0283203125 0.026757812499999978
4 0.766015625 0.5506835937500001 0.030468750000000044 0.024804687499999978
4 0.74638671875 0.5318359374999999 0.030664062499999978 0.026953125000000022
4 0.7603515625 0.4662109375 0.016406249999999956 0.015625
4 0.7162109375 0.421484375 0.025390625 0.021093749999999967
4 0.73935546875 0.40742187500000004 0.0205078125 0.01835937500000001
4 0.7119140625 0.44462890625 0.02734375 0.024023437500000022
4 0.83310546875 0.54052734375 0.0283203125 0.025585937500000044
4 0.81328125 0.558984375 0.028125000000000067 0.025390625
4 0.7953125000000001 0.58017578125 0.026953125000000022 0.027539062500000044
4 0.816015625 0.596875 0.028515625000000044 0.025390625
4 0.83369140625 0.578515625 0.029882812500000022 0.024218749999999956
4 0.85234375 0.55859375 0.028125000000000067 0.02578125000000009
4 0.8861328125 0.58515625 0.020312499999999956 0.019140625000000022
4 0.91513671875 0.6119140625 0.019726562500000044 0.01953125
4 0.891796875 0.6173828125 0.018359375000000067 0.014453125000000067
4 0.90322265625 0.6271484375 0.017382812499999956 0.016406250000000067
4 0.8836914062500001 0.6426757812499999 0.013085937499999978 0.011132812499999978
4 0.8494140625 0.5142578124999999 0.010937499999999933 0.009375000000000022
4 0.85615234375 0.52041015625 0.009960937499999933 0.009570312499999956
4 0.86220703125 0.5265625 0.011523437499999956 0.009375000000000022
4 0.85234375 0.48330078125 0.008593750000000067 0.008398437499999967
4 0.859375 0.4908203125 0.010546874999999956 0.009765625
4 0.20224609375 0.53642578125 0.01933593750000001 0.016210937500000022
4 0.19462890625 0.55107421875 0.0224609375 0.015820312499999933
4 0.185546875 0.56748046875 0.01640625000000001 0.011914062500000044
4 0.2275390625 0.5771484375 0.037109375 0.033984374999999956
4 0.31240234375 0.60009765625 0.03964843749999997 0.035351562500000044
4 0.33408203125 0.56259765625 0.03886718750000001 0.036914062499999956
4 0.30888671875 0.6607421874999999 0.03457031249999998 0.03281250000000002
4 0.3435546875 0.6878906250000001 0.03554687499999998 0.03554687499999998
4 0.26249999999999996 0.6270507812499999 0.03632812499999999 0.03378906250000002
4 0.24306640624999998 0.6703125 0.026367187499999972 0.025390625
4 0.20537109375 0.651171875 0.0283203125 0.028125000000000067
4 0.20351562499999998 0.6119140625 0.027734375000000006 0.026562500000000044
4 0.4730671604527297 0.6629181924101198 0.03588964713715043 0.0322486684420773
4 0.4457598202396804 0.6968573152463382 0.03536950732356858 0.034069157789613835
4 0.49452292776298273 0.6046625332889481 0.03666985685752333 0.034849367509986684
4 0.49868404627163787 0.5704633405459387 0.014823984687083958 0.0158642643142477
4 0.5116875416111851 0.5746244590545939 0.014823984687083902 0.014303844873502003
4 0.5358740429427431 0.6161056091877497 0.03823027629826903 0.03797020639147797
4 0.5773551930758989 0.6302794191078562 0.039530625832223776 0.03666985685752333
4 0.4815194324234354 0.5382146721038615 0.035109437416777634 0.03198859853528635
4 0.42664468209054596 0.5505679926764314 0.03250873834886814 0.028087549933422107
4 0.3917953145805593 0.5984208555259654 0.03302887816245004 0.030168109187749592
4 0.4032383904793609 0.6590171438082557 0.034589297603195734 0.03276880825565909
4 0.42729485685752333 0.6223472869507323 0.036929926764314225 0.03536950732356858
4 0.35889647137150466 0.6300193492010653 0.03536950732356858 0.033549017976031936
4 0.645883613515313 0.6635683671770972 0.039790695739014725 0.039270555925432715
4 0.6122045605858855 0.7054396221704394 0.040050765645805675 0.03823027629826892
4 0.5450195312499999 0.21123046875 0.018164062500000022 0.018164062499999994
4 0.65341796875 0.2779296875 0.0146484375 0.013671875
2 0.12543004587155965 0.881295393730887 0.033448012232415905 0.014932148318042793
