3 0.5158136195482866 0.1127153913551402 0.07270979361370716 0.06662529205607477
3 0.5330023364485981 0.1892279984423676 0.08518302180685355 0.06632106697819315
3 0.6696428571428572 0.6339905753968254 0.11505180776014112 0.1395089285714285
3 0.9431492504409171 0.5180776014109347 0.06682649911816574 0.08611662257495589
3 0.9260361552028219 0.9618141672178131 0.0698026895943562 0.07246541556437391
3 0.7962549603174603 0.9544081376763669 0.1106150793650793 0.08727747464726632
3 0.5366787918871252 0.695305610670194 0.10196208112874777 0.11401840828924159
3 0.35032242063492064 0.6887607473544974 0.12745260141093473 0.148465057319224
3 0.2013406635802469 0.6050553902116402 0.053392305996472655 0.058214836860670194
3 0.12641920194003525 0.4367835097001764 0.06889329805996472 0.07096009700176364
3 0.1107459766313933 0.28676835317460314 0.07406029541446207 0.07406029541446207
3 0.08422205687830689 0.21546378968253968 0.0726824294532628 0.06510416666666669
3 0.062520667989418 0.1358920304232804 0.07888282627865961 0.06785989858906524
3 0.038063547178130513 0.055631338183421516 0.07474922839506173 0.0699266975308642
