2 0.4802633980724299 0.3249945239485982 0.07575204439252342 0.017112660630841103
2 0.5820266866238318 0.32065931658878505 0.05658586448598135 0.02943377628504673
2 0.7192525030339806 0.583790010618932 0.01398475424757284 0.018014259708737934
4 0.21661145174050633 0.06950899920886078 0.017512196729957796 0.015863989978902954
4 0.24040743670886078 0.08145849815400846 0.020190532700421954 0.017924248417721514
4 0.26719079641350213 0.04324070411392407 0.015657964135021074 0.012361550632911396
4 0.28532107067510554 0.0426226265822785 0.018954377637130815 0.0127736023206751
4 0.26307027953586504 0.08238561445147681 0.0222507911392405 0.021838739451476796
4 0.2868662645042194 0.08485792457805909 0.024517075421940926 0.02101463607594936
4 0.21589036128691985 0.08877241561181437 0.01813027426160338 0.015245912447257384
4 0.168359375 0.21650390625 0.021484375 0.018945312500000006
4 0.16640624999999998 0.23603515625 0.021875000000000006 0.019335937499999983
4 0.18876953125 0.21806640625 0.018164062499999994 0.017773437500000017
4 0.21298828125 0.219921875 0.02128906250000001 0.019140624999999994
4 0.2353515625 0.22119140625 0.023046875000000022 0.01933593750000001
4 0.23408203125 0.24140625000000002 0.0224609375 0.02031250000000001
4 0.2119140625 0.24091796875 0.021874999999999978 0.020117187499999994
4 0.18896484375 0.23896484375 0.02167968749999999 0.019726562500000017
