2 0.040253069899244355 0.7614826039042821 0.05214892947103274 0.11020151133501266
4 0.4580078125 0.07822265625 0.018750000000000044 0.0166015625
4 0.44580078125 0.08759765625 0.0166015625 0.016210937499999994
4 0.46884765625 0.0927734375 0.0205078125 0.017187499999999994
4 0.45654296875 0.10244140625 0.018164062500000022 0.015429687499999997
4 0.44501953125 0.1109375 0.016992187499999978 0.016796875000000003
4 0.4349609375 0.09619140625 0.017968750000000033 0.0166015625
4 0.48515624999999996 0.138671875 0.01679687499999999 0.015625
4 0.50244140625 0.16279296875 0.016992187500000033 0.016210937499999994
4 0.48193359375 0.17939453125 0.029882812500000022 0.025585937500000017
4 0.46416015624999996 0.1548828125 0.02910156250000001 0.025390625
4 0.4248046875 0.183984375 0.026562500000000044 0.02070312499999999
4 0.44267578125 0.2068359375 0.0224609375 0.022265624999999983
4 0.40185546875 0.2009765625 0.027148437499999956 0.024218749999999983
4 0.4193359375 0.22509765625 0.02812500000000001 0.0244140625
4 0.36113281249999996 0.23115234375 0.02812500000000001 0.024804687500000006
4 0.3783203125 0.25439453125 0.029687500000000033 0.025195312499999983
4 0.3546875 0.2732421875 0.02734375 0.0234375
4 0.27783203125 0.1111328125 0.013085937499999978 0.009765625
4 0.28486328125 0.119921875 0.009179687499999978 0.008203125000000006
4 0.2681640625 0.11884765624999999 0.01171875 0.008007812500000003
4 0.2740234375 0.12900390625 0.012109375000000033 0.0107421875
4 0.2884765625 0.1025390625 0.008593750000000011 0.008203125000000006
4 0.2919921875 0.11083984375 0.009375000000000022 0.008007812499999989
4 0.29921875 0.10595703125 0.011328124999999967 0.008398437499999994
4 0.30830078125 0.1013671875 0.013085937499999978 0.010156250000000006
4 0.30146484375000004 0.09150390624999999 0.009960937499999989 0.008007812500000003
4 0.31025390625 0.08613281249999999 0.012304687500000022 0.007031250000000003
4 0.31669921874999996 0.09384765625 0.011914062499999989 0.010351562500000008
4 0.33037109375 0.12158203125 0.012304687500000022 0.011132812499999992
4 0.33808593750000004 0.13193359375 0.012500000000000011 0.0107421875
4 0.32138671875 0.1302734375 0.013867187499999989 0.01171875
4 0.32666015625 0.140625 0.012304687500000022 0.011328125000000022
4 0.31015625 0.13837890625 0.013281249999999967 0.011523437499999983
4 0.31708984375 0.1482421875 0.0126953125 0.010937500000000017
4 0.29960937499999996 0.1458984375 0.012500000000000011 0.009765625
4 0.305859375 0.15595703125 0.012109374999999978 0.011523437499999983
4 0.384765625 0.1330078125 0.01953125 0.016015625000000006
4 0.39863281250000004 0.121875 0.01874999999999999 0.015234374999999994
4 0.41171875 0.1119140625 0.019921875000000033 0.016796875000000003
4 0.4216796875 0.12841796875 0.019921874999999978 0.01777343749999999
4 0.40771484375 0.13701171875 0.018945312499999978 0.015820312500000017
4 0.39560546875 0.14736328124999998 0.01738281250000001 0.016210937499999994
4 0.35380859374999996 0.1583984375 0.02128906250000001 0.017187499999999994
4 0.36875 0.1662109375 0.015625 0.013281249999999994
4 0.355859375 0.17519531249999998 0.01679687499999999 0.015234374999999994
4 0.33271484375000004 0.18642578124999998 0.02519531250000001 0.020898437500000006
4 0.31396484375 0.20068359375 0.027929687500000022 0.02324218750000001
