4 0.7205078125 0.1921875 0.05546875000000007 0.050390624999999994
4 0.6685546874999999 0.22666015625 0.04648437500000002 0.04121093749999999
4 0.6193359375 0.25205078125 0.04960937500000007 0.04550781249999997
4 0.7103515625000001 0.2685546875 0.04531249999999998 0.04062500000000002
4 0.8005859375 0.7811523437500001 0.015234375000000022 0.014257812500000022
4 0.8150390624999999 0.7927734375 0.015234375000000022 0.014062499999999978
4 0.82578125 0.8044921875 0.017578125 0.015625
4 0.81474609375 0.8171875 0.0166015625 0.014062499999999978
4 0.80283203125 0.80498046875 0.017382812499999956 0.0146484375
4 0.7908203125 0.7935546875 0.014453125000000067 0.015625
4 0.7689453125 0.80810546875 0.021484375 0.0185546875
4 0.751953125 0.82353515625 0.021484375 0.0185546875
4 0.7712890625 0.8311523437499999 0.016015624999999978 0.014257812500000022
4 0.78837890625 0.82578125 0.015820312499999933 0.014843750000000044
4 0.912109375 0.66796875 0.02890624999999991 0.026562500000000044
4 0.9325195312500001 0.686328125 0.027929687500000022 0.028125000000000067
4 0.91259765625 0.7076171875 0.02988281249999991 0.02734375
4 0.8934570312500001 0.6874023437500001 0.028710937499999978 0.026757812499999978
4 0.8732421875 0.70830078125 0.029296875 0.0263671875
4 0.8924804687500001 0.727734375 0.030664062499999978 0.026953125000000022
4 0.8734375 0.7478515625 0.029296875 0.025781249999999978
4 0.8529296875 0.72734375 0.029296875 0.02734375
2 0.7409714918870193 0.6025860126201923 0.03826434795673084 0.06619966947115385
2 0.5676081730769231 0.7301729642427885 0.01408503605769229 0.016197791466346145
2 0.6539766905737705 0.3394955494364754 0.12086962090163933 0.018610719774590168
