2 0.55009765625 0.0521484375 0.025195312500000067 0.04726562499999999
2 0.52607421875 0.626953125 0.030664062499999978 0.04296875
2 0.5509765625 0.89140625 0.06406250000000002 0.030078125000000067
2 0.6755859375 0.9658203125 0.01953125 0.05859375
2 0.6917218099755202 0.7335574127906976 0.03992311811505511 0.0475730569155447
2 0.8694633567931457 0.842688570991432 0.029643512851897258 0.056896419828641354
2 0.20059121621621623 0.5409536574618097 0.03626248531139836 0.03947561692126911
2 0.3327886310223267 0.663970696239718 0.015147620446533505 0.04911501175088129
2 0.21378800675675674 0.7473973633960047 0.02914769388954172 0.05714784077555812
2 0.05837190283964368 0.9024785982739421 0.024142190979955465 0.05285182349665929
