3 0.05588107638888889 0.29459635416666663 0.10959201388888888 0.12044270833333331
3 0.4204644097222222 0.31168619791666663 0.12261284722222221 0.1199001736111111
3 0.46875 0.4570855034722222 0.1388888888888889 0.12424045138888884
3 0.46793619791666663 0.14105902777777776 0.10470920138888884 0.10199652777777778
3 0.6287977430555556 0.04014756944444445 0.09874131944444442 0.07921006944444445
3 0.09901258680555555 0.43863932291666663 0.1242404513888889 0.10796440972222227
3 0.14512803819444445 0.5864800347222222 0.07649739583333333 0.06401909722222232
3 0.5183919270833333 0.6439887152777777 0.11121961805555552 0.11067708333333337
3 0.5593532986111112 0.7888454861111112 0.10959201388888895 0.11393229166666663
3 0.9364180940233235 0.4290611333819242 0.0802888119533528 0.0677614795918367
3 0.9559863565962099 0.5021808946793003 0.08412103680758021 0.06595071064139946
3 0.9676595526603498 0.576587554664723 0.06077464467930038 0.065574890670554
