2 0.28818359375 0.049609375 0.02753906249999999 0.016015625
2 0.7053365537531806 0.5362396628498728 0.023109494274809128 0.013915394402035597
2 0.637126272264631 0.5655613867684478 0.022364026717557328 0.013915394402035597
2 0.5771161339058524 0.5860617445928753 0.021618559160305306 0.012175970101781175
2 0.5189696644402035 0.6110349077608141 0.025594386132315572 0.011927480916030464
2 0.4693960718829516 0.6497992207379135 0.018388199745547062 0.014909351145038108
2 0.6007226065521628 0.7110518050254453 0.018636688931297662 0.011182013358778664
2 0.6628449029898218 0.6981303673664121 0.020127624045801595 0.011678991730279864
2 0.7120457617684478 0.6763875636132315 0.021121580788804106 0.010933524173027953
2 0.6845877067430025 0.7595071962468194 0.021370069974554706 0.009691078244274842
2 0.7426099316157762 0.7605011529898218 0.019133667302798973 0.010188056615776042
2 0.7644769799618321 0.8343024411577609 0.01565481870229013 0.00820014312977102
2 0.7294400047709924 0.8423783396946565 0.01714575381679384 0.009442589058524131
2 0.6911726701653944 0.8536845976463103 0.019133667302798973 0.010188056615776042
2 0.6465688613231553 0.8549270435750635 0.01789122137404575 0.011182013358778664
2 0.6342686466284987 0.7995139551526718 0.018636688931297662 0.009691078244274842
2 0.5778616014631043 0.8166597089694656 0.021618559160305306 0.011182013358778553
2 0.621098719783715 0.8725697757633588 0.013666905216284997 0.00869712150127222
2 0.53583984375 0.8966796875 0.016210937500000022 0.008593750000000067
2 0.587109375 0.883984375 0.016406250000000067 0.008984374999999933
2 0.62939453125 0.9061523437500001 0.009570312499999956 0.012304687500000022
2 0.4880859375 0.9013671875 0.017187500000000022 0.008203125000000089
2 0.4423828125 0.90341796875 0.013281250000000022 0.0068359375
2 0.4626953125 0.8369140625 0.021874999999999978 0.01171875
2 0.5244140625 0.92958984375 0.009374999999999911 0.0107421875
2 0.50087890625 0.94013671875 0.015039062500000033 0.011914062499999933
2 0.5462890625 0.746484375 0.018359374999999956 0.010546874999999956
2 0.4982421875 0.7595703125 0.023046875000000022 0.01171875
2 0.43798828125 0.7676757812499999 0.017773437500000044 0.011132812499999978
2 0.398828125 0.65869140625 0.01835937500000001 0.011914062500000044
2 0.21650390625 0.7044921875000001 0.0126953125 0.014062499999999978
2 0.32021484375 0.6744140624999999 0.013867187499999989 0.017187500000000022
2 0.2140625 0.7740234374999999 0.014062500000000006 0.015234375000000022
2 0.15546875 0.73525390625 0.018359374999999983 0.019335937499999956
2 0.0703125 0.7822265625 0.019140624999999994 0.01171875
2 0.14921875 0.83544921875 0.013671875 0.014257812499999911
2 0.21064453125 0.87734375 0.013476562499999983 0.01171875
2 0.27880859375 0.85654296875 0.0166015625 0.0146484375
2 0.326171875 0.834765625 0.017578125 0.017187500000000022
2 0.04443359375 0.9354492187500001 0.019726562500000003 0.016992187499999978
2 0.12587890625 0.9615234375 0.019726562500000003 0.016796875000000044
2 0.1494140625 0.92509765625 0.01640625000000001 0.0166015625
2 0.0783203125 0.989453125 0.017187499999999994 0.013671875
2 0.36738281250000004 0.883203125 0.01640625000000001 0.013671875
2 0.33505859375 0.89423828125 0.02519531250000001 0.017382812500000067
2 0.30283203125 0.9085937500000001 0.024023437499999967 0.019921874999999978
2 0.2734375 0.92578125 0.025000000000000022 0.01953125
2 0.2375 0.9421875 0.024609375000000017 0.018359375000000067
2 0.3470703125 0.7630859375 0.014453125000000011 0.018359374999999956
2 0.9375976562499999 0.5301757812500001 0.018164062500000022 0.014257812500000022
2 0.97255859375 0.6359375 0.019335937499999956 0.016406250000000067
2 0.9884765625 0.69677734375 0.016015624999999978 0.017382812499999956
2 0.98310546875 0.76025390625 0.013085937499999978 0.011132812500000089
2 0.9823242187500001 0.8732421875 0.012304687500000022 0.008593750000000067
2 0.982421875 0.8029296875 0.014062500000000089 0.010546875000000067
2 0.6621250717566016 0.9008278917910447 0.012557405281285905 0.013230123421354767
