2 0.8995935552959502 0.7966133664330218 0.02312110591900307 0.020991530373831724
2 0.21132812499999998 0.7962890625 0.016015625000000006 0.014453124999999956
2 0.2533203125 0.7947265625 0.015624999999999972 0.016406250000000067
2 0.293359375 0.77880859375 0.01835937500000001 0.0166015625
2 0.24062499999999998 0.83623046875 0.014062500000000006 0.0068359375
2 0.185546875 0.84052734375 0.015234375000000022 0.009179687499999978
2 0.1630859375 0.79072265625 0.015625 0.015039062499999978
2 0.1615234375 0.672265625 0.01171875 0.008984375000000044
2 0.15175781249999998 0.61005859375 0.012109375000000006 0.008007812499999933
2 0.20380859375 0.61025390625 0.015820312500000017 0.009570312499999956
2 0.32587890625000004 0.60126953125 0.02558593749999999 0.009960937499999933
2 0.337890625 0.67919921875 0.018750000000000044 0.009960937500000044
2 0.31328124999999996 0.73251953125 0.012500000000000011 0.009570312499999956
2 0.27314453125 0.74169921875 0.012304687500000022 0.009960937500000044
2 0.24384765625 0.696875 0.015820312500000017 0.009765625
2 0.2158203125 0.66826171875 0.013671875 0.008398437500000022
2 0.20087890625 0.7150390625 0.0126953125 0.0078125
2 0.22451171875 0.749609375 0.0146484375 0.010546874999999956
2 0.08916015625 0.81640625 0.016992187500000006 0.015234374999999911
2 0.12744140625 0.81552734375 0.01894531249999999 0.015429687499999956
2 0.10888671875 0.7725585937499999 0.0146484375 0.009179687499999978
2 0.1474609375 0.7642578125 0.01640625000000001 0.009765625
2 0.10703125 0.72646484375 0.014062499999999992 0.008007812500000044
2 0.101953125 0.67626953125 0.01601562499999999 0.009960937500000044
2 0.153125 0.7147460937500001 0.016015625000000006 0.009179687499999978
2 0.061718749999999996 0.68681640625 0.020312499999999997 0.0126953125
2 0.0923828125 0.61748046875 0.020703125000000003 0.0107421875
2 0.035546875 0.62470703125 0.020312499999999997 0.012304687500000022
2 0.062890625 0.7345703125 0.017578125000000007 0.010546875000000067
2 0.06484375 0.781640625 0.014062499999999992 0.0078125
2 0.04306640625 0.832421875 0.0166015625 0.016406249999999956
2 0.0248046875 0.7904296875 0.012890625 0.008593749999999956
2 0.025585937500000003 0.74775390625 0.013671875000000003 0.008398437500000022
2 0.009667968749999999 0.8394531249999999 0.014648437499999998 0.014062499999999978
2 0.02861328125 0.8580078125 0.009179687499999999 0.010546874999999956
2 0.3773934248554913 0.7800984465317918 0.015128251445086727 0.007225433526011571
2 0.26933593749999996 0.501171875 0.02265624999999999 0.012890624999999933
2 0.0697265625 0.504296875 0.028515625000000003 0.014062500000000033
