3 0.5063004032258065 0.31935223164627363 0.02802593159065625 0.030850250278086744
3 0.5905954532814238 0.52965534621802 0.046275375417130116 0.053879310344827624
3 0.5325882925472747 0.552358523359288 0.04670988598442716 0.05148950222469406
3 0.4750156423804227 0.5745185622914348 0.050620481090100145 0.055400097330367104
3 0.6457782953281423 0.502172552836485 0.05148950222469417 0.06148324527252497
3 0.41766024749721914 0.5972217394327031 0.0484479282536151 0.05214126807563957
3 0.3560546875 0.60224609375 0.024999999999999967 0.027539062499999933
3 0.3666015625 0.6366210937500001 0.02812500000000001 0.03261718749999998
3 0.8462890624999999 0.6537109375000001 0.019140625000000022 0.021093750000000022
3 0.85859375 0.6485351562499999 0.016796874999999933 0.022851562499999978
3 0.819140625 0.62734375 0.028125000000000067 0.018359374999999956
3 0.959765625 0.59111328125 0.021093750000000022 0.025195312500000067
3 0.908984375 0.50517578125 0.02734375 0.020898437499999978
3 0.86044921875 0.52412109375 0.023242187499999956 0.0205078125
3 0.86533203125 0.46650390625 0.0244140625 0.03183593750000002
3 0.8736328125 0.4431640625 0.022656250000000044 0.028906250000000022
3 0.8984375 0.4337890625 0.02382812500000009 0.029687499999999978
3 0.8451171875 0.45771484375 0.024218749999999956 0.0283203125
3 0.81875 0.46669921875 0.026562500000000044 0.03535156249999999
3 0.8370117187499999 0.480078125 0.025976562500000022 0.03242187499999999
4 0.967578125 0.8998046875 0.028515624999999933 0.02734375
4 0.9491210937500001 0.95283203125 0.028710937499999978 0.029101562500000067
4 0.991015625 0.97822265625 0.014062499999999978 0.027929687500000022
