3 0.369745624115983 0.019453898514851506 0.07541769801980197 0.03839948727015559
3 0.4024818776520509 0.11269006364922209 0.07458893210749651 0.06961633663366337
3 0.43065991867043846 0.21172759016973128 0.06409123055162658 0.055527316124469595
3 0.458837959688826 0.2831395862800566 0.07679897454031115 0.068511315417256
3 0.48646349009900985 0.3596623055162659 0.08508663366336633 0.06630127298444127
3 0.5099451909476662 0.4374281736209335 0.08674416548797736 0.06602501768033942
3 0.5337031471004243 0.513674637553041 0.07735148514851486 0.06713003889674685
3 0.5538697842998586 0.5930980374823196 0.06795880480905236 0.05856612446958975
3 0.23173253676470587 0.19014246323529413 0.0788143382352941 0.06640625
3 0.26160386029411764 0.26746323529411764 0.06502757352941177 0.05882352941176472
3 0.3103170955882353 0.41555606617647056 0.07192095588235292 0.06732536764705882
3 0.3473115808823529 0.5301011029411765 0.13717830882352938 0.11994485294117646
3 0.40153952205882354 0.6592371323529411 0.12109375 0.11443014705882348
3 0.7798828125 0.2041015625 0.12382812499999996 0.11289062500000002
3 0.8265625 0.33994140625 0.08085937499999996 0.06503906249999997
3 0.8673828125 0.4228515625 0.10429687500000007 0.08828124999999998
3 0.6313752948113207 0.8008918042452831 0.10871167452830188 0.1131338443396227
3 0.6765182783018868 0.9366892688679245 0.12013561320754718 0.11202830188679236
3 0.48931308962264153 0.9330041273584906 0.12382075471698117 0.11350235849056611
3 0.9655255011792453 0.8230026533018868 0.06504274764150941 0.09618219339622647
