4 0.93037109375 0.0103515625 0.027929687500000022 0.020703125
4 0.15185546875 0.64052734375 0.0185546875 0.0185546875
4 0.14619140625 0.6166015625 0.014257812499999994 0.014843750000000044
4 0.17685546875000002 0.751171875 0.035742187499999994 0.03398437500000007
4 0.19150390625000002 0.787890625 0.035742187499999994 0.03398437500000007
4 0.2154296875 0.8456054687500001 0.03515625 0.03457031249999998
4 0.17880859375000002 0.86083984375 0.033789062499999994 0.033007812499999956
4 0.15556640625 0.80224609375 0.035742187499999994 0.0341796875
4 0.14033203125 0.7673828125 0.036523437500000006 0.033203125
4 0.09501953125000001 0.78408203125 0.0349609375 0.033007812499999956
4 0.1091796875 0.8205078125 0.034765624999999994 0.03281250000000002
4 0.13330078125 0.8788085937500001 0.03339843749999999 0.03261718749999998
4 0.08662109374999999 0.89921875 0.0369140625 0.03515625
3 0.177734375 0.98134765625 0.0546875 0.033398437500000044
3 0.7771484375 0.49853515625 0.03984375000000007 0.046679687499999956
3 0.8130859374999999 0.48330078125 0.023828124999999978 0.02910156250000001
3 0.8333984375 0.50419921875 0.050000000000000044 0.05058593750000007
3 0.9173828125000001 0.5291015625 0.03945312499999998 0.03945312499999998
3 0.8926757812499999 0.45380859375000004 0.025976562500000022 0.02753906249999999
3 0.921875 0.4466796875 0.024609375000000044 0.029687500000000033
3 0.95634765625 0.43056640625 0.022070312500000022 0.0283203125
3 0.98271484375 0.419921875 0.024023437500000022 0.028515625000000044
3 0.813671875 0.54853515625 0.06210937500000002 0.05136718750000002
3 0.89404296875 0.8453124999999999 0.05214843750000009 0.06210937500000002
3 0.915625 0.8177734375 0.028515625000000044 0.03515625
3 0.94814453125 0.8212890625 0.050585937499999956 0.061328124999999956
3 0.96650390625 0.7984374999999999 0.0205078125 0.030859375000000022
3 0.98759765625 0.79560546875 0.020898437499999978 0.04941406250000002
3 0.80810546875 0.7603515624999999 0.02285156250000009 0.021874999999999978
3 0.83486328125 0.8576171875 0.029492187500000044 0.03437499999999993
3 0.8617187500000001 0.840234375 0.026953125000000022 0.032421875000000044
3 0.878125 0.9306640625 0.04570312500000007 0.047656249999999956
3 0.9520507812500001 0.90146484375 0.06386718749999998 0.052929687500000044
3 0.7794921875 0.8673828125 0.024218750000000067 0.023828124999999978
3 0.81650390625 0.8810546875 0.023632812500000044 0.024218750000000067
3 0.77080078125 0.88515625 0.030664062499999978 0.03515625
3 0.74619140625 0.878515625 0.031054687499999956 0.03515625
3 0.7029296875 0.87333984375 0.029687499999999978 0.03378906250000002
3 0.7344726562499999 0.908984375 0.05332031250000002 0.06171874999999993
3 0.66279296875 0.886328125 0.04941406250000002 0.052734375
3 0.68115234375 0.9294921875 0.050976562500000044 0.05820312500000002
