3 0.39921875 0.34228515625 0.026953125000000022 0.031054687499999956
3 0.46396484375 0.30927734375000004 0.028710937500000033 0.03144531249999999
3 0.43857421875 0.52763671875 0.0341796875 0.030664062499999978
3 0.49951171875 0.55458984375 0.031054687499999956 0.0302734375
3 0.3111328125 0.593359375 0.03164062500000003 0.028124999999999956
3 0.26484375 0.480859375 0.03515625 0.030859374999999967
3 0.251953125 0.45029296875 0.026562500000000017 0.02714843750000001
3 0.24580078125 0.41591796875 0.0341796875 0.0302734375
3 0.57734375 0.30068359375 0.026562499999999933 0.02949218749999999
3 0.5931640625 0.2353515625 0.03515625 0.03203124999999998
3 0.58310546875 0.19609375 0.0361328125 0.028124999999999983
3 0.5890625 0.1505859375 0.02734375 0.034765624999999994
3 0.61201171875 0.123828125 0.027539062499999933 0.028906249999999994
3 0.62890625 0.0822265625 0.028124999999999956 0.03515625
3 0.6776367187500001 0.06259765625 0.030664062499999978 0.0353515625
3 0.71015625 0.06552734375 0.029687499999999978 0.0345703125
3 0.73935546875 0.08076171874999999 0.025195312499999956 0.031054687499999997
3 0.797265625 0.11894531250000001 0.030078124999999956 0.033203125000000014
3 0.8419921875 0.17197265625 0.030078125000000067 0.03144531249999999
