3 0.5171875 0.36259765624999996 0.034375000000000044 0.03105468750000001
3 0.503515625 0.31708984375000004 0.028906249999999967 0.03339843749999999
3 0.5355468750000001 0.30644531249999996 0.027734374999999978 0.03398437500000001
3 0.5671875 0.2916015625 0.026562499999999933 0.03398437500000001
3 0.59443359375 0.330859375 0.03378906250000002 0.03125
3 0.559765625 0.34521484375 0.03515625 0.030664062499999978
3 0.58671875 0.38691406250000004 0.028906250000000022 0.03437499999999999
3 0.61962890625 0.3759765625 0.0283203125 0.03359374999999998
3 0.55556640625 0.39873046874999996 0.029101562499999956 0.03496093750000001
3 0.52392578125 0.41191406249999996 0.0283203125 0.03242187499999999
3 0.5804687500000001 0.453125 0.029687499999999978 0.03359374999999998
3 0.54716796875 0.46630859375 0.03339843749999993 0.03652343749999998
3 0.64736328125 0.42705078125 0.0302734375 0.03457031249999998
3 0.6130859375 0.439453125 0.030468749999999933 0.032031249999999956
3 0.6509765625 0.47001953125 0.03515625 0.0302734375
3 0.6903320312500001 0.505859375 0.028710937499999978 0.036328125000000044
3 0.65703125 0.516015625 0.028906250000000022 0.03632812499999999
3 0.6138671874999999 0.48623046875 0.030859375000000022 0.0283203125
3 0.6250976562499999 0.5331054687500001 0.029882812500000022 0.03378906250000002
3 0.5765625 0.50078125 0.03515625 0.029296874999999944
3 0.59140625 0.5462890625000001 0.030078124999999956 0.03476562500000002
3 0.65185546875 0.048925781249999994 0.03574218749999991 0.030273437499999993
3 0.64658203125 0.08017578125 0.0341796875 0.027148437499999997
3 0.62109375 0.0943359375 0.03164062500000009 0.029296875
3 0.6434570312500001 0.11435546875000001 0.03261718749999998 0.028710937500000006
3 0.6193359375 0.13427734375 0.03359374999999998 0.02988281250000001
3 0.6328125 0.16181640625 0.033984374999999956 0.029882812499999994
3 0.63291015625 0.19404296875 0.031445312500000044 0.029492187500000017
3 0.6412109375 0.22304687499999998 0.030078124999999956 0.027734375000000006
3 0.6622070312499999 0.24619140625000002 0.026757812499999978 0.030664062500000006
3 0.69873046875 0.269140625 0.02480468750000009 0.0234375
3 0.72685546875 0.2763671875 0.0283203125 0.03359374999999998
3 0.7916015624999999 0.25947265625 0.027734374999999978 0.03339843750000002
3 0.82353515625 0.24765625000000002 0.027929687500000022 0.031640625000000006
3 0.8631835937500001 0.22499999999999998 0.024804687499999978 0.028906249999999994
3 0.7606445312500001 0.27509765625 0.03261718749999998 0.03378906250000002
3 0.8148437500000001 0.3064453125 0.029687499999999978 0.029296875
3 0.77568359375 0.32294921875000004 0.031054687500000067 0.02753906249999999
3 0.7369140624999999 0.34072265625 0.029687499999999978 0.02714843750000001
3 0.81474609375 0.3763671875 0.03144531249999993 0.03046874999999999
3 0.84560546875 0.365625 0.0283203125 0.03398437500000001
3 0.7828125 0.39072265625 0.03125 0.03300781250000001
3 0.87587890625 0.3513671875 0.0302734375 0.03359374999999998
3 0.9083984375 0.3400390625 0.030859375000000022 0.03749999999999998
3 0.8828125 0.40087890625 0.034375000000000044 0.029101562499999956
3 0.84794921875 0.41611328125 0.03183593750000002 0.029882812499999967
3 0.81005859375 0.42978515625 0.0361328125 0.028710937500000033
3 0.8478515625 0.46953125 0.03515625 0.030859375000000022
3 0.87841796875 0.45400390625 0.029101562499999956 0.030664062500000033
3 0.8153320312500001 0.47871093750000004 0.028710937499999978 0.03203125000000001
3 0.97216796875 0.41669921875 0.02792968749999991 0.03378906250000002
3 0.94169921875 0.4322265625 0.0263671875 0.029296875
3 0.9085937500000001 0.44189453125 0.029687499999999978 0.03378906250000002
3 0.11552734375000001 0.50625 0.0490234375 0.055468749999999956
3 0.2 0.249609375 0.014062500000000006 0.014453125000000011
3 0.22041015625 0.26103515625 0.027148437499999983 0.029101562499999983
3 0.2353515625 0.280078125 0.02851562499999999 0.029296875
3 0.05517578125 0.29121093750000004 0.019726562499999996 0.02421875000000001
3 0.07041015625 0.31552734375 0.023242187499999997 0.018945312500000033
3 0.072265625 0.3376953125 0.029296875 0.029296875
3 0.04638671875 0.33818359375 0.027539062500000003 0.028710937499999978
3 0.008105468749999999 0.3109375 0.0158203125 0.021875000000000033
3 0.02978515625 0.3861328125 0.0470703125 0.05585937499999999
3 0.058984375 0.39521484375000004 0.02382812499999999 0.02558593749999999
3 0.056640625 0.36591796875000004 0.020703124999999996 0.02363281249999999
3 0.08212890625 0.3833984375 0.029492187500000003 0.03203125000000001
3 0.10615234375 0.37724609374999996 0.020898437500000006 0.02519531250000001
3 0.08378906250000001 0.41181640625 0.026562500000000003 0.022851562499999978
3 0.00986328125 0.40986328125000004 0.0193359375 0.02753906249999999
3 0.02021484375 0.46435546875 0.039257812499999996 0.04628906249999998
3 0.06298828125 0.45048828125 0.054101562500000006 0.04746093750000002
3 0.1138671875 0.4546875 0.04765625 0.05429687499999997
3 0.07314453125 0.4775390625 0.031054687499999997 0.027734374999999978
3 0.04462890625 0.49306640625 0.025195312500000004 0.01972656249999999
3 0.0638671875 0.49775390625000004 0.02382812499999999 0.02519531250000001
3 0.07763671875 0.525 0.024804687500000006 0.026562500000000044
3 0.0564453125 0.5186523437499999 0.02734375 0.022851562499999978
3 0.066015625 0.5486328125 0.030468750000000003 0.027734374999999978
3 0.08857421875 0.5538085937499999 0.022851562500000006 0.024023437500000022
3 0.10927734375 0.54150390625 0.029492187500000003 0.02792968749999991
3 0.14394531249999998 0.54970703125 0.054296874999999994 0.060742187500000044
3 0.091796875 0.60595703125 0.049218750000000006 0.04746093749999991
3 0.115234375 0.62060546875 0.02773437499999999 0.031445312500000044
3 0.08964843750000001 0.63798828125 0.026562500000000003 0.03183593750000002
3 0.11015625 0.75458984375 0.04960937499999998 0.0537109375
3 0.12128906249999999 0.72802734375 0.022265624999999997 0.02402343749999991
3 0.14365234375 0.73388671875 0.02167968749999999 0.033007812499999956
3 0.20029296875 0.73359375 0.02714843750000001 0.03203125000000007
3 0.07529296875 0.75087890625 0.02285156249999999 0.023242187499999956
3 0.0576171875 0.77412109375 0.049999999999999996 0.04902343749999993
3 0.02802734375 0.7796875000000001 0.0287109375 0.03164062499999998
3 0.016015625 0.8101562499999999 0.03203125 0.04648437500000002
3 0.08896484375 0.84638671875 0.0623046875 0.05214843749999998
3 0.020703125 0.87529296875 0.040625 0.05058593750000007
3 0.34580078125 0.6192382812499999 0.04941406249999997 0.04941406250000002
3 0.3802734375 0.62919921875 0.03007812500000001 0.028710937499999978
3 0.38720703125 0.65400390625 0.024023437500000022 0.0263671875
3 0.30009765625 0.6396484375 0.05410156249999998 0.051953125000000044
3 0.315234375 0.6773437499999999 0.0234375 0.027734374999999978
3 0.34189453125 0.67060546875 0.02519531250000001 0.029492187499999933
3 0.36513671875 0.65732421875 0.02519531250000001 0.033398437500000044
3 0.29052734375 0.68212890625 0.0244140625 0.0302734375
3 0.26171875 0.65439453125 0.030859375000000022 0.031054687499999956
3 0.22900390625 0.6517578125 0.05058593749999998 0.04296875
3 0.23779296875 0.69326171875 0.030664062499999978 0.034960937499999956
3 0.267578125 0.6859375000000001 0.028124999999999956 0.03554687499999998
