3 0.8360645774398868 0.5374325937057991 0.03342689179632252 0.02900680693069302
3 0.6962793935643563 0.7549836456859971 0.049449699434229166 0.05414603960396047
3 0.849324832036775 0.6943456064356436 0.048344678217821735 0.05386978429985856
3 0.9225324876237624 0.6548410979490806 0.029559317538896734 0.03453191301272984
3 0.8370314710042432 0.8885530852192361 0.04862093352192365 0.05221225247524752
3 0.9703246552333804 0.8507061085572842 0.025139232673267342 0.026244253889674662
3 0.9846692118988685 0.8182419664957568 0.026755326202263174 0.0314848170084866
3 0.30206307461103254 0.8294344501414426 0.022929190240452646 0.03121684936350777
3 0.27056996994342286 0.8428328323903819 0.020719147807637894 0.029835572842998648
3 0.1492938914427157 0.8984982761669024 0.056079826732673255 0.05000221004243288
3 0.17222308168316833 0.955683124115983 0.056079826732673255 0.05000221004243288
