3 0.12480468750000001 0.2376953125 0.034375 0.03046874999999999
3 0.28632812500000004 0.24755859375 0.05546875000000001 0.05019531249999998
3 0.26572265625 0.19091796875 0.05839843750000001 0.04902343749999999
3 0.2439453125 0.13525390625 0.057031250000000006 0.05136718750000001
3 0.22265625 0.07431640625 0.056640625 0.0521484375
3 0.412890625 0.009179687499999999 0.023828124999999978 0.017578125
3 0.48896484375 0.0283203125 0.04824218749999998 0.0515625
3 0.33681640625 0.7890625 0.02558593749999999 0.032031249999999956
3 0.45048828125 0.87373046875 0.03261718749999998 0.029101562500000067
3 0.45791015625 0.9390625 0.0341796875 0.032031249999999956
3 0.52001953125 0.69677734375 0.0302734375 0.02597656249999991
3 0.54658203125 0.76201171875 0.027539062499999933 0.024804687499999978
3 0.59287109375 0.8517578125 0.043164062500000044 0.03984375000000007
3 0.43268952546296297 0.9910421489197532 0.02915219907407407 0.014009452160493763
