3 0.34169921875 0.03994140625 0.05488281249999999 0.05605468749999999
3 0.389453125 0.01982421875 0.029687499999999978 0.033398437499999996
3 0.27509765625000004 0.0654296875 0.02753906249999999 0.032031250000000004
3 0.21933593750000002 0.16572265625 0.032812499999999994 0.0322265625
3 0.2083984375 0.2345703125 0.03125 0.03242187500000002
3 0.16630859375 0.3095703125 0.029101562499999983 0.03359374999999998
3 0.07177734375 0.3228515625 0.031054687500000004 0.03632812499999999
3 0.10078125 0.33056640625 0.024999999999999994 0.029492187500000044
3 0.04462890625 0.30400390624999996 0.0263671875 0.02949218749999999
3 0.009353666431261794 0.4039106638418079 0.018707332862523587 0.03438382768361581
3 0.430078125 0.00830078125 0.02421875000000001 0.015429687499999999
