3 0.44453125000000004 0.45136718750000004 0.03242187499999999 0.03046874999999999
3 0.4580078125 0.48642578124999997 0.034375000000000044 0.028710937499999978
3 0.52509765625 0.4923828125 0.031054687500000067 0.029687499999999978
3 0.5400390625 0.530078125 0.03281249999999991 0.03281250000000002
3 0.4720703125 0.52275390625 0.03398437500000001 0.0302734375
3 0.48681640625 0.55634765625 0.031445312500000044 0.021289062500000067
3 0.49990234375 0.59091796875 0.0322265625 0.029101562499999956
3 0.51318359375 0.62646484375 0.03378906249999997 0.02792968749999991
3 0.52578125 0.65966796875 0.033203125 0.0283203125
3 0.55654296875 0.5728515625 0.031054687499999956 0.033203125
3 0.574609375 0.6166015625 0.032421875000000044 0.032421875000000044
3 0.5916015625 0.6611328125 0.028906250000000022 0.03125
3 0.38125 0.62353515625 0.03437499999999999 0.02988281249999991
3 0.10244140625 0.7113281250000001 0.027539062500000003 0.03164062499999998
3 0.1716796875 0.77158203125 0.025390625 0.0244140625
3 0.10390625 0.796875 0.02578124999999999 0.02890624999999991
3 0.039453125000000006 0.8091796874999999 0.04882812500000001 0.04531249999999998
3 0.61376953125 0.47919921875000004 0.033398437500000044 0.02949218749999999
3 0.62724609375 0.51435546875 0.03535156249999993 0.030664062499999978
3 0.6014648437500001 0.50419921875 0.03457031249999998 0.030664062499999978
3 0.6134765625 0.53935546875 0.03593750000000007 0.0302734375
3 0.6419921875000001 0.5479492187499999 0.03281250000000002 0.029882812500000022
3 0.65595703125 0.58212890625 0.0341796875 0.0322265625
3 0.6297851562500001 0.57451171875 0.03457031249999998 0.0283203125
3 0.65869140625 0.63740234375 0.06113281249999991 0.05292968749999993
