3 0.7392578125 0.82216796875 0.029296875 0.0341796875
3 0.70673828125 0.838671875 0.026757812499999978 0.029687499999999978
3 0.77548828125 0.8083984375 0.025585937500000044 0.03437499999999993
3 0.8664118762860082 0.7089763374485597 0.030140817901234573 0.028332368827160392
3 0.849533018261317 0.781615708590535 0.02813143004115226 0.03375771604938271
3 0.9212681648662552 0.751073013117284 0.03335583847736623 0.03616898148148151
3 0.9546240033436214 0.738916216563786 0.03456147119341568 0.040388695987654266
3 0.9880903581532923 0.7258049607767489 0.01991303369341557 0.036671328446502005
3 0.5004018775720165 0.9116231031378601 0.03154738940329227 0.03858024691358031
3 0.5413933899176955 0.9608531057098766 0.04038869598765438 0.030542695473251058
