3 0.63505859375 0.36083984375 0.029492187499999933 0.030664062499999978
3 0.58984375 0.5181640625 0.052734375 0.05429687499999997
3 0.650390625 0.4951171875 0.030468750000000044 0.03671874999999997
3 0.7622479549368542 0.31589946900114807 0.02758144374282434 0.020630022962112526
3 0.9182064437428243 0.2555790757749713 0.024666331802525865 0.021975459242250278
3 0.5513671875 0.60341796875 0.055468749999999956 0.049023437500000044
3 0.39990234375 0.66240234375 0.052539062499999956 0.05097656249999993
3 0.3921875 0.72490234375 0.05546875000000001 0.05292968749999993
3 0.53486328125 0.7939453125 0.0517578125 0.048046875000000044
3 0.5333007812499999 0.72890625 0.03574218750000002 0.030468750000000044
3 0.5244140625 0.919140625 0.053515624999999956 0.05039062500000002
3 0.52177734375 0.9830078125 0.026757812499999978 0.030078124999999956
3 0.55712890625 0.9892578125 0.0224609375 0.017578125
3 0.488671875 0.98212890625 0.03437499999999999 0.03183593750000002
3 0.4486328125 0.88720703125 0.03164062500000003 0.0361328125
3 0.30693359374999996 0.707421875 0.06464843749999999 0.057421874999999956
3 0.29990234375 0.76953125 0.06699218749999997 0.055859375000000044
3 0.29873046875 0.83408203125 0.05722656249999997 0.050976562500000044
3 0.26474609375 0.95830078125 0.032617187500000006 0.04042968749999998
3 0.30439453125 0.96142578125 0.0380859375 0.0419921875
3 0.346875 0.9657226562500001 0.03515625 0.04238281249999998
3 0.02529296875 0.7099609375 0.0294921875 0.03867187499999991
3 0.09658203125 0.6820312500000001 0.0322265625 0.03945312499999998
3 0.1326171875 0.67236328125 0.028124999999999983 0.0322265625
3 0.0650390625 0.8109375000000001 0.028124999999999997 0.03476562500000002
