3 0.19990234375 0.28095703125 0.0244140625 0.0263671875
3 0.19384765625 0.333203125 0.02558593749999999 0.025781249999999978
3 0.2453125 0.2283203125 0.03359374999999998 0.037109375
3 0.29365234375000004 0.23046875 0.03105468750000001 0.0390625
3 0.303125 0.14560546875000002 0.02734375 0.038476562500000006
3 0.30010538856304986 0.10135630498533726 0.029783724340175954 0.031502016129032265
3 0.3397692906891495 0.1477501832844575 0.02606075879765396 0.032074780058651
3 0.37456469941348974 0.15204591275659826 0.027492668621700855 0.03608412756598239
3 0.3686938691348974 0.2362422104105572 0.028924578445747806 0.040666239002932564
3 0.4414348881964809 0.24225623167155425 0.02892457844574775 0.040666239002932536
3 0.4800964534457478 0.0665608962609971 0.034079453812316696 0.0398070931085044
3 0.5151782441348973 0.06999747983870969 0.03207478005865105 0.03866156524926685
3 0.37585341825513197 0.067992806085044 0.034079453812316696 0.031788398093841645
3 0.34420821114369504 0.025751466275659846 0.029210960410557207 0.032647543988269793
3 0.3081240835777126 0.02131254582111439 0.026347140762463306 0.03121563416422287
