3 0.6903387034161491 0.5181968167701864 0.04245923913043481 0.03784937888198758
3 0.6985879270186336 0.5638101708074534 0.0463412267080745 0.04027562111801242
3 0.5637140360858257 0.5085998455786735 0.04292303315994794 0.03936727893368008
3 0.46808964564369304 0.4826936362158647 0.06552747074122228 0.06527348829648888
3 0.4722803559817945 0.5445383615084525 0.04343099804941486 0.038605331599479875
3 0.4774869960988296 0.5891122805591678 0.04114515604681407 0.037843384265279556
3 0.71669921875 0.70478515625 0.041210937500000044 0.03769531250000002
3 0.83115234375 0.67109375 0.0673828125 0.06406250000000002
3 0.82080078125 0.6001953125 0.0654296875 0.06523437499999996
3 0.1935546875 0.424609375 0.0640625 0.068359375
3 0.126171875 0.44599609375 0.039062499999999986 0.04550781250000002
3 0.0830078125 0.4513671875 0.037109375 0.04648437500000002
3 0.23974609375 0.60693359375 0.07011718749999998 0.07871093749999991
3 0.3158203125 0.5848632812500001 0.05585937499999999 0.05722656250000002
3 0.33125000000000004 0.6453125 0.06367187499999999 0.05703124999999998
3 0.19150390625 0.84189453125 0.0654296875 0.0693359375
3 0.1208984375 0.8160156249999999 0.06796875 0.06874999999999998
3 0.31435546875 0.97265625 0.03769531249999997 0.03945312500000009
3 0.13623046875 0.98662109375 0.0400390625 0.022851562499999978
