3 0.3546875 0.20712890625000002 0.03749999999999998 0.040429687500000006
3 0.30439453125 0.05498046875 0.03183593750000002 0.0365234375
3 0.14990234375 0.073828125 0.0380859375 0.04257812500000001
3 0.1072265625 0.24228515625000002 0.058203124999999994 0.05761718750000003
3 0.2150390625 0.21923828125 0.036718749999999994 0.03691406250000001
3 0.2568359375 0.2091796875 0.037109375 0.0390625
3 0.27509765625000004 0.3150390625 0.03925781249999999 0.04257812499999997
3 0.23037109375 0.32080078125 0.04082031250000001 0.04238281249999998
3 0.18876953125 0.32451171874999996 0.036523437500000006 0.03886718750000001
3 0.1365234375 0.33935546875 0.036718749999999994 0.0400390625
3 0.10175781249999999 0.36142578125 0.03828125 0.04472656250000001
3 0.024316406250000002 0.3611328125 0.0474609375 0.05507812499999998
3 0.31552734375 0.30078125 0.03964843749999997 0.04140624999999998
3 0.37021484375 0.31337890625 0.0576171875 0.0595703125
3 0.37646484375 0.51416015625 0.03652343749999998 0.04433593750000003
3 0.29140625 0.52529296875 0.03632812499999999 0.038867187499999956
3 0.238671875 0.50869140625 0.03593750000000001 0.03730468749999999
3 0.38466796875 0.6429687500000001 0.03886718750000001 0.04531249999999998
3 0.42783203125 0.6263671875000001 0.03847656250000003 0.03867187500000002
3 0.30458984375 0.662890625 0.03886718750000001 0.04023437499999993
3 0.0734375 0.5826171875 0.017578125 0.018750000000000044
