2 0.48736857476635514 0.14602803738317754 0.013385903426791246 0.030422507788161995
2 0.561143156152648 0.13827029789719625 0.013081678348909609 0.03194363317757008
2 0.6712726343457944 0.13340269665109034 0.015515478971962593 0.030118282710280372
2 0.6750754478193146 0.04669854945482866 0.01764505451713394 0.04107038551401869
2 0.5637290693146417 0.04396052375389408 0.01581970404984423 0.0319436331775701
2 0.7710584598909658 0.021295755451713395 0.01673237928348914 0.04137461059190031
2 0.7870302764797508 0.13355480919003115 0.01764505451713394 0.03529010903426792
2 0.8892578125 0.06552734375 0.012499999999999956 0.02988281250000001
2 0.9022460937500001 0.1923828125 0.018164062500000022 0.04453125000000002
2 0.9076171875 0.28994140625 0.016796875000000044 0.03261718750000003
2 0.99208984375 0.17685546875 0.011914062500000044 0.04472656250000001
2 0.20087890625 0.0759765625 0.016210937499999994 0.0390625
2 0.26435546875 0.02841796875 0.015039062499999978 0.0302734375
2 0.34208984375 0.031640625 0.0166015625 0.0390625
2 0.34033203125 0.11796875 0.014257812500000022 0.041406250000000006
2 0.3544921875 0.19150390625000002 0.017578125 0.036523437500000006
2 0.28984374999999996 0.165234375 0.014453125000000011 0.033593750000000006
2 0.41494140625 0.042089843749999994 0.016992187500000033 0.0365234375
2 0.036042705735660846 0.07123305018703242 0.018995480049875314 0.026544965710723185
2 0.012176589775561098 0.1388131234413965 0.020456670822942644 0.01704722568578554
2 0.17899586970074816 0.6280685006234414 0.014611907730673307 0.03750389650872821
2 0.19945254052369077 0.637931538341646 0.018021352867830437 0.053820526807979996
2 0.1995743064214464 0.5682814448254364 0.016803693890274335 0.03774742830423938
2 0.21820448877805487 0.5676726153366585 0.014611907730673335 0.03945215087281795
2 0.23817409600997508 0.5649937655860349 0.019482543640897743 0.04529691396508728
2 0.239757052680798 0.6287990960099751 0.016316630299251872 0.04383572319201989
2 0.22003097724438903 0.62478082138404 0.015342503117207001 0.038234491895261846
2 0.18033529457605985 0.5708385286783043 0.014855439526184538 0.03652976932668328
2 0.14027431421446385 0.5670637858478804 0.013150716957606001 0.03920861907730677
2 0.15707800810473815 0.6357397521820449 0.01948254364089777 0.058691162718204515
2 0.1396654847256858 0.6323303070448878 0.016803693890274307 0.04261806421446379
2 0.1198176433915212 0.6302602867830425 0.01704722568578554 0.04188746882793015
2 0.12127883416458854 0.5637761066084788 0.019969607231920206 0.047245168329177134
2 0.1008221633416459 0.5651155314837906 0.01656016209476309 0.04554044576059857
2 0.08133961970074813 0.5694991038029926 0.016073098503740654 0.03920861907730677
2 0.10143099283042395 0.6238066942019951 0.015342503117206988 0.034825046758104716
2 0.25911783042394015 0.6354962203865338 0.020943734413965104 0.04943695448877805
2 0.27993979894014964 0.6286773301122195 0.01826488466334164 0.04554044576059857
2 0.2608225529925187 0.5704732309850374 0.015098971321695798 0.04115687344139651
2 0.27786977867830426 0.562801979426434 0.018021352867830465 0.04821929551122195
2 0.300152937967581 0.5685249766209477 0.01388131234413964 0.0426180642144639
2 0.3185395885286783 0.5648719996882794 0.016560162094763076 0.047001636533665736
2 0.3405792160224439 0.5668202540523691 0.01729075748129677 0.04359219139650872
2 0.3589658665835412 0.5662114245635911 0.014611907730673335 0.04091334164588534
2 0.3581135052992519 0.6266073098503742 0.0163166302992519 0.04188746882793015
2 0.33911802524937656 0.6311126480673317 0.0163166302992519 0.04602750935162092
2 0.3181742908354115 0.6290426278054864 0.019239011845386567 0.045783977556109634
2 0.29869174719451375 0.6324520729426435 0.016316630299251844 0.04188746882793015
2 0.08036549251870324 0.6302602867830425 0.015586034912718205 0.038965087281795485
2 0.040548043952618455 0.556226620947631 0.014855439526184538 0.05649937655860349
2 0.0049924018079800505 0.5749785692019951 0.009984803615960101 0.033607387780548614
2 0.0221613933915212 0.5676726153366584 0.01704722568578554 0.04091334164588534
2 0.02496200903990025 0.6294079254987531 0.0143683759351621 0.03190266521197005
2 0.04225276652119701 0.6256331826683292 0.01582956670822943 0.037016832917705744
2 0.061370012468827936 0.6263637780548629 0.014124844139650879 0.03652976932668328
2 0.008401846945137159 0.7150093516209477 0.015342503117206984 0.03652976932668328
2 0.013516014650872819 0.8678255533042394 0.015342503117206984 0.03190266521197016
2 0.03165913341645886 0.8719655938279303 0.016560162094763096 0.0401827462593517
2 0.048828125 0.8701391053615961 0.016803693890274314 0.037016832917705744
2 0.06794537094763092 0.86892144638404 0.01461190773067332 0.035555642144638466
2 0.08767144638403991 0.8740356140897756 0.015586034912718205 0.04480985037406482
2 0.10289218360349128 0.8700173394638404 0.015342503117206988 0.03872155548628431
2 0.12395768391521197 0.8722091256234414 0.017534289276807988 0.0499240180798004
2 0.5569572163341646 0.8029243298004988 0.06818890274314215 0.023379052369077336
2 0.4421319747506235 0.8090126246882794 0.06356179862842898 0.019969607231920206
2 0.3778395807356609 0.8105955813591024 0.057229971945137126 0.016803693890274363
2 0.4270330034289277 0.8642943422693268 0.020213139027431437 0.04529691396508728
2 0.4493161627182045 0.8707479348503742 0.02240492518703241 0.05576878117206985
2 0.47513053304239405 0.8625896197007481 0.01704722568578554 0.040913341645885226
2 0.49510014027431426 0.8647814058603491 0.017047225685785483 0.043835723192020004
2 0.40474984413965087 0.8649031717581048 0.01704722568578554 0.039695682668329124
2 0.3853890663965087 0.86892144638404 0.016803693890274307 0.043835723192020004
2 0.3645670978802993 0.8633202150872819 0.015098971321695742 0.04334865960099754
2 0.3431362998753117 0.8722091256234414 0.018508416458852872 0.05576878117206974
2 0.32438435162094764 0.868312616895262 0.01704722568578554 0.057229971945137126
2 0.30222295822942646 0.8753750389650874 0.019482543640897743 0.05430759039900257
2 0.15805213528678305 0.865146703553616 0.016560162094763076 0.032876792394014975
2 0.14015254831670826 0.871722062032419 0.016316630299251872 0.04359219139650872
2 0.17716938123441398 0.8698955735660848 0.01923901184538651 0.049193422693266875
2 0.20054843360349128 0.8722091256234414 0.015829566708229437 0.0474887001246882
2 0.2193003818578554 0.8656337671446385 0.017290757481296742 0.04261806421446379
2 0.2395135208852868 0.8716002961346634 0.016803693890274307 0.04529691396508739
2 0.2607007870947631 0.8734267846009975 0.0207002026184539 0.051872272443890255
2 0.4780529145885287 0.5657243609725686 0.018508416458852872 0.0462710411471321
2 0.49753545822942646 0.5646284678927682 0.015098971321695798 0.046514572942643384
2 0.5166527041770574 0.571569124064838 0.016803693890274363 0.03750389650872821
2 0.516774470074813 0.62977322319202 0.015098971321695798 0.03993921446384041
2 0.5360134819201996 0.6318432434538653 0.018021352867830465 0.04700163653366585
2 0.5561048550498753 0.6431674719451372 0.022161393391521123 0.06185707605985036
2 0.45747447786783046 0.568403210723192 0.017777821072319233 0.03945215087281795
2 0.4370178070448878 0.5670637858478803 0.016803693890274307 0.045053382169575995
2 0.4172917316084788 0.5658461268703242 0.017290757481296715 0.03920861907730666
2 0.3970785925810474 0.567794381234414 0.01729075748129677 0.0426180642144639
2 0.37881370791770574 0.5615843204488778 0.015829566708229437 0.04334865960099754
2 0.3979309538653367 0.6335479660224439 0.020943734413965076 0.05089814526184544
2 0.3779613466334165 0.6352526885910225 0.020456670822942613 0.04261806421446379
2 0.41887468827930174 0.6284337983167083 0.01656016209476313 0.03726036471321692
2 0.4381137001246883 0.6339132637157108 0.02045667082294267 0.05552524937655856
2 0.4589356686408978 0.6305038185785536 0.015342503117206974 0.04188746882793026
2 0.47768761689526185 0.6362268157730673 0.0207002026184539 0.05576878117206985
2 0.4981442877182045 0.6352526885910225 0.017777821072319178 0.05333346321695753
2 0.6888296836034913 0.5645067019950125 0.01972607543640903 0.05065461346633415
2 0.6635023768703242 0.566211424563591 0.0163166302992519 0.047732231920199486
2 0.6428021742518704 0.5615843204488778 0.013394248753117122 0.05503818578553621
2 0.6200319513715711 0.5664549563591023 0.01899548004987528 0.04821929551122195
2 0.5981140897755611 0.5660896586658355 0.019969607231920206 0.051872272443890366
2 0.5791186097256859 0.5703514650872819 0.014124844139650872 0.038965087281795485
2 0.5587837048004988 0.568403210723192 0.017290757481296826 0.04188746882793015
2 0.5366223114089776 0.5641414043017456 0.01631663029925179 0.04748870012468831
2 0.5973834943890275 0.6262420121571073 0.01899548004987528 0.03872155548628431
2 0.5782662484413965 0.6320867752493766 0.018751948254364104 0.04407925498753118
2 0.6185707605985038 0.6300167549875312 0.019482543640897743 0.04724516832917702
2 0.6409756857855362 0.6398797927057357 0.02240492518703241 0.05625584476309231
2 0.664476504052369 0.6326956047381547 0.01826488466334164 0.05065461346633415
2 0.6884643859102244 0.6370791770573566 0.021430798004987595 0.05503818578553621
