2 0.4959942980905233 0.19487601661951912 0.03397940240452613 0.06823506011315417
2 0.525691743281471 0.1905940594059406 0.03922825318246115 0.08177157001414428
2 0.5542841672560113 0.181339506718529 0.03563693422913716 0.07044510254596889
2 0.582324080622348 0.16407355021216408 0.033703147100424324 0.06519625176803392
2 0.6134028023338047 0.16227789073550214 0.03729446605374831 0.06878757072135783
2 0.6425477369165488 0.15150393387553043 0.033703147100424324 0.06823506011315418
2 0.6042863772984441 0.09224717114568601 0.07265514497878367 0.03757072135785007
2 0.5346700406647807 0.0501182372701556 0.05828986916548806 0.03342689179632249
2 0.46767812942008485 0.06821295968882604 0.059671145685997184 0.03204561527581329
2 0.457180427864215 0.1463932107496464 0.04696340169731261 0.024310466760961796
2 0.5179565947666195 0.12263525459688829 0.05414603960396036 0.0320456152758133
2 0.39267481435643564 0.08948461810466762 0.05386978429985856 0.02431046676096181
2 0.39474672913719944 0.060063428217821804 0.05304101838755304 0.029006806930693074
2 0.4559372789957567 0.04265934405940596 0.04779216760961813 0.020719147807637908
2 0.5201666371994342 0.021802068599717134 0.053593528995756756 0.0270730198019802
2 0.5414709286492375 0.6352975217864925 0.09403935185185186 0.22552423747276695
2 0.564661628540305 0.7912496595860568 0.040849673202614345 0.08467796840958608
2 0.5167909177559913 0.9359255855119826 0.038722086056644844 0.0625510620915033
2 0.5616830065359477 0.9495421432461874 0.04340277777777779 0.0625510620915033
2 0.64104200708061 0.9708180147058824 0.030211737472766953 0.05404071350762529
2 0.7695482706971677 0.8399714052287582 0.014893110021786504 0.027233115468409563
2 0.7863562091503268 0.7784841367102397 0.02978622004357301 0.08042279411764708
2 0.8689065904139435 0.8484817538126361 0.030637254901960786 0.05361519607843135
2 0.8906079793028323 0.8740127995642701 0.017020697167756005 0.02978622004357301
2 0.9057138480392157 0.8774169389978214 0.02085035403050106 0.03999863834422657
2 0.9246493736383442 0.8810338371459696 0.017020697167756005 0.037871051198257066
2 0.8420989923747277 0.9191176470588236 0.017020697167756005 0.030637254901960786
2 0.8555027913943355 0.9206069580610022 0.019999319172113283 0.03446691176470584
2 0.8689065904139434 0.9282662717864925 0.01957380174291945 0.03616898148148151
2 0.883374183006536 0.9323086873638344 0.022126906318082784 0.035743464052287566
2 0.9359255855119826 0.9461380038126361 0.014042075163398726 0.025956563180827952
2 0.9499676606753813 0.9567759395424837 0.01744621459694984 0.03616898148148151
2 0.9803921568627452 0.9695414624183007 0.017020697167756005 0.033615876906318065
2 0.9926236553649237 0.9807027845860566 0.010846439270152497 0.031718069172113283
2 0.9401807598039216 0.8880548747276689 0.01744621459694984 0.03914760348583879
2 0.9546483523965141 0.8952886710239651 0.01659517973856206 0.036594498910675344
2 0.9727328431372548 0.904650054466231 0.017871732026143783 0.03319035947712423
2 0.989328022875817 0.9061393654684096 0.017020697167756005 0.03957312091503262
2 0.8503965822440087 0.6057240604575163 0.027658632897603508 0.05063657407407407
2 0.8825231481481481 0.6025326797385622 0.01872276688453156 0.03574346405228768
2 0.9101817810457516 0.619978894335512 0.015318627450980449 0.027233115468409563
2 0.9272024782135077 0.6208299291938998 0.01872276688453156 0.035743464052287566
2 0.8967779820261439 0.6801896105664488 0.019148284313725505 0.04127519063180829
2 0.8765659041394336 0.679338575708061 0.02382897603485845 0.05148760893246185
2 0.8182700163398693 0.6857213371459695 0.031488289760348565 0.05233864379084974
2 0.883161424291939 0.5193440223311547 0.027658632897603508 0.05744485294117646
2 0.9155007489106755 0.4255174291938998 0.028509667755991286 0.05957244008714596
2 0.9429466230936819 0.44424019607843135 0.021275871459695006 0.04595588235294118
2 0.9580524918300654 0.6338082107843137 0.018297249455337727 0.03531794662309362
2 0.9763497412854031 0.6384889025054467 0.02170138888888884 0.0404241557734204
2 0.9896450333605664 0.6479332618464053 0.016803683278867054 0.041960273692810524
2 0.9497549019607843 0.7029547930283224 0.015318627450980338 0.03914760348583879
2 0.9672011165577342 0.7074227260348585 0.01957380174291945 0.04127519063180829
2 0.9831580201525054 0.7150820397603486 0.019148284313725505 0.037871051198257066
2 0.9823069852941178 0.38019982298474947 0.01659517973856206 0.04127519063180829
2 0.9921981379357299 0.3904718137254902 0.011697474128540275 0.030943627450980393
2 0.9793283632897605 0.2585018382352941 0.027658632897603508 0.06340209694989105
2 0.246374591503268 0.09786900871459694 0.09276279956427019 0.039147603485838775
2 0.327010144335512 0.07638037854030502 0.05744485294117646 0.0242544934640523
2 0.44317640250544665 0.23616217320261437 0.025956563180827896 0.05531726579520696
2 0.4659415849673203 0.20871629901960786 0.030637254901960786 0.06170002723311549
2 0.4057308687363834 0.1953125 0.04808346949891068 0.024680010893246174
2 0.420411220043573 0.2399918300653595 0.028935185185185175 0.0527641612200436
2 0.3833912037037037 0.2527573529411765 0.026382080610021785 0.0493600217864924
2 0.3427542892156863 0.21424802559912853 0.060848992374727684 0.03276484204793026
2 0.36339188453159044 0.2557359749455338 0.022126906318082784 0.04340277777777779
2 0.27679908769063183 0.23509837962962965 0.058295887799564294 0.028509667755991286
2 0.19552525871459697 0.15893075980392157 0.0182972494553377 0.040424155773420456
2 0.25531045751633985 0.14254833877995643 0.017020697167755977 0.03489242919389979
2 0.271692878540305 0.13510178376906318 0.01914828431372545 0.03361587690631809
2 0.29233047385620914 0.13169764433551198 0.02127587145969495 0.03531794662309368
2 0.31062772331154687 0.12595315904139434 0.019573801742919394 0.03744553376906318
2 0.331265318627451 0.11999591503267976 0.019999319172113283 0.03319035947712419
2 0.35190291394335516 0.12084694989106755 0.02127587145969495 0.03829656862745098
2 0.17744076797385622 0.16446248638344227 0.023828976034858396 0.04638139978213507
2 0.23552389705882354 0.1495693763616558 0.019999319172113283 0.04297726034858387
2 0.15935627723311546 0.12467660675381265 0.052338643790849654 0.028084150326797397
2 0.08701831427015251 0.14361213235294118 0.05914692265795207 0.031062772331154676
2 0.15212248093681918 0.17276007625272333 0.022552423747276673 0.04340277777777776
2 0.2033973311546841 0.25722528594771243 0.05957244008714599 0.031062772331154648
2 0.1138259123093682 0.18127042483660133 0.018297249455337686 0.03829656862745098
2 0.024254493464052288 0.16424972766884532 0.04765795206971677 0.033190359477124176
2 0.025743804466230938 0.20743974673202614 0.01659517973856209 0.03361587690631809
2 0.05063657407407407 0.20041870915032678 0.02212690631808279 0.045104847494553374
2 0.06935934095860566 0.19169560185185186 0.016169662309368185 0.033615876906318065
2 0.0925500408496732 0.19254663671023967 0.02340345860566448 0.04382829520697168
2 0.006382761437908497 0.21382250816993464 0.011063453159041396 0.04553036492374729
2 0.13935695806100218 0.2778628812636166 0.05063657407407407 0.026382080610021785
2 0.26360804738562094 0.29190495642701525 0.02936070261437909 0.05276416122004357
2 0.28530943627450983 0.2812670206971678 0.024254493464052285 0.04255174291938996
2 0.30254289215686275 0.27850115740740744 0.02468001089324623 0.0472324346405229
2 0.4029650054466231 0.3680725762527233 0.07404003267973858 0.03489242919389979
2 0.4101988017429194 0.40062465958605664 0.06978485838779958 0.03702001633986929
2 0.3755191312636166 0.4691329656862745 0.033615876906318065 0.05404071350762524
2 0.352541190087146 0.4827495234204793 0.02936070261437912 0.05233864379084968
2 0.32637186819172115 0.49423849400871467 0.026382080610021785 0.051487608932461904
2 0.32658462690631807 0.4127519063180828 0.02850966775599134 0.04595588235294118
2 0.3542432598039216 0.40062465958605664 0.023403458605664507 0.05063657407407407
2 0.3040322031590414 0.41573052832244006 0.028509667755991286 0.05531726579520696
2 0.2821180555555556 0.4208367374727669 0.030637254901960786 0.05276416122004357
2 0.2606294253812636 0.4293470860566449 0.028509667755991258 0.051062091503268014
2 0.2263752723311547 0.30041530501089325 0.026382080610021785 0.045104847494553346
2 0.20020595043572986 0.3076491013071896 0.024254493464052285 0.04680691721132896
2 0.17722800925925927 0.3144573801742919 0.024254493464052285 0.048508986928104625
2 0.15744144880174293 0.3187125544662309 0.02297794117647059 0.047657952069716736
2 0.1389314406318083 0.3299887663398693 0.02340345860566448 0.048934504357298514
2 0.11637901688453159 0.3314780773420479 0.026807598039215674 0.04765795206971679
2 0.09829452614379086 0.33807359749455335 0.028084150326797383 0.051487608932461904
2 0.07999727668845316 0.2963728894335512 0.049360021786492375 0.029360702614379064
2 0.021701388888888888 0.31381910403050106 0.043402777777777776 0.02936070261437912
2 0.04638139978213508 0.3459456699346405 0.02212690631808279 0.03744553376906318
2 0.07212520424836602 0.3416904956427015 0.023403458605664486 0.04595588235294118
2 0.031062772331154686 0.35232843137254904 0.02212690631808279 0.03489242919389979
2 0.2102056100217865 0.5384923066448802 0.03829656862745098 0.08552900326797391
2 0.23807700163398693 0.5212588507625273 0.025105528322440063 0.0689338235294118
2 0.22063078703703703 0.44849537037037035 0.025956563180827896 0.0493600217864924
2 0.1948869825708061 0.45062295751633985 0.02553104575163398 0.05531726579520696
2 0.17871732026143794 0.462962962962963 0.02297794117647059 0.0451048474945534
2 0.15573937908496732 0.4682819308278867 0.025531045751634007 0.04553036492374729
2 0.1214852260348584 0.47828159041394336 0.03957312091503268 0.05191312636165585
2 0.15956903594771243 0.5455133442265795 0.026382080610021785 0.04850898692810457
2 0.2980749591503268 0.7731651688453159 0.01404207516339867 0.027233115468409563
2 0.03829656862745098 0.6944444444444444 0.01616966230936819 0.025531045751633896
2 0.06957209967320262 0.6755089188453158 0.03787105119825709 0.014893110021786504
2 0.029786220043572988 0.662530637254902 0.03829656862745098 0.017871732026143783
2 0.024680010893246188 0.6516799428104575 0.024680010893246188 0.015744144880174282
2 0.014680351307189542 0.700827205882353 0.01914828431372549 0.02893518518518523
2 0.06744451252723312 0.4955150462962963 0.029360702614379085 0.046381399782135124
2 0.0912734885620915 0.48828125 0.0242544934640523 0.0489345043572984
2 0.13063385076252723 0.5401943763616558 0.023828976034858382 0.043828295206971735
2 0.1057410811546841 0.5508323120915033 0.028509667755991286 0.0489345043572984
2 0.08744383169934641 0.5542364515250544 0.019999319172113297 0.04042415577342051
2 0.026382080610021785 0.5738102532679739 0.01872276688453159 0.03616898148148151
2 0.02340345860566449 0.5114719498910676 0.025531045751633986 0.04255174291939001
2 0.04808346949891068 0.5016850490196079 0.022977941176470583 0.04255174291939001
