2 0.4189960818042814 0.7245078363914372 0.01612672018348621 0.03225344036697242
2 0.41899608180428133 0.876815749235474 0.014932148318042793 0.03225344036697253
2 0.5384532683486238 0.6943448967889909 0.01373757645259932 0.03165615443425074
2 0.8364989487767585 0.8242545871559632 0.029267010703363905 0.035837155963302725
2 0.19580831903945112 0.6998351736706689 0.05594714837049744 0.02948113207547176
2 0.19095063250428818 0.7457319361063465 0.05427208404802744 0.019430746140651767
2 0.1788901693825043 0.8226173885077186 0.07370283018867926 0.021775836192109765
2 0.04002733704974272 0.8227848949399656 0.06264740566037735 0.020100771869639766
2 0.03399710548885078 0.7966538915094339 0.04053655660377358 0.01608061749571188
2 0.038519779159519735 0.7743755360205832 0.05762221269296741 0.020435784734133877
2 0.0318195218696398 0.7313263829331047 0.03685141509433962 0.01474056603773588
2 0.029474431818181823 0.6571210334476844 0.03685141509433962 0.01641563036020588
2 0.03667720840480275 0.6817444789879932 0.050586942538593485 0.019430746140651878
2 0.032992066895368787 0.7036878216123499 0.04053655660377359 0.012395475986277882
2 0.029976951114922816 0.6373552744425386 0.03718642795883362 0.013065501715265881
2 0.03466713121783877 0.6115592838765008 0.04321665951972556 0.01440555317324188
2 0.035002144082332765 0.592296044168096 0.03785645368782162 0.01407054030874788
2 0.024117576114922816 0.5354142099056604 0.04823515222984563 0.02292158018867929
