2 0.39580078125 0.07607421875 0.027929687500000022 0.0626953125
2 0.4447265625 0.104296875 0.03593750000000001 0.07265625
2 0.373828125 0.0705078125 0.025390625 0.06757812499999999
2 0.351953125 0.063671875 0.02851562499999999 0.06640625
2 0.3682200748129676 0.2772609491895262 0.03117206982543641 0.06745830735660852
2 0.3284026262468828 0.31878312032418954 0.021187266209476308 0.045783977556109745
2 0.3106248051745636 0.3150083774937656 0.023135520573566104 0.04894989089775559
2 0.33095971009975067 0.23902645729426436 0.023866115960099743 0.05430759039900249
2 0.3512946150249377 0.2509595152743142 0.02703202930174564 0.04407925498753115
2 0.24316649781795513 0.022283159289276808 0.028493220074812947 0.04359219139650873
2 0.22015274314214464 0.01729075748129676 0.023866115960099743 0.03409445137157107
2 0.19945254052369077 0.015220737219451372 0.02484024314214464 0.0299544108478803
2 0.20809791926433915 0.20213139027431423 0.025570838528678308 0.04529691396508728
2 0.246332411159601 0.20858498285536162 0.028006156483790512 0.04943695448877805
2 0.28590632793017456 0.2239274859725686 0.024353179551122206 0.049924018079800514
2 0.308920082605985 0.23549524625935164 0.025570838528678308 0.047732231920199514
2 0.18776301433915213 0.19360777743142144 0.028736751870324206 0.04724516832917705
2 0.1673063435162095 0.1884936097256858 0.021917861596009974 0.04383572319201995
2 0.15232913809226933 0.18216178304239403 0.01290718516209477 0.050167549875311745
2 0.15269443578553615 0.2561954488778055 0.013637780548628436 0.05114167705735659
2 0.18447533509975061 0.2673979114713217 0.02021313902743141 0.04578397755610972
2 0.20432317643391523 0.27458209943890277 0.025327306733167076 0.050898145261845384
2 0.2236839541770574 0.28237511689526185 0.02459671134663341 0.04602750935162098
2 0.26788497506234416 0.2979611518079801 0.021430798004987484 0.04602750935162098
2 0.2961346633416459 0.5224974672693267 0.03604270573566082 0.06210060785536159
2 0.47768761689526185 0.5753438668952618 0.04018274625935164 0.06015235349127179
2 0.2839580735660848 0.49607426745635913 0.019969607231920206 0.04188746882793015
2 0.2661802524937656 0.48718535692019954 0.021917861596009947 0.03920861907730677
2 0.24913302680798005 0.48596769794264344 0.018021352867830437 0.03238972880299251
2 0.23379052369077308 0.47659172381546133 0.022891988778054873 0.03750389650872815
2 0.21552563902743144 0.4697728335411472 0.02240492518703241 0.03409445137157102
2 0.15573858322942646 0.5200621493142145 0.01923901184538654 0.045540445760598514
2 0.17254227711970077 0.5278551667705735 0.02362258416458854 0.04748870012468831
2 0.1939730751246883 0.5322387390897756 0.025083774937655873 0.048462827306733125
2 0.21321208697007482 0.54405003117207 0.024596711346633438 0.05698644014962595
2 0.2328163965087282 0.5593925342892769 0.027762624688279308 0.059421758104738154
2 0.2569260442643392 0.5586619389027432 0.02484024314214464 0.047732231920199486
2 0.13576897599750623 0.512999727244389 0.02313552057356609 0.05041108167082292
2 0.11689526184538654 0.5072767300498753 0.02337905236907732 0.04529691396508728
2 0.10350101309226933 0.49643956514962595 0.018995480049875307 0.03774742830423938
2 0.08596672381546136 0.4910818656483791 0.021430798004987525 0.04359219139650872
2 0.11263345542394015 0.4272765352244389 0.019726075436408974 0.04213100062344144
2 0.09729095230673317 0.42398885598503744 0.017777821072319205 0.04091334164588528
2 0.08012196072319203 0.416926433915212 0.02094373441396509 0.040426278054862874
2 0.06283120324189526 0.41242109569825436 0.019482543640897756 0.03969568266832918
2 0.014368375935162096 0.39354738154613467 0.022891988778054866 0.04188746882793021
2 0.016316630299251872 0.46283217736907734 0.019482543640897756 0.04261806421446385
2 0.04712340243142145 0.48511533665835416 0.022161393391521192 0.04286159600997502
2 0.06697124376558604 0.48414120947630923 0.019969607231920206 0.042374532418952615
2 0.012298355673316708 0.6493775327306733 0.0221613933915212 0.04261806421446379
2 0.024231413653366583 0.6625282496882794 0.02264845698254364 0.034337983167082364
2 0.0454186798628429 0.6628935473815462 0.027032029301745635 0.04140040523690769
2 0.057473503740648385 0.6759224984413965 0.020456670822942648 0.02995441084788031
2 0.07634721789276808 0.6815237297381547 0.022161393391521192 0.032876792394014975
2 0.11677349594763092 0.6884643859102244 0.03141560162094763 0.049193422693266764
2 0.13394248753117208 0.6985709554239401 0.02630143391521196 0.041643937032418976
2 0.14989382013715713 0.7057551433915212 0.027519092892768077 0.045783977556109745
2 0.16998519326683292 0.7125740336658355 0.029223815461346614 0.043835723192020004
2 0.18508416458852867 0.7207323488154613 0.023379052369077308 0.0387215554862842
2 0.2052973036159601 0.7365619155236909 0.031659133416458846 0.057229971945137126
2 0.008036549251870325 0.7172011377805487 0.014611907730673317 0.03604270573566082
2 0.019239011845386535 0.7285253662718205 0.018508416458852865 0.03726036471321692
2 0.03616447163341646 0.7327871726932669 0.019726075436408978 0.03799096009975056
2 0.05394229270573567 0.7396060629675811 0.017777821072319205 0.04188746882793015
2 0.07074598659600997 0.7469120168329177 0.019726075436408974 0.03847802369077313
2 0.08998499844139651 0.7577491817331672 0.02362258416458854 0.04456631857855353
2 0.10934577618453867 0.763106881234414 0.020456670822942655 0.03920861907730677
2 0.12578417238154616 0.7693169420199502 0.022161393391521206 0.038965087281795485
2 0.14356199345386533 0.7794235115336658 0.02459671134663341 0.04554044576059846
2 0.16219217581047385 0.782832956670823 0.02484024314214464 0.04359219139650872
2 0.051872272443890276 0.9296826293640899 0.02727556109725686 0.04943695448877805
2 0.033729153678304244 0.9252990570448878 0.0221613933915212 0.03774742830423938
2 0.01838665056109726 0.9209154847256859 0.01485543952618454 0.028006156483790567
2 0.005844763092269327 0.9127571695760599 0.011689526184538654 0.035068578553616
2 0.03226796290523691 0.9718136299875312 0.017777821072319205 0.024596711346633438
2 0.01120246259351621 0.9811896041147132 0.020943734413965086 0.03312032418952615
2 0.5427508047210301 0.4360135014306152 0.034927128040057265 0.0662218347639485
2 0.5484788537195995 0.6793857296137339 0.11064914163090128 0.24001922389127328
2 0.43489583333333337 0.6862314467095851 0.044986140915593664 0.0821486051502145
2 0.3820860157367668 0.8189545332618026 0.03492712804005721 0.06091291130185983
2 0.35847527718168815 0.8759556062231759 0.02514753218884125 0.04023605150214593
2 0.4604624910586552 0.8534625357653791 0.03297120886981403 0.0662218347639485
2 0.419388188483548 0.9523761623748213 0.034088876967095894 0.05169214949928469
2 0.4934336999284693 0.9381258941344779 0.02570636623748218 0.04107430257510736
2 0.4772275125178827 0.9750089413447782 0.01788268955650929 0.027662285407725307
2 0.8790604440789473 0.6697970512218044 0.03414297462406013 0.05470218515037595
0 0.9225652020676691 0.6167469454887218 0.01468515037593987 0.023496240601503793
0 0.9500998590225563 0.5550693139097744 0.011748120300751896 0.019090695488721776
0 0.8443667763157894 0.8058182565789473 0.013216635338345828 0.02423049812030076
0 0.9904840225563909 0.4546595982142857 0.013950892857142794 0.023129111842105254
