2 0.5381741627725857 0.08898583528037383 0.012777453271028083 0.03681123442367601
2 0.6114924065420562 0.0397013726635514 0.01399435358255452 0.033160533489096575
2 0.5581009053738317 0.22345331970404986 0.01673237928348914 0.03681123442367601
2 0.6730979848130841 0.2687828563084112 0.019166179906542125 0.03863658489096575
2 0.42317708333333337 0.010531556372549019 0.014680351307189532 0.02042483660130719
2 0.31435100081699346 0.17552593954248366 0.014042075163398726 0.027445874183006536
2 0.23169424019607843 0.10930478962418301 0.016595179738562116 0.03287122140522877
2 0.14638671875 0.12373046875 0.01582031249999999 0.03339843750000002
2 0.087890625 0.23154296875000002 0.013281249999999994 0.029882812499999994
2 0.3373009234475375 0.3267406651498929 0.018402034261241984 0.024466341006423975
2 0.4545093348501071 0.4044265256959315 0.01693823608137046 0.043495717344753715
2 0.2640064574411135 0.46078275562098503 0.022793428800856552 0.028648621520342643
2 0.4746888383297645 0.522053165149893 0.020074946466809462 0.04830533993576014
2 0.21130972296573874 0.5622030580835118 0.021956972698072813 0.031157989828693777
2 0.7634978772271714 0.25759935272828505 0.016312291202672635 0.03632203507795101
2 0.7650203577394209 0.33774707683741645 0.016747285634743925 0.03479955456570155
2 0.9422805888084632 0.20344254593541203 0.017182280066815103 0.03371206848552338
2 0.9803426016146993 0.37450410634743875 0.017182280066815103 0.03436456013363032
2 0.9719689587973273 0.4574792942650334 0.014354816258351888 0.03458205734966596
2 0.9146584423719376 0.6693215826837415 0.017182280066815103 0.03762701837416482
2 0.801342392817372 0.6380019835746102 0.018487263363028972 0.03719202394209353
2 0.9868675180957683 0.5719915785077951 0.015007307906458767 0.035669543429844075
2 0.5931759996749024 0.5235848098179453 0.01701682379713909 0.04241506827048114
2 0.5954618416775033 0.6424485939531859 0.014476999349804953 0.033271700260078085
2 0.5464432298439532 0.8162995773732119 0.018032753576072813 0.03555754226267882
2 0.7187703185955787 0.8296336557217165 0.02387434980494152 0.02666815669700917
2 0.12435240299823633 0.6176284171075838 0.017223324514991187 0.03375771604938271
2 0.21908068783068785 0.6830770502645502 0.019290123456790126 0.030313051146384495
2 0.3124311067019401 0.7125289351851851 0.019290123456790098 0.032035383597883604
2 0.7864169973544973 0.8491098985890653 0.015156525573192248 0.0254905202821869
2 0.8444596009700176 0.7840057319223985 0.01618992504409167 0.02893518518518523
2 0.8578937940917107 0.8694334215167548 0.01894565696649031 0.029624118165784807
2 0.853587962962963 0.9441826499118167 0.015156525573192248 0.03513558201058198
2 0.6391575727513228 0.8969907407407407 0.01825672398589062 0.039269179894179884
2 0.5590691137566137 0.8938905423280423 0.01446759259259267 0.030313051146384495
2 0.8364359235905043 0.07228301186943621 0.01709708827893175 0.03564308234421364
2 0.9763538327991453 0.7877186832264957 0.01544137286324787 0.032969417735042694
