3 0.4920469151670951 0.4322983611825193 0.06727988431876608 0.07933001285347047
3 0.6261045951156812 0.5118794183804627 0.06677779562982 0.06426735218509
3 0.4203737548200514 0.45828145083547556 0.06602466259640105 0.0715476381748072
3 0.9237500000000001 0.35484375 0.12124999999999997 0.11343750000000002
3 0.9529296875 0.48796875 0.09023437499999998 0.11781249999999999
3 0.9732421875 0.6067578124999999 0.049609374999999956 0.08726562500000001
3 0.70609375 0.74734375 0.0653125 0.06468750000000001
3 0.7540625000000001 0.8929687500000001 0.11750000000000005 0.1121875
3 0.24548864072085885 0.5336644459355828 0.07279284892638035 0.06919814033742333
3 0.26930358512269936 0.6022634681748466 0.07249328987730061 0.06859902223926384
3 0.3079467024539877 0.7548888036809815 0.07728623466257667 0.06949769938650308
3 0.34119775690184045 0.8450560774539877 0.07968270705521474 0.0677003450920245
3 0.36755895322085885 0.9165009106595092 0.07429064417177916 0.06620254984662577
3 0.2158083301380368 0.9290404524539877 0.12307083972392638 0.1380128450920246
