2 0.43411310997171143 0.1928041018387553 0.01243148868458277 0.023757956152758136
2 0.49627055339462517 0.26946494872701554 0.01243148868458277 0.025691743281471002
2 0.512109375 0.63798828125 0.018359374999999956 0.013476562500000067
2 0.5370117187500001 0.57080078125 0.018945312499999978 0.02675781250000009
2 0.5111328125000001 0.4890625 0.012109374999999978 0.025000000000000022
2 0.46435546875 0.4984375 0.0146484375 0.024218749999999956
2 0.45234375 0.54638671875 0.013671875 0.0263671875
2 0.6162109375 0.4837890625 0.014843750000000044 0.03046874999999999
2 0.6025390625 0.4228515625 0.016406249999999956 0.032031249999999956
2 0.6004882812500001 0.35732421875 0.013085937499999978 0.0341796875
2 0.51455078125 0.36796874999999996 0.015429687499999956 0.02851562499999999
2 0.5162109375 0.31611328125 0.012890625000000044 0.0224609375
2 0.60654296875 0.27158203125 0.013867187500000044 0.0380859375
2 0.58037109375 0.1890625 0.018945312499999978 0.03398437500000001
2 0.580078125 0.09882812499999999 0.01914062499999991 0.0359375
2 0.39658203125 0.1408203125 0.013085937500000033 0.023046874999999994
2 0.64775390625 0.0359375 0.023242187500000067 0.02890625
2 0.6495117187499999 0.18974609375 0.016210937500000022 0.031835937499999994
2 0.71328125 0.13603515625 0.017578125 0.0373046875
2 0.7349609375 0.137109375 0.020703125000000044 0.02773437499999999
2 0.8041015625 0.14306640625 0.015625 0.03144531249999999
2 0.72578125 0.19921875 0.014843749999999933 0.02851562499999999
2 0.7380859375 0.28388671875 0.015234375000000022 0.03183593750000002
2 0.66357421875 0.28310546875 0.015039062500000089 0.0322265625
2 0.80634765625 0.28642578125 0.0146484375 0.025976562500000022
2 0.7400390625 0.35332031249999996 0.015234375000000022 0.03203125000000001
2 0.8272460937499999 0.37099609375 0.013085937499999978 0.03378906249999997
2 0.86650390625 0.088671875 0.0146484375 0.030859374999999994
2 0.8065429687500001 0.05439453125 0.016210937500000022 0.0400390625
2 0.87021484375 0.0177734375 0.013476562499999956 0.031640625
2 0.95146484375 0.086328125 0.013085937499999978 0.028124999999999997
2 0.8807617187500001 0.15458984375 0.015039062499999978 0.034570312500000006
2 0.9463867187499999 0.21718749999999998 0.016992187499999978 0.034765624999999994
2 0.8767578125 0.2416015625 0.015234375000000022 0.03398437500000001
2 0.97841796875 0.296875 0.015820312500000044 0.036328125000000044
2 0.8958984375000001 0.34423828125 0.015234375000000022 0.0322265625
2 0.9041992187500001 0.43759765625 0.012304687500000022 0.0322265625
2 0.95654296875 0.4857421875 0.015820312500000044 0.03554687500000003
2 0.83671875 0.4634765625 0.012109374999999978 0.03164062500000003
2 0.7564453124999999 0.43759765625 0.015234375000000022 0.0380859375
2 0.76318359375 0.527734375 0.013867187500000044 0.029296875
2 0.84150390625 0.5333984375 0.0166015625 0.03867187500000002
2 0.91474609375 0.5416015625 0.017773437499999933 0.036328125000000044
2 0.690625 0.4916015625 0.012500000000000067 0.033984374999999956
2 0.701171875 0.57548828125 0.015625 0.04121093749999993
2 0.7901367187499999 0.6654296875000001 0.014257812500000022 0.03476562500000002
2 0.8400390625 0.6197265624999999 0.014062499999999978 0.04257812500000002
2 0.854296875 0.6922851562500001 0.017187500000000022 0.03378906250000002
2 0.30654296875 0.0740234375 0.013867187499999989 0.03125
2 0.2744140625 0.20078125 0.016015624999999978 0.02226562500000001
2 0.38232421875 0.29267578125000004 0.011523437499999956 0.02167968749999999
2 0.44345703125 0.33310546875 0.015429687500000011 0.02167968749999999
2 0.36884765625 0.33291015625 0.014257812500000022 0.02363281249999999
2 0.3330078125 0.3462890625 0.013671875 0.025390625
2 0.2896484375 0.32919921875 0.01679687499999999 0.02128906250000001
2 0.2779296875 0.37841796875 0.013281249999999967 0.0205078125
2 0.3404296875 0.41093749999999996 0.017187499999999967 0.02265624999999999
2 0.37939453125 0.40224609375 0.013867187500000044 0.02519531250000001
2 0.419140625 0.40302734375 0.015234375000000022 0.0244140625
2 0.39130859375 0.44501953125000004 0.014257812500000022 0.02519531250000001
2 0.3337890625 0.4919921875 0.015625 0.026953125000000022
2 0.3931640625 0.50927734375 0.016015625000000033 0.0263671875
2 0.2630859375 0.48554687500000004 0.014062500000000033 0.02265624999999999
2 0.22606068954659947 0.8584894521410579 0.016235044080604527 0.027058406801007573
2 0.23922091467254408 0.9367128463476071 0.013529203400503759 0.026074464735516334
2 0.29075488035264485 0.9723807462216625 0.015251102015113316 0.021154754408060472
2 0.292353786209068 0.9087934902392947 0.01402117443324935 0.022876653022670057
2 0.3281446788413098 0.8801361775818639 0.014267159949622188 0.025090522670025206
2 0.41042683406801006 0.9471672307934509 0.01500511649874059 0.02681242128463468
2 0.341796875 0.9470442380352644 0.018448913727959704 0.021154754408060472
2 0.45962393734256923 0.9470442380352644 0.01451314546599497 0.025090522670025206
2 0.4646666404282116 0.8934193954659949 0.012299275818639821 0.02656643576826201
0 0.08564453124999999 0.59501953125 0.011523437499999997 0.025585937499999933
0 0.07431640625 0.59345703125 0.011523437499999997 0.026757812499999978
0 0.06357421875 0.5916015625 0.013085937499999999 0.025781249999999978
0 0.052343749999999994 0.59052734375 0.011328125000000001 0.025195312500000067
