2 0.1786073934511435 0.14551390332640335 0.01543009355509356 0.0442600051975052
2 0.05496361746361751 0.10572050415800419 0.012587707900207905 0.0312662422037422
2 0.365189708939709 0.27220309251559255 0.01827247920997921 0.05562954781704779
2 0.44680678274428276 0.38285310550935553 0.01827247920997921 0.04791450103950101
2 0.5073089916839917 0.6193801975051976 0.012587707900207912 0.036951013513513487
2 0.5866927624740124 0.5251754158004158 0.016242203742203754 0.04019945426195426
2 0.39604989604989604 0.6530827702702702 0.026393581081081086 0.046696335758835805
2 0.29270887474012475 0.7182546127858628 0.013805873180873174 0.03410862785862778
2 0.18530730249480254 0.7273908523908523 0.015836148648648657 0.03532679313929321
2 0.20581308471933474 0.5229421127858628 0.018678534303534305 0.042229729729729826
2 0.09008738305613309 0.5192876169438669 0.017054313929313933 0.03816917879417869
2 0.11079619282744287 0.6569402936590436 0.013805873180873174 0.038169178794178804
2 0.0058309511434511945 0.660391761954262 0.010151377338877339 0.037763123700623735
2 0.8137857562695925 0.5750024490595611 0.0235721982758621 0.05479770768025083
2 0.8211329349529781 0.7156703076018809 0.012551430250783757 0.03428683385579934
2 0.6159384796238245 0.9835974235893417 0.01421679075235105 0.028898902821316574
2 0.516071953369906 0.9740460913009404 0.020817006269592486 0.04591986677115978
2 0.965015184169279 0.8670528017241379 0.032143906739811934 0.0498995885579937
2 0.22738905760188086 0.9030233640282131 0.017755681818181823 0.03489909874608155
2 0.31387147335423193 0.9668519788401254 0.019286344043887127 0.046225999216300995
2 0.40892559757053293 0.9461880387931034 0.012245297805642597 0.03428683385579934
2 0.10014114185750636 0.9112098441475827 0.014412372773536894 0.03230359414758266
