2 0.5442586643302181 0.2490082262461059 0.016428154205607504 0.03924503504672894
2 0.4628784559968847 0.3005743769470405 0.01734082943925236 0.04076616043613707
2 0.4787643061516452 0.41547635014306156 0.020956276824034337 0.043589055793991416
2 0.5624497049356223 0.36182828147353363 0.015088519313304682 0.03408887696709584
2 0.6356869103773586 0.07488733995956873 0.016319912398921832 0.031850151617250674
2 0.44721824460916443 0.1371399090296496 0.015267014824797864 0.0384307614555256
2 0.4291873736522911 0.04711716644204852 0.012897995283018882 0.032113376010781666
2 0.3458082507082153 0.07552452195467421 0.0132790368271955 0.03153771246458924
2 0.3325292138810198 0.19060950779036825 0.021025141643059464 0.04592333569405099
2 0.24427894830028324 0.24676876770538242 0.023791607648725205 0.04647662889518411
2 0.23182985127478753 0.04675327549575071 0.015492209631728038 0.047029922096317275
2 0.12615084985835692 0.014385623229461755 0.01659879603399432 0.02766466005665722
2 0.12587420325779036 0.11978797804532576 0.018258675637393765 0.037070644475920664
2 0.1333436614730878 0.33999867209631723 0.01438562322946177 0.03707064447592068
2 0.056712553116147306 0.40335074362606227 0.01936526203966006 0.03098441926345613
2 0.06390536473087818 0.545823742917847 0.013832330028328614 0.03153771246458925
2 0.06196883852691218 0.639606940509915 0.012172450424929177 0.03209100566572243
2 0.17207418555240792 0.6337973618980169 0.015492209631728038 0.03153771246458925
2 0.1742873583569405 0.5455470963172804 0.016598796033994334 0.04315686968838528
2 0.17096759915014165 0.4332285764872521 0.013279036827195473 0.03209100566572237
2 0.25728133852691215 0.382878895184136 0.019918555240793195 0.04537004249291782
2 0.3756860835694051 0.4257591182719547 0.01770538243626063 0.04039040368271957
2 0.27111366855524077 0.5187123760623229 0.015492209631728038 0.049243094900849826
2 0.38979506019830024 0.5660189447592068 0.014938916430594917 0.029877832861189835
2 0.40192053764897073 0.6935138475081257 0.017986524918743252 0.04591854008667384
2 0.2865951719934995 0.6348989368905742 0.017563312567713985 0.03237574485373784
2 0.4936518147345612 0.6761621411159263 0.017351706392199295 0.04380247833152762
2 0.5009522277898159 0.7494836809317442 0.010368702600216662 0.0334337757313109
2 0.4068932827735645 0.7901120666305526 0.016505281690140816 0.03343377573131101
2 0.5822265625 0.52001953125 0.015234375000000022 0.040820312499999956
2 0.6703125 0.47275390625 0.016406249999999956 0.03847656250000003
2 0.6837890625 0.57646484375 0.017968749999999978 0.03457031249999998
2 0.68349609375 0.69990234375 0.017382812499999956 0.0478515625
2 0.5919921875 0.7769531249999999 0.019140625000000022 0.05039062500000002
2 0.6743143968621399 0.3435691550925926 0.018486368312757295 0.04501028806584362
2 0.8739470807613169 0.28117766203703703 0.018687307098765427 0.0464168595679012
2 0.8567521593872229 0.030048076923076924 0.03233987940026073 0.05856828552803129
2 0.8888373940677966 0.4419359110169492 0.019098353976531923 0.04609069426336376
2 0.9006442348229342 0.7117543212478921 0.016797533726812808 0.07575358347386174
