3 0.5143898618251928 0.5051012210796915 0.0768195694087403 0.06426735218509
3 0.4841390183161953 0.6525897734575835 0.06301213046272491 0.07154763817480725
3 0.4140976462082262 0.6666482567480719 0.06451839652956298 0.07405808161953731
3 0.61728515625 0.9177734375 0.0380859375 0.03359374999999998
3 0.6298828125 0.9595703124999999 0.041015625 0.03554687499999998
3 0.80087890625 0.88515625 0.058789062500000044 0.061718750000000044
3 0.92041015625 0.853125 0.058789062500000044 0.059765625000000044
3 0.8252929687499999 0.5447265625 0.06503906250000002 0.060546875
3 0.78232421875 0.33320312500000004 0.07050781250000004 0.05937500000000001
3 0.75546875 0.217578125 0.0625 0.060937500000000006
3 0.8345703124999999 0.19765625 0.06874999999999998 0.07421875
3 0.66904296875 0.14677734375 0.06425781249999996 0.053710937500000014
