3 0.63544921875 0.24736328125 0.0693359375 0.07285156250000002
3 0.49853515625 0.275 0.0595703125 0.06523437500000001
3 0.6905273437499999 0.32236328125 0.07089843750000002 0.07246093749999999
3 0.41240234375 0.41132812500000004 0.0400390625 0.02617187500000001
3 0.83857421875 0.4755859375 0.03496093750000007 0.03515625
3 0.971875 0.46484375 0.03164062499999998 0.025781249999999978
3 0.96943359375 0.5453125000000001 0.023632812499999933 0.026953125000000022
3 0.9546874999999999 0.6241210937499999 0.025781249999999978 0.024023437500000022
3 0.94873046875 0.66201171875 0.02597656249999991 0.023242187499999956
3 0.66357421875 0.706640625 0.035351562500000044 0.039843749999999956
3 0.71416015625 0.71611328125 0.0361328125 0.03886718750000007
3 0.56201171875 0.68896484375 0.03652343750000009 0.0400390625
3 0.44248046875 0.6388671875 0.027929687499999967 0.029296875
3 0.3900390625 0.7029296875 0.03789062500000001 0.03359374999999998
3 0.4345703125 0.7833984375 0.03671875000000002 0.028906250000000022
3 0.44560546875 0.82490234375 0.0322265625 0.025195312500000067
3 0.425 0.86708984375 0.03515625 0.031445312500000044
3 0.51982421875 0.9384765625 0.025976562500000022 0.02578125000000009
3 0.474609375 0.9830078125 0.03515625 0.030078124999999956
