3 0.38466066734813087 0.3644677278037383 0.06981965537383178 0.06594078563084116
3 0.4690831264602804 0.18957633615654207 0.07666471962616828 0.07073233060747663
3 0.4066789573598131 0.06819053008177572 0.08556330315420557 0.06936331775700935
3 0.81064453125 0.07158203125 0.0732421875 0.0669921875
3 0.88505859375 0.26279296875 0.07167968749999998 0.06894531249999997
3 0.9669313390994436 0.5581713425764951 0.06223107180111276 0.06725106484700971
3 0.23563631360078274 0.46439273483365945 0.06535897749510763 0.07109222113502933
3 0.07606103228962818 0.5123608732876712 0.11160714285714285 0.11886925146771038
3 0.2570404231898239 0.8175605430528375 0.10663833170254405 0.11848703522504889
3 0.41394019080234834 0.7699746208414873 0.11084271037181997 0.12269141389432481
3 0.16167747064579255 0.887123899217221 0.06650562622309197 0.07338551859099807
3 0.06860781555772993 0.9150256849315068 0.06841670743639922 0.07491438356164382
3 0.5894978841145834 0.8046468098958334 0.10986328125 0.11698404947916674
3 0.720977783203125 0.9412129720052084 0.11240641276041663 0.09307861328125
