3 0.7196289062500001 0.3123046875 0.028710937499999978 0.03164062499999998
3 0.73876953125 0.14521484375 0.041210937500000044 0.03730468750000002
3 0.75048828125 0.09794921875 0.0400390625 0.0361328125
3 0.662890625 0.1080078125 0.03867187500000002 0.037890625
3 0.64736328125 0.16474609375 0.0341796875 0.03339843750000002
3 0.4626953125 0.03994140625 0.03281250000000002 0.0369140625
3 0.45683593749999996 0.0970703125 0.03632812499999999 0.03671875000000001
3 0.44931640625 0.14765625 0.03300781250000001 0.037109375
3 0.52587890625 0.15361328125 0.034960937499999956 0.036523437500000006
3 0.5201284682899207 0.19718820781426954 0.03384236976217436 0.031630450169875424
3 0.91689453125 0.17724609375 0.025585937500000044 0.025976562500000022
3 0.96689453125 0.18105468749999998 0.025195312499999956 0.025781250000000006
3 0.959375 0.2181640625 0.024609375000000044 0.025390625
3 0.95322265625 0.25498046875 0.0263671875 0.025976562499999967
3 0.9005859375 0.223828125 0.024218750000000067 0.024999999999999994
3 0.891796875 0.2681640625 0.025000000000000022 0.02421875000000001
3 0.8671151620370371 0.9663215112433863 0.03436053240740744 0.04262772817460314
3 0.8294193328373016 0.9825071304563493 0.03647383432539675 0.031079489087301515
