3 0.61787109375 0.10751953125 0.028710937499999978 0.0322265625
3 0.5648437500000001 0.03291015625 0.021874999999999978 0.0212890625
3 0.5880859375 0.036230468749999994 0.022265625000000067 0.0208984375
3 0.5980468750000001 0.021386718750000002 0.027734374999999978 0.0318359375
3 0.6166015625 0.02998046875 0.020312499999999956 0.0201171875
3 0.63662109375 0.026269531250000002 0.021679687500000044 0.0220703125
3 0.5736328125 0.01484375 0.022265624999999956 0.025
3 0.6708984375 0.01240234375 0.030078124999999956 0.0240234375
3 0.4779296875 0.025585937500000003 0.01874999999999999 0.017578125000000003
3 0.49931640625 0.03134765625 0.016210937500000022 0.0173828125
3 0.303125 0.126953125 0.03828124999999999 0.04453125000000001
3 0.2671875 0.1404296875 0.03515625000000003 0.03828125
3 0.1564453125 0.19599609375 0.021484375 0.0185546875
3 0.08251953125 0.1931640625 0.0205078125 0.022656250000000017
3 0.0634765625 0.22421875000000002 0.021875000000000006 0.021093749999999994
3 0.165234375 0.48876953125 0.05742187499999998 0.058789062500000044
3 0.10439453125 0.5166992187499999 0.05996093749999999 0.05996093749999998
3 0.2259765625 0.48505859375 0.06093750000000003 0.05878906249999993
3 0.28955078125 0.46083984375 0.058789062500000044 0.06191406250000003
3 0.35136718749999996 0.45205078125 0.05937500000000001 0.06035156250000001
