3 0.594921875 0.24365234375 0.03515625 0.0341796875
3 0.54150390625 0.3482421875 0.029492187500000044 0.025781250000000033
3 0.52431640625 0.38349609375000004 0.031445312500000044 0.02714843750000001
3 0.75625 0.4234375 0.02734375 0.024999999999999967
3 0.7813476562499999 0.26396484375 0.03457031249999998 0.03769531250000002
3 0.816015625 0.24814453125000002 0.03125 0.03222656250000003
3 0.7048828125 0.2369140625 0.03125 0.03437499999999999
3 0.67939453125 0.10810546874999999 0.029492187499999933 0.025585937500000003
3 0.69091796875 0.15888671875 0.033398437500000044 0.0263671875
3 0.77607421875 0.08525390625000001 0.031054687500000067 0.0388671875
3 0.8986328125 0.10205078125 0.03593750000000007 0.03105468750000001
