3 0.4252747152453271 0.6917758834696262 0.030574620327102786 0.026923919392523366
3 0.34530154789719625 0.6434040960864487 0.022132374415887834 0.020078855140186924
3 0.3909353095794392 0.7469927351051402 0.019394348714953324 0.020078855140186924
3 0.37678884345794394 0.7741448233060748 0.014374634929906538 0.016428154205607504
3 0.362528292932243 0.8041490216121496 0.018709842289719614 0.01893801109813087
3 0.22882137120327103 0.6629125292056075 0.0246422313084112 0.0253267377336448
3 0.19847491968457945 0.6675899897780374 0.016884491822429903 0.017797167056074814
3 0.513974409168565 0.1479303103644647 0.01846348234624151 0.02002064350797264
3 0.40363841828018227 0.33312126281321186 0.013124644077448733 0.014014450455580862
3 0.12701986047835992 0.626534916002278 0.018241030751708423 0.015794063211845177
3 0.1172319903189066 0.6472229142938497 0.01646141799544419 0.017573675968109326
3 0.12223715119589978 0.6938265233485195 0.01801857915717542 0.01735122437357639
3 0.22189546554669706 0.7469924544419135 0.014014450455580862 0.016906321184510298
3 0.2462539151480638 0.7596721953302962 0.021355353075170835 0.02135535307517089
3 0.99072265625 0.04599609375 0.0146484375 0.025195312499999997
