3 0.46572265625 0.1818359375 0.020898437500000033 0.021484375
3 0.3890625 0.155859375 0.021093749999999967 0.021484375
3 0.363671875 0.17177734375 0.02460937499999999 0.02167968749999999
3 0.52939453125 0.2884765625 0.027148437499999956 0.03398437500000001
3 0.550390625 0.33984375 0.025390625 0.030078124999999956
3 0.55224609375 0.48935546874999997 0.0439453125 0.04042968749999998
3 0.669921875 0.70244140625 0.016796875000000044 0.0146484375
3 0.68232421875 0.7419921875 0.014257812500000022 0.014062499999999978
3 0.7390625 0.7481445312499999 0.012500000000000067 0.014257812500000022
3 0.79208984375 0.83916015625 0.013476562499999956 0.015820312499999933
3 0.78837890625 0.91337890625 0.016992187499999978 0.0146484375
3 0.77294921875 0.92021484375 0.014257812499999911 0.013085937499999978
3 0.79384765625 0.948828125 0.023242187499999956 0.021484375
3 0.77236328125 0.88544921875 0.015820312500000044 0.011914062499999933
3 0.7583984375 0.8650390625 0.016796875000000044 0.013671875
3 0.74248046875 0.87158203125 0.015820312499999933 0.015820312500000044
3 0.83818359375 0.90869140625 0.015429687500000067 0.017382812499999956
3 0.8617187500000001 0.94560546875 0.021874999999999978 0.019726562499999933
