3 0.36295572916666663 0.3876410590277778 0.1388888888888889 0.1199001736111111
3 0.7777235243055556 0.09331597222222222 0.11447482638888895 0.10850694444444445
3 0.4047309027777778 0.5183919270833334 0.1388888888888889 0.12207031250000006
3 0.4353841145833333 0.6331380208333333 0.08409288194444442 0.07052951388888895
3 0.45871310763888884 0.7069227430555556 0.08409288194444442 0.06618923611111105
3 0.0358941863449692 0.7238995123203285 0.06938205852156057 0.06416837782340867
3 0.054543121149897324 0.7976931468172485 0.07940836755646817 0.06336627310061593
3 0.02386261550308008 0.6517100872689938 0.04692312628336756 0.05694943531827512
1 0.24228515625000002 0.57607421875 0.026757812500000006 0.0146484375
1 0.165234375 0.57275390625 0.014843750000000017 0.025195312499999956
1 0.17216796875 0.60595703125 0.027148437499999983 0.013476562499999956
1 0.17529296875 0.6146484375 0.025976562500000022 0.012890625000000044
1 0.25146484375 0.60205078125 0.027539062500000017 0.015429687499999956
1 0.24599609375 0.58623046875 0.02558593749999999 0.0146484375
1 0.2541015625 0.61083984375 0.026562500000000017 0.013867187500000044
1 0.2572265625 0.62373046875 0.02812500000000001 0.015820312499999933
1 0.26298828124999996 0.63837890625 0.02753906249999999 0.015820312499999933
1 0.26416015625 0.64814453125 0.027929687500000022 0.017382812500000067
1 0.27470703125 0.6795898437500001 0.0283203125 0.016210937500000022
1 0.27822265625 0.68798828125 0.027929687499999967 0.017773437500000044
1 0.28779296875 0.7152343750000001 0.029882812500000022 0.017187500000000022
1 0.28955078125 0.7263671875 0.026757812499999978 0.014062499999999978
1 0.292578125 0.73505859375 0.02734375 0.015820312499999933
1 0.29404296875 0.74345703125 0.02519531250000001 0.013476562500000067
1 0.3017578125 0.74931640625 0.024609375000000044 0.015820312499999933
1 0.29960937499999996 0.76044921875 0.02617187500000001 0.015820312499999933
1 0.303515625 0.76728515625 0.025390625 0.0166015625
1 0.31396484375 0.794921875 0.027539062500000044 0.014062500000000089
1 0.3162109375 0.80380859375 0.02734375 0.0146484375
1 0.1859375 0.6592773437499999 0.02617187500000001 0.014257812500000022
1 0.1888671875 0.66748046875 0.025390625 0.013085937500000089
1 0.1966796875 0.68720703125 0.02617187500000001 0.015429687500000067
1 0.19951171875 0.6951171875 0.026757812500000006 0.014843749999999933
1 0.20087890625 0.703515625 0.023632812500000017 0.014843750000000044
1 0.20615234375000002 0.7103515625 0.024804687500000006 0.015625
1 0.20673828125 0.71904296875 0.023632812500000017 0.014257812500000022
1 0.20937499999999998 0.72724609375 0.025781250000000006 0.015820312499999933
1 0.21230468749999998 0.735546875 0.025781250000000006 0.015234375000000022
1 0.21611328125 0.74482421875 0.023242187499999983 0.0126953125
1 0.21689453125 0.75380859375 0.02558593749999999 0.013867187500000044
