3 0.832421875 0.007421875 0.018359374999999956 0.014453125
3 0.93955078125 0.15224609375 0.021289062499999956 0.0224609375
3 0.91123046875 0.0986328125 0.025585937500000044 0.02226562500000001
3 0.97470703125 0.20537109375 0.019335937499999956 0.021679687500000017
3 0.9126953125 0.04970703125 0.028124999999999956 0.021679687500000003
3 0.932421875 0.04345703125 0.021874999999999978 0.020117187499999994
3 0.90869140625 0.02451171875 0.03066406250000009 0.0251953125
3 0.9307617187499999 0.008984375 0.020898437499999978 0.017578125
3 0.8910156250000001 0.04716796875 0.025000000000000022 0.025195312500000004
3 0.89658203125 0.069921875 0.0244140625 0.026562500000000003
