3 0.8590737467866324 0.029497710475578406 0.05573184447300772 0.04744738110539845
3 0.8435089974293059 0.09866042737789203 0.04870260282776351 0.05322140102827763
3 0.7719613592544987 0.37757069408740357 0.06476944087403602 0.05573184447300772
3 0.7547648216580977 0.4466078888174807 0.052970356683804676 0.05171513496143959
3 0.7399532053341902 0.5177789604755784 0.06351421915167099 0.06100377570694082
3 0.7197441356041131 0.587694810411311 0.06225899742930596 0.06025064267352187
3 0.6804556956940875 0.7253926333547558 0.05447662275064269 0.04995782455012854
3 0.668656611503856 0.797442360218509 0.0559828888174807 0.05648497750642678
3 0.6483220196015425 0.8671071658097687 0.05497871143958866 0.05271931233933158
3 0.6293681715938304 0.9379016709511567 0.03112949871465298 0.024602345758354738
3 0.49970703125 0.634375 0.06464843749999993 0.055859375000000044
3 0.35039062499999996 0.68779296875 0.04765625000000001 0.05449218750000007
