3 0.5909136146496816 0.1879519970806794 0.06510416666666663 0.05618862791932058
3 0.5687284368365181 0.24839105626326963 0.04976114649681529 0.0505904989384289
3 0.5585688694267517 0.31235486332271767 0.054737261146496796 0.05245654193205945
3 0.7464843750000001 0.21552734375 0.025781249999999978 0.0263671875
3 0.712890625 0.33759765625 0.05624999999999991 0.05214843749999998
3 0.606640625 0.7568359375 0.05820312500000002 0.05429687499999991
3 0.5892578125 0.8177734375 0.064453125 0.055468749999999956
3 0.7546875 0.803125 0.04843750000000002 0.051953125000000044
3 0.72529296875 0.8615234375 0.06230468750000007 0.05507812499999998
3 0.921875 0.91796875 0.03281249999999991 0.03164062500000009
3 0.4674574908088236 0.7428850446428572 0.06421513918067229 0.06934414390756305
3 0.3481568408613446 0.7274980304621849 0.04964876575630256 0.05498293067226889
3 0.6144759590292275 0.017427257306889356 0.06279358037578286 0.032416166492693105
