3 0.6205078125 0.40986328125 0.05078125 0.05019531249999998
3 0.72412109375 0.44287109375 0.02285156250000009 0.033398437500000044
3 0.68857421875 0.42695312500000004 0.052539062499999956 0.05351562500000001
3 0.7909179687500001 0.45097656249999996 0.05410156249999998 0.06171874999999999
3 0.75400390625 0.53828125 0.0244140625 0.022265625000000067
3 0.75673828125 0.57431640625 0.031054687499999956 0.029492187500000044
3 0.73642578125 0.60390625 0.021679687500000044 0.022656250000000044
3 0.7419921875 0.63955078125 0.030859375000000022 0.033398437500000044
3 0.9398437500000001 0.48505859375000004 0.05507812499999998 0.06035156250000001
3 0.92724609375 0.5843750000000001 0.03652343750000009 0.030859375000000022
3 0.89755859375 0.66064453125 0.058789062500000044 0.05019531250000009
3 0.8951171875 0.7127929687500001 0.03515625 0.03183593750000002
3 0.8896484375 0.74482421875 0.02890624999999991 0.029101562500000067
3 0.97490234375 0.75830078125 0.04628906249999998 0.0537109375
3 0.9576171874999999 0.8328125 0.05117187499999998 0.05546875000000007
3 0.8634765625 0.7870117187500001 0.056640625 0.05410156249999998
3 0.8517578125 0.8525390625 0.04843750000000002 0.052734375
3 0.84462890625 0.9103515625 0.0322265625 0.03164062499999998
3 0.7237304687499999 0.7364257812499999 0.029882812500000022 0.027929687500000022
3 0.6935546875 0.746484375 0.03476562500000002 0.029296875
3 0.71630859375 0.768359375 0.03066406250000009 0.030468749999999933
3 0.708984375 0.8008789062499999 0.03750000000000009 0.03378906250000002
3 0.6776367187500001 0.810546875 0.03574218750000002 0.03164062500000009
3 0.70087890625 0.8326171875 0.03652343749999998 0.033203125
3 0.69091796875 0.8662109375 0.03261718750000009 0.03164062500000009
3 0.659375 0.87333984375 0.03125 0.0302734375
3 0.6839843750000001 0.89765625 0.03281250000000002 0.03164062499999998
3 0.6546875 0.92314453125 0.029296875 0.027929687500000022
3 0.6404296875 0.98642578125 0.027734374999999978 0.023242187499999956
