3 0.6076171875 0.1150390625 0.033203125 0.031640625000000006
3 0.64501953125 0.02255859375 0.02792968749999991 0.0263671875
3 0.60908203125 0.14990234375 0.03144531249999993 0.030664062499999978
3 0.5896484375 0.1794921875 0.03164062499999998 0.03203124999999998
3 0.59638671875 0.215625 0.028710937499999978 0.025781250000000006
3 0.5791992187499999 0.27714843749999996 0.028710937499999978 0.02460937499999999
3 0.5611328124999999 0.30810546875 0.04062500000000002 0.03378906250000002
3 0.56416015625 0.34345703125 0.0283203125 0.0283203125
3 0.77275390625 0.1935546875 0.0341796875 0.028906249999999994
3 0.8033203124999999 0.0462890625 0.03554687499999998 0.03046875
3 0.7640625000000001 0.2240234375 0.03671875000000002 0.03046874999999999
3 0.5478515625 0.420703125 0.02773437500000009 0.027734374999999978
3 0.5037202380952381 0.5728934151785714 0.03371465773809523 0.031622023809523725
3 0.472563244047619 0.6750837053571428 0.03371465773809523 0.03371465773809523
3 0.5459216889880952 0.7977353050595237 0.03115699404761907 0.030226934523809423
3 0.678515625 0.551171875 0.03515625 0.033203125
3 0.65849609375 0.59716796875 0.05097656249999993 0.052929687500000044
3 0.5125278635116598 0.936374742798354 0.03215020576131694 0.02893518518518523
3 0.4018333654835391 0.9702918702846365 0.06742701903292181 0.055510009430727036
3 0.4891948516803841 0.9913234632201646 0.029422796639231807 0.01344682355967075
3 0.25186739111796985 0.9827500750171467 0.05095271776406035 0.03059359996570643
3 0.04634987997256516 0.9496367026748971 0.03643689986282579 0.028667266803840907
