3 0.51015625 0.15869140625 0.05898437500000003 0.05292968749999999
3 0.5390625 0.08310546875 0.041015625 0.0333984375
3 0.49296875 0.00849609375 0.028125000000000067 0.0166015625
3 0.3853515625 0.0318359375 0.06523437500000001 0.057421875
3 0.422265625 0.20693359375 0.05859375 0.06464843749999999
3 0.50859375 0.21220703125 0.037109374999999944 0.028710937500000006
3 0.50078125 0.24482421875 0.03359374999999998 0.031835937499999994
3 0.220703125 0.1171875 0.05820312500000002 0.05507812499999999
3 0.2337890625 0.05439453125 0.05507812500000003 0.049023437499999996
3 0.016904037610619475 0.06641118836915297 0.033333991782553724 0.03358091024020228
3 0.037830376896333756 0.016168220606826805 0.05222325379266751 0.03233644121365361
3 0.019126303729456392 0.13307917193426044 0.03777852402022756 0.056791245259165596
3 0.05307759165613149 0.47518469500632116 0.06469263590391908 0.05160595764854625
3 0.5806640625 0.65400390625 0.032031249999999956 0.028710937499999978
3 0.12724609375 0.86279296875 0.057226562499999994 0.0556640625
3 0.05732421875 0.8447265625 0.054882812499999996 0.056640625
3 0.2732421875 0.8998046875000001 0.051171875000000006 0.05429687500000002
3 0.20439453125 0.8826171875 0.06425781249999998 0.05625000000000002
