3 0.47490234375 0.35107421875 0.016210937500000022 0.0166015625
3 0.42275390625 0.40107421875 0.02324218750000001 0.022851562499999978
3 0.40029296875 0.42529296875 0.0244140625 0.022851562499999978
3 0.4822265625 0.4625 0.013281250000000022 0.013671875
3 0.44248046875 0.4974609375 0.015039062500000033 0.014843749999999989
3 0.4591796875 0.48896484375000004 0.016015624999999978 0.01582031249999999
3 0.40478515625 0.57197265625 0.021679687500000044 0.0224609375
3 0.44482421875 0.5840820312499999 0.016992187499999978 0.015039062499999978
3 0.45263671875 0.5975585937500001 0.015820312500000044 0.016210937500000022
3 0.38457031249999996 0.5938476562499999 0.02070312499999999 0.022070312500000022
3 0.2150390625 0.49492187499999996 0.019140624999999994 0.017578124999999944
3 0.196875 0.50947265625 0.01953125 0.018945312499999978
3 0.29863281249999996 0.51953125 0.02226562500000001 0.02304687499999991
3 0.2599609375 0.426171875 0.028515625000000017 0.029296875
3 0.1611328125 0.4572265625 0.025781249999999978 0.025000000000000022
3 0.1466796875 0.31572265624999996 0.021875000000000006 0.02519531250000001
3 0.08935546875 0.26083984375 0.024023437499999994 0.02363281249999999
3 0.04423828125 0.23076171875 0.029101562500000004 0.027539062500000017
