3 0.8446289062500001 0.30263671875 0.05019531249999998 0.05605468750000003
3 0.96806640625 0.09687499999999999 0.03144531249999993 0.03203125
3 0.84013671875 0.44091796875 0.019335937500000067 0.018945312499999978
3 0.8232421875 0.43964843750000004 0.01718749999999991 0.01640625000000001
3 0.80107421875 0.78583984375 0.0185546875 0.019726562499999933
3 0.6361328125000001 0.87451171875 0.025000000000000022 0.0263671875
3 0.6546875 0.9125 0.025390625 0.02734375
4 0.45732421875 0.7588867187499999 0.0185546875 0.014257812500000022
4 0.4595703125 0.7767578125 0.01953125 0.013671875
4 0.4759765625 0.7914062500000001 0.01640625000000001 0.011328125000000022
4 0.46767578125 0.8057617187499999 0.013085937500000033 0.010351562500000022
