3 0.61767578125 0.19033203125 0.03457031250000009 0.0341796875
3 0.61376953125 0.2263671875 0.0341796875 0.033593750000000006
3 0.75791015625 0.103125 0.042773437499999956 0.0359375
3 0.7755859375 0.03779296875 0.04375000000000007 0.0361328125
3 0.59599609375 0.37109375 0.04082031250000007 0.034375000000000044
3 0.72900390625 0.39765625 0.03769531249999991 0.03281250000000002
3 0.72001953125 0.434375 0.04121093749999993 0.03554687499999998
3 0.714453125 0.5109375 0.033984374999999956 0.030859375000000022
3 0.65224609375 0.46904296875 0.033007812499999956 0.0361328125
3 0.57587890625 0.525390625 0.03339843749999993 0.03125
3 0.66455078125 0.60263671875 0.03261718750000009 0.033007812499999956
3 0.562890625 0.6375 0.033984374999999956 0.03164062499999998
3 0.553515625 0.6724609375 0.03789062500000007 0.032421875000000044
3 0.5623046875 0.71083984375 0.03515625 0.0361328125
3 0.69375 0.71748046875 0.03125 0.03261718749999998
3 0.68759765625 0.7677734375 0.0322265625 0.03203125000000007
3 0.6775390625 0.8416015625 0.03632812499999993 0.028125000000000067
3 0.4861328125 0.88701171875 0.05117187499999998 0.05136718750000002
3 0.53544921875 0.86591796875 0.031054687500000067 0.029492187499999933
3 0.42783203125 0.89873046875 0.02910156250000001 0.03378906250000002
3 0.4033203125 0.9320312500000001 0.03164062499999998 0.03281250000000002
