3 0.50048828125 0.16484375 0.03652343750000003 0.03828125000000002
3 0.370703125 0.055468750000000004 0.05585937499999999 0.055859375
3 0.31025390625 0.0330078125 0.0615234375 0.0609375
3 0.22021484375 0.0904296875 0.05410156249999998 0.058984375
3 0.640625 0.28095703125000004 0.02890624999999991 0.02910156250000001
3 0.65751953125 0.11787109374999999 0.05488281249999993 0.053710937499999986
3 0.7228515625 0.13564453125 0.05585937499999993 0.0568359375
3 0.875 0.2626953125 0.037890624999999956 0.03593749999999998
3 0.8875 0.38203125 0.03632812499999993 0.03359374999999998
3 0.75654296875 0.48115234375000004 0.03261718749999998 0.02753906249999999
3 0.7977539062500001 0.49306640625 0.03183593750000002 0.03261718750000003
3 0.8189453125 0.5318359375 0.030468750000000044 0.029296875
3 0.98232421875 0.20029296875 0.031445312500000044 0.03691406250000001
3 0.6551757812500001 0.9159179687500001 0.05332031250000002 0.05722656250000002
3 0.5853515625000001 0.96162109375 0.04843750000000002 0.05136718750000002
