3 0.39619140625 0.56748046875 0.0400390625 0.033398437500000044
3 0.4408203125 0.04599609375 0.04921875000000003 0.0505859375
3 0.50263671875 0.02666015625 0.030273437500000056 0.0306640625
3 0.6195312500000001 0.08779296875 0.04921874999999998 0.05019531249999999
3 0.7033500514403292 0.2948414994855967 0.03194926697530864 0.03315489969135804
3 0.7563978909465021 0.2797710905349794 0.05164126800411517 0.051641268004115226
3 0.6894852752057614 0.33804333847736623 0.027528613683127534 0.027930491255144074
3 0.6163435570987654 0.36687805426954734 0.028734246399176988 0.03335583847736623
3 0.49970703125 0.41259765625 0.03144531249999993 0.037304687500000044
3 0.6935546875 0.4634765625 0.03203125000000007 0.03593750000000001
3 0.8642578125 0.47294921874999996 0.03164062500000009 0.02910156250000001
3 0.89716796875 0.3658203125 0.0302734375 0.03007812500000001
3 0.91083984375 0.32197265625000004 0.028710937499999978 0.03300781250000001
3 0.9870449368606138 0.33734365009590794 0.022003876278772316 0.03234394980818417
