3 0.46279296875 0.30078125 0.03574218749999997 0.03671875000000002
3 0.53212890625 0.31708984375000004 0.033398437500000044 0.03144531249999999
3 0.3333984375 0.29150390625 0.03437499999999999 0.0380859375
3 0.62333984375 0.34550781249999996 0.03300781250000007 0.03593750000000001
3 0.69521484375 0.36640625000000004 0.034960937499999956 0.03632812499999999
3 0.77822265625 0.38876953125 0.031054687499999956 0.03769531249999997
3 0.8154296875 0.398046875 0.030468750000000044 0.03398437500000001
3 0.89013671875 0.4162109375 0.035351562500000044 0.037109375
3 0.42900390625 0.40771484375 0.03574218750000002 0.03261718749999998
3 0.297265625 0.453515625 0.02851562499999999 0.026953124999999967
3 0.2421875 0.4501953125 0.03242187500000002 0.03125
3 0.32431640625 0.57939453125 0.0361328125 0.03457031249999998
3 0.39716796875000004 0.67412109375 0.03730468749999999 0.03457031249999998
3 0.37001953125 0.7173828124999999 0.04238281250000003 0.03476562500000002
3 0.30390625 0.7087890625 0.03671875000000002 0.03632812499999993
3 0.37919921874999996 0.79638671875 0.03535156249999999 0.029492187500000044
3 0.88447265625 0.62373046875 0.028710937499999978 0.025195312500000067
3 0.84951171875 0.62685546875 0.023242187499999956 0.0205078125
3 0.8451171875 0.64462890625 0.022656250000000044 0.021289062499999956
3 0.8732421875 0.6078125 0.017578125 0.014453124999999956
3 0.86181640625 0.6177734374999999 0.013085937500000089 0.016015624999999978
3 0.8509765625000001 0.60908203125 0.014062499999999978 0.015039062499999978
3 0.8673828125 0.62890625 0.012890624999999933 0.013671875
3 0.8630859375 0.641796875 0.014453125000000067 0.014843749999999933
3 0.9564453125000001 0.6330078125 0.014062499999999978 0.014843749999999933
3 0.933984375 0.6349609375 0.01953125 0.017578125
3 0.9517578124999999 0.653125 0.019921874999999978 0.029296875
