3 0.29183905044987146 0.36401429948586117 0.07656852506426737 0.06778197300771205
3 0.3155627410025707 0.472339934125964 0.0723007712082262 0.07004137210796912
3 0.026757431773879133 0.46059484649122806 0.05215947855750487 0.06776924951267055
1 0.5087890625 0.8505859375 0.024999999999999967 0.014062500000000089
1 0.4650390625 0.86435546875 0.025781249999999978 0.015429687499999956
1 0.46845703125 0.8736328125 0.0263671875 0.012499999999999956
1 0.49619140625 0.8638671874999999 0.025585937500000044 0.014062499999999978
1 0.5015625 0.87158203125 0.026953124999999967 0.015429687499999956
1 0.50361328125 0.87978515625 0.025585937499999933 0.011914062500000044
1 0.50576171875 0.88671875 0.027148437499999956 0.014062500000000089
1 0.46962890625 0.8814453125 0.0263671875 0.012890625000000044
1 0.47255859375 0.88837890625 0.02519531250000001 0.0146484375
1 0.474609375 0.8962890625 0.026953125000000022 0.015625
1 0.47626953125000004 0.90478515625 0.02558593749999999 0.015429687499999956
1 0.436328125 0.889453125 0.025000000000000022 0.012890624999999933
1 0.4390625 0.89814453125 0.024999999999999967 0.013867187499999933
1 0.763671875 0.7906249999999999 0.013671875 0.021874999999999978
