3 0.39697265625 0.37275390625000004 0.034960937499999956 0.03691406250000001
3 0.273828125 0.35546875 0.03437499999999999 0.027734374999999978
3 0.296875 0.39140625 0.034375000000000044 0.03164062499999998
3 0.33623046874999996 0.4638671875 0.02949218749999999 0.03125
3 0.24169921875 0.5205078125 0.03730468750000002 0.033203125
3 0.26416015625 0.5572265624999999 0.0361328125 0.03359374999999998
3 0.18134765625 0.4123046875 0.03691406249999998 0.029687499999999978
3 0.1427734375 0.37451171875 0.033593750000000006 0.035351562500000044
3 0.290234375 0.5998046875 0.03671875000000002 0.033203125
3 0.31064453125 0.63798828125 0.03535156249999999 0.0341796875
3 0.442578125 0.6453125 0.03125 0.029687499999999978
3 0.39970703125 0.57314453125 0.03378906250000002 0.031445312500000044
3 0.37841796875 0.53681640625 0.033007812499999956 0.0322265625
3 0.9722139392493638 0.6027105200381679 0.021618559160305306 0.019133667302798973
3 0.9763671875 0.5796875 0.017187500000000022 0.016406249999999956
3 0.9623046875 0.6357421875 0.0234375 0.022265624999999956
3 0.954296875 0.6666015625 0.026562499999999933 0.021484375
3 0.9484375 0.70048828125 0.023046875000000022 0.023632812499999933
3 0.9388671875 0.73310546875 0.028515625000000044 0.027148437500000067
3 0.9310546875 0.7650390625 0.030468750000000044 0.028124999999999956
