3 0.78701171875 0.042871093750000006 0.023242187499999956 0.0240234375
3 0.7703125 0.02451171875 0.03164062499999998 0.027539062500000003
3 0.7601562500000001 0.04951171875 0.03281250000000002 0.0298828125
3 0.77275390625 0.06875 0.028710937499999978 0.024609375000000003
3 0.4521484375 0.008984375 0.021874999999999978 0.01796875
3 0.5902343750000001 0.77373046875 0.029687499999999978 0.020117187500000022
3 0.76201171875 0.77705078125 0.0380859375 0.03535156249999993
3 0.7775390625 0.8935546875 0.04062500000000002 0.036328125000000044
3 0.69521484375 0.87353515625 0.0283203125 0.02597656249999991
3 0.19345703125 0.7763671875 0.04082031250000001 0.03359375000000009
3 0.18681640625 0.8148437500000001 0.029101562499999983 0.028906250000000022
3 0.16015625 0.92216796875 0.028906250000000022 0.03261718749999998
3 0.06962890625 0.83037109375 0.0365234375 0.0302734375
3 0.0876953125 0.7568359375 0.037500000000000006 0.03476562499999991
3 0.8642578125 0.3806640625 0.025390625 0.021093750000000022
3 0.869140625 0.36044921875 0.02109374999999991 0.01933593750000001
3 0.87919921875 0.1244140625 0.0322265625 0.021484375
