3 0.4771484375 0.2919921875 0.03593750000000001 0.028515625000000044
3 0.11045344306615776 0.12113847805343511 0.03603093193384223 0.0350369751908397
3 0.021301839953271055 0.019020151869158907 0.03171546436915888 0.02852110105140187
3 0.012647397050233659 0.0928259163259346 0.025294794100467317 0.029191917348130814
3 0.06864686769859815 0.8399715245327104 0.037876022196261676 0.03125912675233644
3 0.06123138142523367 0.874653183411215 0.03627884053738317 0.02989011390186913
3 0.045715902453271055 0.9059123101635514 0.03354081483644861 0.02943377628504673
3 0.05541307681074769 0.9273601781542056 0.02555490654205607 0.02121969918224298
3 0.03579055928738321 0.9391108717873833 0.03422532126168225 0.0319436331775701
3 0.03236802716121498 0.9719671801985981 0.0351379964953271 0.03422532126168221
3 0.22642559871495327 0.9888516720210281 0.01711266063084113 0.016884491822429903
