4 0.5891512407112527 0.7064009421443738 0.026331940021231404 0.023221868365180476
4 0.6225326764861996 0.6821423832271762 0.018867768046709088 0.01866042993630579
4 0.6239840432590233 0.6543590764331211 0.020526472929936368 0.020733811040339778
4 0.5944383625265393 0.645443537685775 0.019075106157112498 0.018660429936305678
4 0.5911209527600849 0.6766479233014862 0.01866042993630579 0.019697120488322617
4 0.7074376326963907 0.7103403662420382 0.0165870488322718 0.01700172505307851
4 0.7498382762738853 0.731696191613588 0.013891653397027581 0.012440286624203822
4 0.7824940286624205 0.7185302216029724 0.011610934182590182 0.012232948513800412
4 0.6852524548832273 0.7033945395435244 0.019489782377919318 0.019282444267515908
4 0.6805873473991507 0.6649333200636942 0.026746616242038224 0.025709925690021174
4 0.662963608014862 0.6808983545647558 0.013062300955414052 0.012440286624203822
4 0.6626526008492568 0.7024615180467091 0.019904458598726138 0.018245753715498858
4 0.80751953125 0.66259765625 0.011914062500000044 0.0107421875
4 0.83271484375 0.64912109375 0.0205078125 0.019335937500000067
4 0.85556640625 0.65234375 0.021289062499999956 0.02109374999999991
4 0.85634765625 0.6826171875 0.019726562500000044 0.020703125000000044
4 0.98359375 0.69267578125 0.028906250000000022 0.029882812500000022
4 0.97236328125 0.66865234375 0.020117187500000022 0.0185546875
4 0.967578125 0.653125 0.014843749999999933 0.013671875
4 0.951171875 0.66044921875 0.013281249999999911 0.013085937499999978
4 0.9541015625 0.6771484375 0.01992187500000009 0.01953125
4 0.9576171874999999 0.69658203125 0.021093750000000022 0.019726562499999933
4 0.9361328125 0.690625 0.021484375 0.021484375
4 0.9339843750000001 0.6666015625 0.021874999999999978 0.020703125000000044
2 0.5822456582332761 0.3891107418524871 0.018090694682675768 0.09212853773584906
