4 0.5288633542640186 0.30639876606308414 0.021904205607476634 0.025098568925233655
4 0.5619478314836449 0.30639876606308414 0.022816880841121545 0.02281688084112149
4 0.5905830169392523 0.29795652015186913 0.009811258761682207 0.010495765186915917
4 0.6016492041471964 0.2984128577686916 0.009126752336448551 0.010039427570093462
4 0.4912155008761683 0.3125593238901869 0.03239997079439255 0.03376898364485981
4 0.4915577540887851 0.3530592873831776 0.03217180198598141 0.03445349007009341
4 0.5285211010514019 0.3393691588785047 0.02167603679906538 0.025326737733644855
4 0.5629745911214954 0.33925507447429903 0.02167603679906538 0.0246422313084112
4 0.5928647050233646 0.32225649824766356 0.016199985397196248 0.01802533586448596
4 0.6112322941004673 0.32180016063084116 0.016428154205607504 0.017112660630841103
4 0.5457478460864487 0.38922404351635514 0.016428154205607504 0.018709842289719614
4 0.43987751898364486 0.36971561039719625 0.03376898364485981 0.03719151577102803
4 0.44067610981308414 0.3294438157126168 0.03445349007009341 0.03787602219626163
4 0.4983983097055616 0.47784470419847325 0.01703925845147214 0.017252249182115598
4 0.4252359937295529 0.5571837513631407 0.01853019356597596 0.018743184296619475
4 0.425555479825518 0.5805062363685933 0.020021128680479783 0.01980813794983638
4 0.4256619751908397 0.6041482074700109 0.020234119411123186 0.01980813794983638
4 0.5735840376226826 0.6559049550163577 0.01916916575790617 0.01980813794983649
4 0.5725190839694656 0.6818898241548528 0.019595147219192977 0.020234119411123297
4 0.6111769015812432 0.6329019561068703 0.017252249182115542 0.020660100872409992
4 0.63916015625 0.5423828125 0.01894531250000009 0.018750000000000044
4 0.6392578125 0.56435546875 0.018750000000000044 0.019335937499999956
4 0.5595703125 0.47294921875 0.015625 0.015039062499999978
4 0.8251405519859814 0.7708363755841121 0.016656323014018648 0.01985068633177567
4 0.8909672532126169 0.7297659900700935 0.019166179906542014 0.01985068633177567
4 0.8576546071845794 0.7294237368574767 0.019166179906542014 0.020535192757009324
4 0.5728515624999999 0.8412109375000001 0.017968749999999978 0.017968749999999978
4 0.5912109375000001 0.84130859375 0.017968749999999978 0.01816406249999991
4 0.5064453125 0.852734375 0.013671875 0.014062499999999978
4 0.506640625 0.86875 0.013281250000000022 0.012499999999999956
4 0.48828125 0.9796875 0.018750000000000044 0.019140625000000022
4 0.4546875 0.98359375 0.01835937500000001 0.017968749999999978
4 0.36797791422287396 0.8810312041788857 0.01947397360703812 0.01918759164222872
4 0.5813181589076246 0.9921617256231672 0.013144932184750768 0.011770298753665753
4 0.5940507010630498 0.9924481075879765 0.011117347873900285 0.01119753482404695
4 0.9813881664499349 0.9831660435630689 0.017270806241872605 0.0167628413524058
2 0.631805981595092 0.06823555725971367 0.017574130879345562 0.05272239263803681
2 0.501198236196319 0.018708461145194245 0.02556237218813917 0.03594708588957055
2 0.8920229422290389 0.021104933537832278 0.09066653885480569 0.024763548057259718
