4 0.504724654562982 0.61932639781491 0.03589934125964006 0.02912114395886889
4 0.48515624999999996 0.5955078125 0.03242187499999999 0.022656249999999933
4 0.53759765625 0.59638671875 0.0224609375 0.016992187499999978
4 0.4583984375 0.61787109375 0.03046874999999999 0.024023437500000022
4 0.47978515625 0.63896484375 0.0361328125 0.029492187499999933
4 0.45361328125 0.65810546875 0.035351562500000044 0.0302734375
4 0.433984375 0.63310546875 0.03593750000000001 0.028710937499999978
4 0.40361328125 0.65263671875 0.04042968749999998 0.029101562500000067
4 0.42216796874999996 0.67900390625 0.03925781249999999 0.029882812500000022
4 0.37255859375 0.68798828125 0.023632812500000044 0.02011718749999991
4 0.60732421875 0.632421875 0.023632812500000044 0.0234375
4 0.63525390625 0.638671875 0.02675781250000009 0.02499999999999991
4 0.62197265625 0.67724609375 0.0185546875 0.0185546875
4 0.5876953125 0.67041015625 0.020703124999999933 0.0205078125
4 0.5975585937500001 0.7033203125 0.022851562499999978 0.022265625000000067
4 0.6564453125 0.684765625 0.020312500000000067 0.019921874999999978
4 0.632421875 0.7111328125 0.022656250000000044 0.021484375
4 0.69658203125 0.66953125 0.016992187499999978 0.016796875000000044
4 0.72119140625 0.67275390625 0.015820312500000044 0.015820312500000044
4 0.7466796874999999 0.6767578125 0.017187500000000022 0.01718749999999991
4 0.825 0.79541015625 0.023828124999999978 0.023632812500000044
4 0.8026367187500001 0.8123046875 0.024023437500000022 0.024218750000000067
4 0.77978515625 0.829296875 0.0244140625 0.024218750000000067
4 0.8155273437499999 0.91552734375 0.03183593750000002 0.02480468750000009
4 0.7857421875 0.93818359375 0.030078124999999956 0.0263671875
4 0.86123046875 0.83271484375 0.0205078125 0.020117187500000022
4 0.8832031250000001 0.864453125 0.030859375000000022 0.0234375
4 0.8494140625 0.8900390625000001 0.030078125000000067 0.025781249999999978
2 0.9811111958237657 0.5436807100315729 0.03387135835246846 0.025919829936854155
