4 0.39794921875 0.35361328125 0.029882812500000022 0.02167968749999999
4 0.378515625 0.38037109375 0.029687500000000033 0.022070312500000022
4 0.35673828125 0.40966796875 0.028710937499999978 0.021679687500000044
4 0.42783203125 0.375390625 0.028710937500000033 0.023046874999999967
4 0.4533203125 0.39541015625 0.028906250000000022 0.0224609375
4 0.42363281249999996 0.43359375 0.02851562499999999 0.021484375
4 0.48017578125 0.414453125 0.0283203125 0.021093749999999967
4 0.45009765625 0.45341796875 0.028710937500000033 0.020898437499999978
4 0.43193359374999996 0.47861328125 0.02949218749999999 0.02324218750000001
4 0.4052734375 0.4587890625 0.029687499999999978 0.021874999999999978
2 0.7459417906178489 0.4657108123569794 0.1331879290617849 0.10637156750572085
2 0.8777889016018307 0.568953804347826 0.09206950800915337 0.07240417620137296
2 0.07021484375 0.11884765624999999 0.04628906249999999 0.018554687499999986
