4 0.4204992769922879 0.8106221883033419 0.0416733611825193 0.042175449871465265
4 0.4425911793059126 0.8554336037917738 0.0416733611825193 0.04242649421593836
4 0.4635533820694087 0.8991153197300771 0.040920228149100235 0.043430671593830406
4 0.6371505462724936 0.9116675369537275 0.015062660668380468 0.017322059768637543
4 0.6579872268637532 0.9017512853470437 0.014560571979434389 0.015564749357326435
4 0.731417697622108 0.8812911712724936 0.013807438946015438 0.01330535025706947
4 0.7374427618894601 0.8943454771850899 0.012803261568123392 0.014309527634961405
4 0.6107908901028277 0.924972887210797 0.013556394601542454 0.01581579370179942
4 0.5900797316838047 0.9366464492287917 0.014811616323907484 0.014058483290488422
4 0.5566908338688945 0.9704119135604112 0.02736383354755778 0.028368010925449938
4 0.588698987789203 0.977315633033419 0.027614877892030876 0.027614877892030876
