2 0.15962692967409947 0.22177181603773582 0.026466016295025735 0.020100771869639794
2 0.21741664879931388 0.6780593374785592 0.20770797598627785 0.052932032590051525
2 0.47621408662092624 0.7447268975128645 0.06867763722126935 0.019430746140651767
2 0.5395315180102915 0.6391978451972555 0.1537709048027444 0.040201543739279644
4 0.426953125 0.94130859375 0.03281250000000002 0.0283203125
4 0.3943359375 0.9374023437500001 0.03476562500000002 0.028710937499999978
4 0.45380859375 0.93994140625 0.018945312499999978 0.015039062500000089
4 0.53271484375 0.9640625 0.01894531250000009 0.014453125000000067
4 0.41982421875 0.9748046875 0.020117187499999967 0.016796874999999933
4 0.39404296875 0.9705078125 0.0302734375 0.023828124999999978
4 0.20048828125 0.9328125 0.024023437499999994 0.016796874999999933
4 0.20009765625 0.95048828125 0.0224609375 0.018164062500000022
4 0.18173828125000002 0.9708984375 0.033789062499999994 0.02734375
4 0.15009765625 0.9708984375 0.03339843750000002 0.02734375
4 0.12529296875 0.94287109375 0.025585937500000003 0.0224609375
4 0.10244140625 0.9422851562500001 0.02480468749999999 0.020898437499999978
4 0.08046875 0.94267578125 0.02578124999999999 0.022070312500000022
4 0.08583984375 0.9705078125 0.03457031249999999 0.028515624999999933
4 0.1177734375 0.97001953125 0.033203125 0.029101562500000067
4 0.0119140625 0.96953125 0.023046875 0.03749999999999998
