4 0.54140625 0.15361328125 0.042187500000000044 0.03691406249999998
4 0.5400390625 0.11171874999999999 0.04296875 0.036718749999999994
4 0.58544921875 0.13330078125 0.049023437500000044 0.04472656250000001
4 0.58974609375 0.09013671875 0.0341796875 0.029882812499999994
4 0.58134765625 0.0587890625 0.0341796875 0.029296875
4 0.5521484375 0.039648437499999994 0.01953125 0.015234375000000001
4 0.53251953125 0.03935546875 0.018945312499999978 0.0146484375
4 0.5412109375 0.0693359375 0.04257812500000002 0.037109375
4 0.490234375 0.05439453125 0.030078124999999956 0.024804687500000006
4 0.45908203125 0.053808593749999994 0.03144531249999999 0.024414062499999993
4 0.458984375 0.08447265625 0.030078124999999956 0.02519531250000001
4 0.4908203125 0.08515624999999999 0.032421875000000044 0.024218749999999997
4 0.4892578125 0.11513671875 0.030078124999999956 0.02519531250000001
4 0.45888671875 0.1154296875 0.029882812499999967 0.025781250000000006
4 0.45917968750000004 0.15292968750000002 0.03437499999999999 0.027734375000000006
4 0.490625 0.15380859375 0.02460937499999999 0.0205078125
4 0.49072265625 0.180078125 0.025585937500000044 0.02070312499999999
4 0.45966796875000004 0.18701171875 0.03535156249999999 0.027929687500000022
4 0.32783203125 0.18447265625 0.0439453125 0.0380859375
4 0.32236328125 0.23427734375 0.03339843749999999 0.02910156250000001
4 0.3119140625 0.08974609375 0.03789062500000001 0.0314453125
4 0.40019531249999996 0.0875 0.04179687500000001 0.0359375
4 0.39990234375 0.13701171875 0.04355468750000002 0.037695312499999994
4 0.40048828125 0.1873046875 0.04277343750000001 0.038671874999999994
4 0.27949218750000004 0.18486328125 0.04414062499999999 0.0380859375
4 0.2787109375 0.23857421875 0.04257812499999997 0.036523437500000006
4 0.22978515625 0.24453125 0.05449218749999998 0.04921875000000003
4 0.229296875 0.1845703125 0.043359375000000006 0.03867187500000002
4 0.2306640625 0.08974609375 0.05390625000000002 0.0486328125
4 0.275390625 0.08974609375 0.036328125000000044 0.03183593750000001
4 0.26923828125 0.029980468750000003 0.04042968749999998 0.0380859375
4 0.31064453125 0.0296875 0.04238281250000003 0.037500000000000006
4 0.22822265625 0.02958984375 0.041601562499999994 0.0384765625
4 0.11142578125 0.12285156250000001 0.04511718749999999 0.037109375000000014
4 0.1634765625 0.1228515625 0.04296875 0.036718749999999994
4 0.16337890625 0.07099609375 0.04277343749999998 0.0361328125
4 0.16357421875 0.01953125 0.04277343750000001 0.036718749999999994
4 0.11171875 0.01884765625 0.04335937499999999 0.0357421875
4 0.11220703124999999 0.07080078125 0.043554687499999994 0.039257812499999996
4 0.015234375 0.12919921875 0.029687500000000002 0.03691406249999998
4 0.012890625 0.0794921875 0.025 0.036328125
4 0.011328125 0.0267578125 0.021875000000000002 0.036328125
4 0.07255859375000001 0.1982421875 0.0490234375 0.04375000000000001
4 0.1322265625 0.20273437500000002 0.0421875 0.036718749999999994
4 0.1728515625 0.1970703125 0.029687499999999978 0.025390625
4 0.17333984375 0.22197265625 0.0302734375 0.023632812500000017
4 0.17343750000000002 0.24677734375 0.030859374999999994 0.024804687499999978
4 0.17109375 0.27783203125 0.03515625 0.029101562499999956
4 0.13330078125 0.2416015625 0.04082031250000001 0.03593750000000001
4 0.1333984375 0.28154296875 0.041015625 0.03652343749999998
4 0.1392578125 0.3298828125 0.05195312499999999 0.04921874999999998
4 0.07333984375 0.31132812499999996 0.0486328125 0.04375000000000001
4 0.07275390625 0.246875 0.050195312500000006 0.04453125000000002
4 0.0244140625 0.1984375 0.046484374999999994 0.044531249999999994
4 0.02451171875 0.2466796875 0.0466796875 0.04453124999999997
4 0.02509765625 0.31083984374999996 0.047070312499999996 0.04277343750000001
4 0.0232421875 0.3607421875 0.04453125 0.04375000000000001
4 0.0720703125 0.35986328125 0.047656250000000004 0.04238281249999998
4 0.9889339888555788 0.2365470623696559 0.01822577228884248 0.022999625260688217
4 0.9935163989181439 0.2639060870698644 0.009060952163712166 0.019062825860271138
4 0.9936182302528676 0.2929728232533889 0.008857289494264897 0.023429353493222116
4 0.6998351736706689 0.09262435677530018 0.04422169811320753 0.03718642795883362
