4 0.6711205218068537 0.7649739583333333 0.057194314641744515 0.05567318925233644
4 0.7159937207943925 0.8207992601246106 0.06054079049844241 0.05658586448598135
4 0.5517121787383178 0.8653682340342679 0.04167883566978192 0.03620278426791279
4 0.5515600661993769 0.9091766452492211 0.04198306074766356 0.036811234423676065
4 0.54836570288162 0.9497906931464175 0.03741968457943934 0.03468165887850472
4 0.7461120035046729 0.9640892718068537 0.040461935358255485 0.034073208722741444
4 0.7619317075545171 0.8814921631619939 0.05749853971962615 0.05689008956386299
4 0.7859654887071652 0.9496385806074767 0.03924503504672894 0.03559433411214952
4 0.8247541861370716 0.9329062013239875 0.03529010903426788 0.036811234423676065
4 0.8502938814252337 0.9839582116433021 0.03769348714953269 0.02817732671339568
4 0.8106837762850467 0.9915638385903427 0.03878869742990654 0.012966072819314611
4 0.8389006522585669 0.7899204147196262 0.02890138239875395 0.025250681464174418
4 0.8183654595015577 0.7794246495327103 0.02129575545171336 0.020687305295950198
4 0.8103034949376947 0.7988950545171339 0.025250681464174418 0.020078855140186924
4 0.8285569996105919 0.8134978582554517 0.02890138239875384 0.02129575545171347
4 0.8649118964174455 0.8381400895638629 0.02129575545171347 0.022512655763239908
4 0.9009625681464175 0.823689398364486 0.025859131619937692 0.026467581775700966
4 0.9307766257788161 0.8363147390965733 0.03437743380062297 0.030422507788162023
4 0.9196724104361371 0.8630865459501558 0.03468165887850472 0.028597157320872313
4 0.8912273656542056 0.8504612052180686 0.02890138239875395 0.02707603193146424
4 0.9242357866043613 0.7284669489875389 0.02616335669781933 0.02342533099688482
4 0.77373046875 0.7701171875 0.016992187499999978 0.014843750000000044
4 0.74189453125 0.755859375 0.015820312499999933 0.01601562500000009
4 0.8033203125 0.67119140625 0.032421875000000044 0.029101562500000067
4 0.832421875 0.684375 0.03125 0.02734375
4 0.79365234375 0.70654296875 0.0205078125 0.015039062500000089
4 0.77529296875 0.71181640625 0.0205078125 0.015429687499999956
4 0.73369140625 0.7005859375000001 0.030664062499999978 0.021874999999999978
4 0.57900390625 0.6226562499999999 0.013867187500000044 0.011328125000000022
4 0.61220703125 0.6193359375 0.015820312500000044 0.014453125000000067
4 0.633984375 0.622265625 0.022265625000000067 0.019921874999999978
4 0.61982421875 0.6599609375 0.0166015625 0.013671875
4 0.580078125 0.66015625 0.015234374999999911 0.013281249999999911
4 0.56171875 0.63017578125 0.014062499999999978 0.013867187499999933
4 0.54462890625 0.63828125 0.015039062499999978 0.013671875
4 0.5275390625 0.64599609375 0.014843749999999933 0.013085937500000089
4 0.51015625 0.65361328125 0.015625 0.013476562500000067
4 0.51142578125 0.69755859375 0.019335937500000067 0.0166015625
4 0.5294921875 0.687109375 0.015234375000000022 0.015625
4 0.54658203125 0.67919921875 0.017382812500000067 0.015039062500000089
4 0.56474609375 0.6708984375 0.013867187499999933 0.011328124999999911
4 0.7001953125 0.67021484375 0.026562500000000044 0.021289062500000067
4 0.68046875 0.6841796874999999 0.025000000000000022 0.023046875000000022
