4 0.4034282615681234 0.5717534945372751 0.035146208226221054 0.028368010925449938
4 0.38623172397172234 0.6027574710796915 0.03941396208226222 0.02912114395886889
4 0.3682820533419023 0.6343890584832905 0.02912114395886889 0.025606523136246895
4 0.45451578566838047 0.653970517352185 0.07556434768637532 0.07330494858611825
4 0.4069428823907455 0.7223801012210798 0.06677779562982006 0.05899542095115684
4 0.41447421272493573 0.8035929466580977 0.06276108611825193 0.05824228791773778
4 0.48915990520565544 0.8432579530848329 0.06251004177377889 0.0597485539845759
4 0.5241805912596401 0.7558945212082262 0.07631748071979438 0.07380703727506432
4 0.6148075996143958 0.8206639620822622 0.07631748071979427 0.07029241645244222
4 0.684346883033419 0.8725046192159382 0.07531330334190234 0.0705434607969152
4 0.6706649662596401 0.6229665408097687 0.07405808161953731 0.07154763817480714
4 0.6243472847043701 0.699284021529563 0.07330494858611825 0.07154763817480714
4 0.7794926895886889 0.6936355237789202 0.07681956940874035 0.07179868251928012
4 0.8531742046915167 0.7442209591902313 0.07757270244215941 0.07255181555269918
4 0.7150998152313625 0.7592836198586118 0.07707061375321334 0.07255181555269918
4 0.8502871947300772 0.6007491163239074 0.0758153920308483 0.07179868251928012
4 0.8008314588688945 0.813383676092545 0.07481121465295637 0.07029241645244222
4 0.9432991243573264 0.8246806715938303 0.0760664363753214 0.07681956940874035
4 0.8899522011568123 0.8929647332904884 0.07681956940874035 0.07280285989717217
4 0.9734972485539846 0.7077166010604112 0.049099252892030876 0.07284804787917742
4 0.9594914845758354 0.5756446818766067 0.07481121465295626 0.07481121465295626
4 0.9904427418059125 0.6368944810411311 0.015208266388174851 0.02308603791773778
4 0.20271830816195371 0.6878615038560411 0.028368010925449882 0.025606523136246784
4 0.19581458868894602 0.6643888576478149 0.023096079691516697 0.021338769280205616
4 0.3296212242930591 0.7011668541131105 0.025606523136246784 0.023096079691516724
4 0.33024883515424164 0.7198696577763496 0.021338769280205616 0.018828325835475557
4 0.33037435732647813 0.6769410748714653 0.018577281491002573 0.015313705012853562
4 0.3466922397172236 0.6871083708226221 0.020083547557840586 0.016066838046272514
4 0.3396629980719794 0.6620039363753214 0.016066838046272514 0.017573104113110527
4 0.3558553582904884 0.6695352667095116 0.02485339010282772 0.020083547557840586
4 0.63115234375 0.03427734375 0.07441406249999993 0.06777343749999999
4 0.69169921875 0.0291015625 0.03183593750000002 0.02578125
4 0.70830078125 0.009570312499999999 0.031054687500000067 0.018359375
4 0.64873046875 0.1126953125 0.0400390625 0.03515625
4 0.68310546875 0.13525390625 0.0419921875 0.0380859375
4 0.65927734375 0.173828125 0.039257812500000044 0.03398437500000001
4 0.62529296875 0.14833984375 0.03925781249999993 0.03339843749999999
4 0.573046875 0.109765625 0.041015625 0.03554687499999999
4 0.530859375 0.10927734375 0.042187500000000044 0.0361328125
4 0.5423828125000001 0.15302734375 0.04140624999999998 0.0361328125
4 0.59375 0.21718749999999998 0.037109375 0.034765624999999994
4 0.61943359375 0.2388671875 0.0361328125 0.03242187499999999
4 0.57392578125 0.249609375 0.0400390625 0.03632812499999999
4 0.58505859375 0.29541015625 0.036914062499999956 0.03457031249999998
4 0.739453125 0.18759765625000002 0.03828124999999993 0.034570312500000006
4 0.7616210937500001 0.15302734375 0.03574218750000002 0.0341796875
4 0.75517578125 0.08447265625 0.03847656249999998 0.03339843749999999
4 0.7712890625 0.01826171875 0.0390625 0.0345703125
4 0.81083984375 0.01083984375 0.03964843750000002 0.020898437500000002
4 0.7955078125 0.17841796875 0.038281250000000044 0.034570312500000006
4 0.77158203125 0.21611328125 0.0400390625 0.034570312500000006
4 0.7482421875 0.25 0.03984375000000007 0.03671875000000002
4 0.71728515625 0.2236328125 0.03847656250000009 0.03398437500000001
4 0.68095703125 0.28037109375 0.03730468749999993 0.03144531249999999
4 0.7157226562500001 0.30244140625 0.03964843750000002 0.0341796875
4 0.6923828125 0.33828125 0.03945312500000009 0.03476562499999997
4 0.65693359375 0.31494140625 0.03964843750000002 0.03457031249999998
4 0.8412537917087968 0.32226365015166836 0.04226175429726997 0.035942239635995965
4 0.8218015356420626 0.24712067113245706 0.04048439079878663 0.0365346941354904
4 0.8510292909504549 0.19083749368048536 0.036929663801820056 0.03337493680485337
4 0.7983995829120323 0.2813842896865521 0.03949696663296254 0.036732178968655216
4 0.770159251769464 0.32542340748230536 0.04344666329625879 0.03633720930232559
4 0.7411289812942365 0.3673889345298281 0.0387070273003034 0.03613972446916075
4 0.9799819498862488 0.373910871145096 0.03612985022750259 0.037334507709807896
4 0.9821592201718907 0.3420121334681496 0.028635300808897868 0.024093149646107148
4 0.9850178131319514 0.3138498088346815 0.026058123736097172 0.024644132330637003
4 0.9891649946284125 0.28744016209555107 0.017763760743174983 0.022775925808897868
4 0.9246911337209301 0.2705226238624874 0.04087936046511631 0.035152300303336714
4 0.8925011059150656 0.243467201718908 0.036139724469160694 0.03199254297269971
4 0.8652481989383215 0.2890861981799798 0.03890451213346813 0.03633720930232559
4 0.8950684087462082 0.3179189838220425 0.04127433013144588 0.034362360970677464
4 0.871468971183013 0.35277505687563193 0.04147181496461072 0.03455984580384225
4 0.842537443124368 0.38457011501516686 0.03929948179979781 0.034954815470171874
4 0.8115323243174923 0.3550461324570273 0.03811457280080899 0.035152300303336714
