4 0.53857421875 0.303125 0.019335937499999956 0.01640625000000001
4 0.55009765625 0.2912109375 0.0185546875 0.013281250000000022
4 0.5601562499999999 0.2794921875 0.017187500000000022 0.014062499999999978
4 0.5513671875 0.2640625 0.021484375 0.01679687499999999
4 0.53681640625 0.2765625 0.024023437500000022 0.017187500000000022
4 0.52373046875 0.28935546875 0.021289062500000067 0.015039062499999978
4 0.498828125 0.26611328125 0.025000000000000022 0.018164062500000022
4 0.51083984375 0.229296875 0.023632812500000044 0.019140624999999994
4 0.46533203125 0.21904296875 0.016992187499999978 0.013476562499999983
4 0.7245181074766356 0.48220283294392524 0.02715208820093462 0.02076336156542058
4 0.701130804614486 0.52909152307243 0.019622517523364524 0.017797167056074703
4 0.7136800890771029 0.5423253139602804 0.017797167056074703 0.015971816588785104
4 0.7280547240070094 0.5547605140186916 0.020991530373831835 0.016656323014018648
4 0.7061505183995327 0.4670296071845794 0.020991530373831835 0.01916617990654207
4 0.3380001460280374 0.179422824182243 0.03947320385514019 0.03308447721962615
4 0.3924184068341121 0.23212981892523366 0.03422532126168226 0.0317154643691589
4 0.32556494596962615 0.24559177862149534 0.03741968457943928 0.03354081483644858
4 0.29624525408878505 0.2766227365654206 0.03125912675233644 0.028521101051401876
4 0.3531733717873832 0.27753541179906543 0.03376898364485981 0.02897743866822433
4 0.43029442903037385 0.2668114778037383 0.02646758177570091 0.02806476343457942
4 0.45231271904205606 0.2891720210280374 0.03856052862149534 0.03901686623831774
4 0.480833820093458 0.3140424211448598 0.03901686623831774 0.03582250292056077
4 0.3981226270443925 0.3132438303154206 0.052478825934579476 0.046090099299065435
4 0.4332606235397196 0.34176493136682246 0.051566150700934565 0.04700277453271029
4 0.3231691734813084 0.30674101927570097 0.03627884053738317 0.03445349007009346
4 0.3090227073598131 0.3877409462616822 0.03947320385514019 0.03490982768691592
4 0.33925507447429903 0.417174722546729 0.03787602219626168 0.03308447721962615
4 0.37154096086448596 0.4433000511098131 0.03901686623831774 0.03468165887850466
4 0.4231071115654206 0.3904789719626168 0.0490562938084112 0.044949255257009324
4 0.386942355432243 0.3583071699766355 0.04243939836448596 0.04403658002336447
4 0.36150153329439255 0.3437043662383178 0.0244140625 0.025783075350467255
4 0.261677679614486 0.4142085280373832 0.042439398364485986 0.03582250292056077
4 0.2916818779205608 0.4451254015771028 0.03673517815420563 0.030118282710280386
4 0.32088748539719625 0.4629225686331776 0.03308447721962615 0.02555490654205611
4 0.4529972254672897 0.4249324620327103 0.03125912675233644 0.02578307535046731
4 0.4653183411214953 0.36948744158878505 0.028521101051401876 0.02806476343457942
4 0.4831155081775701 0.3943578417056075 0.03764785338785054 0.03719151577102803
4 0.48779296875 0.4559634199766355 0.03376898364485981 0.030346451518691586
4 0.5203070239485982 0.4324620327102804 0.03262813960280364 0.03080278913551404
4 0.4033705096378505 0.476156359521028 0.04198306074766356 0.03696334696261683
4 0.5885294976635514 0.6568660557827104 0.047230943341121545 0.04791544976635509
4 0.6313111492406542 0.6943998247663552 0.05932389018691586 0.053619669976635476
4 0.6280027015186916 0.6193322867990655 0.054076007593457875 0.051794319509345765
4 0.667133652161215 0.5803154205607477 0.05749853971962615 0.050425306658878455
4 0.7053519275700935 0.6169365143107477 0.05818304614485981 0.05384783878504673
4 0.6678181585864487 0.6554970429322431 0.05156615070093462 0.05110981308411222
4 0.5663971232476636 0.5594379745911215 0.056814033294392496 0.0497408002336448
4 0.6047294830607477 0.520649277161215 0.057726708528037296 0.050197137850467366
4 0.5620619158878506 0.4834577613901869 0.049968969042056055 0.049284462616822455
4 0.5287492698598131 0.5242999780957944 0.05818304614485992 0.050197137850467366
4 0.49235634491822433 0.5643436039719627 0.05704220210280381 0.051794319509345765
4 0.5321718019859814 0.600850613317757 0.057726708528037296 0.051794319509345765
4 0.814050572519084 0.5186324291166848 0.02513290621592157 0.01703925845147225
4 0.8027620637949837 0.5343937431842967 0.02470692475463465 0.018317202835332558
4 0.7901956106870229 0.5447237936205016 0.020021128680479783 0.014696360414394705
4 0.8096842625408942 0.5950961014176663 0.02662384133042528 0.0212990730643402
4 0.7763512131952017 0.6702818293347874 0.04089422028353329 0.03322655398037078
4 0.8037205220828789 0.6962666984732824 0.04238515539803711 0.035782442748091614
4 0.8330067475463467 0.7225710537077425 0.04302412758996732 0.03343954471101418
4 0.8124531420392584 0.7549456447655398 0.038551322246455855 0.029179730098146117
4 0.7876397219193021 0.7336465717011995 0.03535646128680481 0.02875374863685931
4 0.7683640607960742 0.7152228735005453 0.03599543347873502 0.029818702290076327
4 0.7491948950381679 0.6941367911668483 0.033865526172300986 0.0281147764449291
4 0.7150098827699018 0.7322621319520175 0.03748636859323884 0.03067066521264994
4 0.735989469738277 0.7503663440567067 0.03940328516902947 0.031096646673936856
4 0.7724108846782989 0.7873202358233369 0.03003169302071973 0.024067952562704442
4 0.3071313764755481 0.05665050590219224 0.027337162731871867 0.025031618887015182
4 0.035546875000000006 0.24013671875 0.025 0.0185546875
4 0.007421875 0.22421875 0.014453125 0.017578125
4 0.0306640625 0.25830078125 0.013671875 0.013867187500000044
4 0.01689453125 0.2560546875 0.0130859375 0.012109374999999978
4 0.005859375 0.25341796875 0.01171875 0.011132812499999978
4 0.0181640625 0.2748046875 0.015625 0.015234374999999967
4 0.031640625 0.27734375 0.012109375000000002 0.010546874999999956
4 0.00537109375 0.27119140625 0.0099609375 0.0126953125
4 0.014453124999999999 0.31953125 0.028125 0.0234375
4 0.01953125 0.29375 0.0234375 0.021874999999999978
4 0.026269531250000002 0.6483398437500001 0.0298828125 0.025976562500000022
4 0.0693359375 0.7320312499999999 0.07734374999999999 0.07265624999999998
4 0.15263671875 0.76005859375 0.07714843750000001 0.0712890625
4 0.2924137636612022 0.82623235428051 0.07969034608378867 0.07506545992714031
4 0.22232895036429873 0.911436987704918 0.08182490892531877 0.0768442622950819
