2 0.6489559496567505 0.7381203518306636 0.07151029748283755 0.07285111556064083
2 0.8809174771167048 0.4898455377574371 0.07151029748283755 0.07597969107551489
4 0.31123046875 0.1421875 0.05136718750000002 0.048828125
4 0.2865234375 0.03759765625 0.04843749999999997 0.0478515625
4 0.49443359375 0.0220703125 0.09628906250000002 0.044140625
4 0.6270507812499999 0.034277343749999994 0.08730468749999998 0.0673828125
4 0.09160156250000001 0.088671875 0.065625 0.06523437500000001
4 0.736775548696845 0.8574727794924555 0.025720164609053575 0.025452246227709252
4 0.802281592935528 0.9344993141289437 0.03188228737997256 0.03161436899862824
4 0.8223754715363512 0.9107885373799726 0.02813143004115226 0.028667266803840796
4 0.8367091049382716 0.8898909036351166 0.020361796982167335 0.019558041838134477
4 0.80947265625 0.84736328125 0.0322265625 0.025195312500000067
4 0.8172851562500001 0.8658203124999999 0.020898437499999978 0.016015624999999978
4 0.81259765625 0.880859375 0.0205078125 0.018750000000000044
4 0.79609375 0.8720703125 0.020312500000000067 0.01796875000000009
4 0.788671875 0.85693359375 0.018750000000000044 0.01621093749999991
4 0.78359375 0.8414062499999999 0.020312499999999956 0.017968749999999978
4 0.7889648437500001 0.82353515625 0.018945312499999978 0.0146484375
4 0.7765625 0.81162109375 0.021484375 0.0166015625
4 0.76435546875 0.82275390625 0.019335937500000067 0.015429687499999956
4 0.754296875 0.8701171875 0.018750000000000044 0.020703125000000044
4 0.77294921875 0.8804687499999999 0.02089843750000009 0.021093750000000022
4 0.7974609375 0.8912109374999999 0.022656250000000044 0.019140625000000022
4 0.78330078125 0.90595703125 0.027148437499999956 0.024023437500000022
4 0.7093257953084833 0.9684035588046273 0.017322059768637543 0.01581579370179953
