3 0.16004569575471697 0.19063237028301883 0.1286114386792453 0.12050412735849056
3 0.1970813679245283 0.32956220518867924 0.12308372641509435 0.11239681603773588
3 0.24019752358490565 0.46535966981132076 0.12160966981132074 0.11423938679245282
3 0.2752063679245283 0.5936025943396226 0.07665094339622638 0.0663325471698114
3 0.5432736028439153 0.14515645667989419 0.14674272486772488 0.12142443783068782
3 0.5877097800925927 0.2824694113756614 0.14312582671957674 0.1216827876984127
3 0.6860077247191011 0.5517029494382022 0.1220154494382022 0.1114817415730337
3 0.7277036516853932 0.6998332162921348 0.1299157303370787 0.11894311797752799
3 0.7724719101123596 0.8376492275280898 0.1307935393258427 0.1180653089887641
3 0.9282830056179775 0.253467345505618 0.0825140449438202 0.06715238764044945
3 0.9664567240168539 0.3979656776685393 0.06318030196629221 0.06734989466292135
