4 0.65205078125 0.21621093749999998 0.011523437500000067 0.010156250000000006
4 0.67421875 0.23076171875 0.017578125 0.018164062499999994
4 0.67451171875 0.19208984375 0.022070312500000022 0.019335937499999983
4 0.6065429687499999 0.044042968749999994 0.024023437500000022 0.0201171875
4 0.59326171875 0.06621093750000001 0.025195312499999956 0.020703125000000003
4 0.63310546875 0.0888671875 0.020898437499999978 0.019140624999999994
4 0.61748046875 0.13701171875 0.0244140625 0.021679687500000017
4 0.64541015625 0.15458984375 0.027148437499999956 0.025195312499999983
4 0.6267578125 0.18134765625 0.03125 0.025976562499999994
4 0.58955078125 0.16884765624999998 0.03574218750000002 0.031835937499999994
4 0.56123046875 0.11777343750000001 0.04042968749999998 0.035546875000000006
4 0.9663791546242775 0.3966988800578035 0.01580563583815031 0.016708815028901702
4 0.9905674223265896 0.396540823699422 0.014958905346820872 0.02723085260115604
4 0.981648527817919 0.44785269147398843 0.03279669436416188 0.041794617052023086
4 0.8728515625 0.54384765625 0.018359375000000067 0.0146484375
4 0.89404296875 0.56865234375 0.019335937499999956 0.0166015625
2 0.2546875 0.6744140625 0.025000000000000022 0.024609375000000044
2 0.2458984375 0.681640625 0.025390625 0.024609375000000044
2 0.2373046875 0.68798828125 0.02226562500000001 0.023632812500000044
2 0.1406396119077307 0.7724828553615961 0.09327267768079801 0.08718438279301755
4 0.8931640625 0.55087890625 0.01953125 0.015429687499999956
