2 0.23136317172897197 0.10587032710280374 0.09096329828660435 0.09248442367601248
4 0.489453125 0.15302734375 0.022656249999999933 0.021289062499999983
4 0.462109375 0.19501953125 0.03476562500000002 0.0322265625
4 0.50908203125 0.17509765625 0.025195312500000067 0.021679687500000017
4 0.5267578125000001 0.1953125 0.019140625000000022 0.017578125
4 0.42587890625 0.20478515625 0.0263671875 0.024023437499999994
4 0.505859375 0.25146484375 0.03359375000000003 0.0302734375
4 0.46376953125 0.27958984374999996 0.04160156249999997 0.03691406250000001
4 0.56650390625 0.25556640625 0.045117187500000044 0.0400390625
4 0.57939453125 0.316796875 0.04746093750000002 0.04179687500000001
4 0.52470703125 0.32578125 0.022851562499999978 0.017187499999999967
4 0.45703125 0.33203125 0.042187500000000044 0.038281250000000044
4 0.35322265625 0.29033203125 0.04433593749999998 0.0400390625
4 0.3203125 0.347265625 0.04257812500000002 0.03554687500000003
4 0.36044921875 0.37080078125000004 0.03964843749999997 0.03691406250000001
4 0.31220703125000004 0.3900390625 0.03535156249999999 0.03046874999999999
4 0.34619140625 0.41201171875 0.033007812499999956 0.02949218749999999
4 0.269140625 0.32265625 0.03007812500000001 0.02734375
4 0.2544921875 0.37353515625 0.04648437499999997 0.042773437499999956
4 0.6654296875000001 0.2724609375 0.04648437500000002 0.04453125000000002
4 0.67529296875 0.345703125 0.05136718749999991 0.046875
4 0.5916015625 0.4671875 0.07109375000000007 0.06328125000000001
4 0.5293533236994219 0.4176977962427746 0.052610187861271696 0.04786849710982655
4 0.4651147037572254 0.42876174132947975 0.05283598265895956 0.05148121387283239
4 0.512870303468208 0.4848717485549133 0.05938403179190743 0.055319725433525924
4 0.444680274566474 0.498306539017341 0.04312680635838151 0.041997832369942145
4 0.4086660043352601 0.45393786127167635 0.04470736994219654 0.04132044797687856
4 0.34111328124999996 0.501171875 0.01972656249999999 0.017187500000000022
4 0.32041015625 0.49267578125 0.01777343749999999 0.0146484375
4 0.30205078125 0.4837890625 0.018164062500000022 0.015234374999999967
4 0.28095703125 0.47470703125 0.0185546875 0.015039062500000033
4 0.29248046875 0.513671875 0.0185546875 0.01796875000000009
4 0.31259765625 0.5248046875 0.01933593750000001 0.014843750000000044
4 0.33115234375 0.53408203125 0.018164062499999967 0.013867187500000044
4 0.35166015625 0.54365234375 0.0166015625 0.015039062499999978
4 0.25732421875 0.46484375 0.026757812499999978 0.025781249999999978
4 0.26337890625 0.5080078125 0.0341796875 0.028906250000000022
4 0.25634765625 0.57197265625 0.0341796875 0.030664062499999978
4 0.19560546875 0.55078125 0.049414062499999994 0.04453124999999991
4 0.17626953125 0.670703125 0.03964843750000002 0.03398437500000007
4 0.2474609375 0.648828125 0.05507812500000003 0.051562499999999956
4 0.3232421875 0.58369140625 0.014062499999999978 0.013085937499999978
4 0.34248046875000004 0.58125 0.013476562500000011 0.01171875
4 0.36738281250000004 0.5919921875 0.02070312499999999 0.01953125
4 0.39697265625 0.58740234375 0.019335937499999956 0.02011718749999991
4 0.39853515625 0.63330078125 0.0205078125 0.01894531250000009
4 0.3275390625 0.65595703125 0.0546875 0.0517578125
4 0.33642578125 0.741015625 0.054882812500000044 0.05078125
4 0.390625 0.7671875 0.016406249999999956 0.014843750000000044
4 0.41298828125 0.7689453125000001 0.01738281250000001 0.017187500000000022
4 0.4828125 0.71337890625 0.017968750000000033 0.015039062500000089
4 0.4990234375 0.7115234374999999 0.020312499999999956 0.016015624999999978
4 0.6415845152743143 0.7128175654613467 0.021187266209476308 0.017534289276808
4 0.7002756779925188 0.8109608790523691 0.07476426122194513 0.070137157107232
4 0.5835021820448878 0.8433506078553616 0.07354660224438903 0.06916302992518708
4 0.6236849283042394 0.9467298550498754 0.07646898379052369 0.06940656172069826
4 0.7296212593516209 0.9216460801122195 0.07354660224438903 0.07038068890274318
4 0.3374844195156695 0.8623519853988604 0.07400730056980054 0.0726161858974359
4 0.4163606214387464 0.8272958956552705 0.02086672008547008 0.01975382834757833
4 0.4397313479344729 0.830078125 0.019753828347578384 0.01808449074074081
4 0.47423099180911676 0.9095107727920227 0.07372907763532766 0.07011217948717952
4 0.3640686209045584 0.9739499866452992 0.07264400819088324 0.048193776709401726
4 0.098046875 0.8314453125 0.013281250000000008 0.01171875
4 0.08017578125 0.83837890625 0.02402343750000001 0.02089843750000009
4 0.09912109375 0.8462890625 0.014257812499999994 0.012890625000000044
4 0.0904296875 0.86083984375 0.01992187499999999 0.0166015625
4 0.07011718750000001 0.871484375 0.026562500000000003 0.021484375
4 0.04833984375 0.85888671875 0.013085937500000006 0.011132812500000089
4 0.04912109375 0.83994140625 0.019726562499999996 0.017382812499999956
4 0.050390625 0.87177734375 0.010546874999999997 0.011132812499999978
4 0.052636718750000006 0.8857421875 0.013085937499999999 0.010156250000000089
4 0.05419921875 0.8986328125 0.011914062500000003 0.010546875000000067
4 0.08486328125 0.90078125 0.0166015625 0.012499999999999956
4 0.09843750000000001 0.89208984375 0.012499999999999997 0.011132812500000089
4 0.11650390625000001 0.8859375 0.015820312500000003 0.01171875
4 0.13193359375 0.8758789062500001 0.0224609375 0.018164062500000022
4 0.13408203125 0.8982421875 0.023632812500000003 0.01953125
4 0.11083984375 0.900390625 0.0166015625 0.014843750000000044
4 0.09736328125 0.9115234375000001 0.016992187500000006 0.013281250000000022
4 0.078515625 0.9130859375 0.020312499999999997 0.015234374999999911
4 0.177734375 0.871484375 0.023828124999999978 0.018359374999999956
4 0.2255859375 0.86689453125 0.052734375 0.04667968750000007
4 0.19667968749999998 0.91064453125 0.031640625000000006 0.02871093750000009
4 0.2375 0.91435546875 0.03437500000000002 0.03261718749999998
4 0.24326171875000002 0.95576171875 0.036523437500000006 0.0302734375
4 0.21953125 0.9857421875 0.037500000000000006 0.024609375000000044
