4 0.642578125 0.10917968750000001 0.07421875 0.06640625000000001
4 0.560546875 0.037988281250000006 0.07382812499999991 0.0673828125
4 0.45205078125 0.05478515625 0.07207031250000001 0.06894531250000001
4 0.737109375 0.05322265625 0.07500000000000007 0.0697265625
4 0.80634765625 0.12001953125 0.07207031250000007 0.06972656249999999
4 0.89443359375 0.03125 0.0224609375 0.021875000000000002
4 0.92197265625 0.032421875 0.021289062499999956 0.016015625
4 0.963671875 0.05908203125 0.01171875 0.011914062499999996
4 0.977734375 0.056933593750000004 0.017187500000000022 0.013867187500000003
4 0.9180664062499999 0.06015625 0.025976562500000022 0.02304687500000001
4 0.89501953125 0.06455078125 0.025585937500000044 0.0248046875
4 0.92890625 0.10849609375 0.021484375 0.021289062499999997
4 0.9521484375 0.1072265625 0.025390625 0.025781250000000006
4 0.97236328125 0.10078124999999999 0.017382812500000067 0.018359374999999997
4 0.98935546875 0.0982421875 0.017382812499999956 0.018359374999999997
4 0.9876953125 0.12265625 0.020703125000000044 0.028124999999999997
4 0.96591796875 0.136328125 0.031445312500000044 0.03203125
4 0.94375 0.1271484375 0.016796875000000044 0.016015625000000006
4 0.2298828125 0.03994140625 0.04726562500000003 0.0431640625
4 0.29179687499999996 0.09736328125 0.05156250000000001 0.048242187500000006
4 0.3521484375 0.0828125 0.04960937500000001 0.048437499999999994
4 0.18623046875 0.36806640625 0.022851562500000006 0.01972656249999999
4 0.20644531249999998 0.3720703125 0.016015625000000006 0.012109374999999978
4 0.21962890625 0.3603515625 0.0185546875 0.015234375000000022
4 0.1978515625 0.41416015625 0.04804687499999999 0.04472656250000001
4 0.15537109375000002 0.378125 0.031835937499999994 0.030859375000000022
4 0.11904296875 0.383984375 0.0333984375 0.03125
4 0.125 0.43125 0.02968749999999999 0.02656249999999999
4 0.151171875 0.43632812499999996 0.016406249999999983 0.014843749999999989
4 0.04736328125 0.38466796875 0.020117187499999994 0.016992187500000033
4 0.03935546875 0.4259765625 0.0458984375 0.04257812500000002
4 0.22617187500000002 0.37587890625 0.013281249999999994 0.010351562499999967
4 0.22890625 0.38564453125 0.010937499999999989 0.009179687500000033
4 0.2802734375 0.42646484375000004 0.015625 0.013867187499999989
4 0.1357421875 0.53544921875 0.03671875000000001 0.0302734375
4 0.0728515625 0.548828125 0.043359375 0.037109375
4 0.02978515625 0.38564453125 0.011914062500000003 0.011523437500000011
4 0.03828125 0.33876953125 0.010156249999999999 0.0107421875
4 0.04072265625 0.32275390625 0.020507812500000003 0.0166015625
4 0.30419921875 0.18955078125 0.037304687500000044 0.03105468750000001
4 0.3408203125 0.1822265625 0.036328125000000044 0.03242187499999999
4 0.3248046875 0.21982421875 0.03554687500000003 0.03105468750000001
4 0.4046875 0.21337890625 0.019140624999999967 0.0166015625
4 0.41982421875 0.2107421875 0.01777343749999999 0.017578125
4 0.35029296875000004 0.20986328125 0.02363281249999999 0.02128906250000001
4 0.443359375 0.17216796875 0.027734374999999978 0.025585937500000017
4 0.45478515625 0.29482421875 0.022851562499999978 0.022851562500000033
4 0.51015625 0.29404296875 0.037109375 0.03691406250000001
4 0.55654296875 0.2791015625 0.029101562499999956 0.023828124999999978
4 0.55341796875 0.2359375 0.020117187500000022 0.01874999999999999
4 0.635546875 0.33740234375 0.0234375 0.018164062500000022
4 0.6396484375 0.36513671875 0.020703125000000044 0.018945312500000033
4 0.6794921875 0.34013671874999996 0.026562499999999933 0.02324218750000001
4 0.730078125 0.33125 0.03515625 0.03164062499999998
4 0.30449218749999996 0.423046875 0.01679687499999999 0.015234375000000022
4 0.32978515625000004 0.41621093750000004 0.01972656249999999 0.01874999999999999
4 0.15146484375000002 0.14794921875 0.020117187499999994 0.018164062500000022
4 0.13583984375 0.15419921875 0.01933593750000001 0.0166015625
4 0.12392578125 0.16181640625 0.02089843749999999 0.017382812499999983
4 0.15566406249999998 0.05810546875 0.015234374999999994 0.014257812499999994
4 0.141796875 0.06103515625 0.012499999999999983 0.0126953125
4 0.12880859375 0.06435546875 0.013867187500000003 0.010742187500000007
4 0.11845703125 0.06630859375 0.013476562499999983 0.009960937500000003
4 0.1076171875 0.068359375 0.013671875 0.010937499999999989
4 0.1037109375 0.05595703125 0.009765625 0.011132812499999999
4 0.11347656249999999 0.05537109375 0.010546874999999997 0.0087890625
4 0.12255859375 0.05205078125 0.009179687499999992 0.009960937499999996
4 0.146484375 0.04775390625 0.012109374999999978 0.009570312499999997
4 0.133984375 0.04931640625 0.009765625 0.011523437499999997
4 0.16123046875000002 0.08359375 0.013085937500000006 0.013281250000000008
4 0.14619140625 0.08525390625 0.0146484375 0.0126953125
4 0.134375 0.0876953125 0.01171875 0.010156250000000006
4 0.12099609375 0.0900390625 0.011523437500000011 0.01171875
4 0.112109375 0.10048828125 0.013281249999999994 0.014257812500000008
4 0.1314453125 0.09921875 0.01171875 0.013671875
4 0.14287109375 0.098046875 0.0107421875 0.012499999999999997
4 0.15625 0.0962890625 0.01171875 0.014062499999999992
4 0.10224609374999999 0.01337890625 0.009960937500000003 0.009960937500000001
4 0.111328125 0.0123046875 0.010937499999999989 0.0109375
4 0.1185546875 0.01005859375 0.0078125 0.009570312499999999
4 0.12939453125 0.0076171875 0.011132812499999992 0.01015625
4 0.1396484375 0.0060546875 0.010937499999999989 0.01015625
4 0.1513671875 0.0052734375 0.011328125000000022 0.008984375
4 0.2122292610419026 0.6133608791053227 0.017916548697621743 0.015041053227633161
4 0.07796574178935448 0.6165681625141562 0.040035744620611546 0.0360542893544733
4 0.13226836778029447 0.6201072338618346 0.03008210645526617 0.02764899490373729
4 0.16699550537938845 0.6225403454133636 0.01946489241223104 0.015704629105322776
4 0.19176900481313705 0.6180059102491506 0.011059597961494916 0.010174830124575318
4 0.47705078125 0.28642578125 0.0107421875 0.0107421875
4 0.47890625 0.2978515625 0.010937499999999989 0.010156249999999978
4 0.890234375 0.19658203125 0.03125 0.029492187500000017
4 0.86025390625 0.22499999999999998 0.023242187499999956 0.023828125000000006
4 0.8572265625 0.2541015625 0.018749999999999933 0.017187499999999994
4 0.88544921875 0.2474609375 0.027929687500000022 0.027734375000000033
4 0.9502929687499999 0.23623046875 0.03457031249999998 0.03496093750000001
4 0.92333984375 0.90498046875 0.015039062500000089 0.016210937500000022
4 0.9388671875000001 0.91279296875 0.017968749999999978 0.018164062500000022
