4 0.50361328125 0.44560546875 0.024804687499999978 0.0224609375
4 0.47705078125 0.4458984375 0.029492187500000044 0.02656249999999999
4 0.45234375000000004 0.445703125 0.02617187500000001 0.024999999999999967
4 0.4275390625 0.44580078125 0.023828124999999978 0.022851562499999978
4 0.427734375 0.47216796875 0.023828124999999978 0.022851562499999978
4 0.45039062500000004 0.473046875 0.01874999999999999 0.02226562500000001
4 0.46845703125 0.47197265624999996 0.020117187500000022 0.02324218750000001
4 0.48642578125 0.47275390625 0.0185546875 0.02167968749999999
4 0.50361328125 0.47197265625 0.015820312499999933 0.020898437499999978
4 0.52197265625 0.47187500000000004 0.021289062499999956 0.02070312499999999
4 0.45302734375 0.512890625 0.0224609375 0.021484375
4 0.43544921875 0.51240234375 0.01777343749999999 0.0205078125
4 0.5543727106227107 0.6640124198717949 0.042925824175824134 0.03970638736263732
4 0.47084621108058605 0.8001230540293041 0.05043784340659341 0.04864926739926734
4 0.40914033882783885 0.834642570970696 0.051510989010988995 0.047576121794871806
4 0.5103737408424909 0.8695198031135531 0.05365728021978022 0.04864926739926734
4 0.5466818337912088 0.9210307921245422 0.028259500915750912 0.028617216117216127
4 0.5078697344322345 0.9407051282051282 0.03076350732600741 0.028617216117216127
4 0.4758542239010989 0.9589486034798536 0.029690361721611713 0.028617216117216127
4 0.4486678685897436 0.9058278960622711 0.04900698260073261 0.04900698260073266
4 0.2990234375 0.42998046875 0.03671875000000002 0.03261718749999998
4 0.27587890625 0.4462890625 0.023632812500000044 0.023046875000000022
4 0.30166015625 0.4609375 0.02753906249999999 0.026562500000000044
4 0.26484375 0.47294921875 0.03437500000000002 0.0322265625
4 0.25576171875 0.50712890625 0.033789062499999994 0.029882812500000022
4 0.2958984375 0.4888671875 0.028124999999999956 0.026562500000000044
4 0.28779296875000004 0.5171874999999999 0.02714843750000001 0.025781249999999978
4 0.2802734375 0.545703125 0.028124999999999956 0.026953125000000022
4 0.2478515625 0.53759765625 0.030078124999999983 0.02597656249999991
4 0.39375 0.5927734375 0.017578125 0.017578125
4 0.32050781250000004 0.64267578125 0.03203125000000001 0.0283203125
4 0.309765625 0.679296875 0.033203125 0.028124999999999956
4 0.30156249999999996 0.71640625 0.03437499999999999 0.028124999999999956
4 0.29121093750000004 0.752734375 0.03242187499999999 0.027734374999999978
4 0.36474609375 0.71220703125 0.033007812499999956 0.0302734375
4 0.3490234375 0.7452148437499999 0.023828125000000033 0.018945312499999978
4 0.38759765625 0.7630859375 0.04511718749999999 0.0390625
4 0.43232421875 0.7369140624999999 0.04160156250000002 0.03749999999999998
4 0.41875 0.66328125 0.01171875 0.012500000000000067
4 0.40654296875 0.676953125 0.018945312499999978 0.016796874999999933
4 0.4333984375 0.68388671875 0.021093750000000022 0.018945312499999978
4 0.25087890625 0.63466796875 0.04082031250000001 0.0322265625
4 0.23759765625 0.6837890625 0.04160156250000002 0.03437499999999993
4 0.16650390625 0.7206054687500001 0.04667968750000001 0.04042968749999998
4 0.22490234375 0.7339843749999999 0.04121093750000002 0.03476562500000002
4 0.1802734375 0.66669921875 0.04375000000000001 0.03769531250000002
4 0.1951171875 0.6134765625 0.04570312499999998 0.03828124999999993
4 0.1685546875 0.40009765625000004 0.02812500000000001 0.02363281249999999
4 0.19599609375 0.4240234375 0.036523437500000006 0.03164062499999998
4 0.1263671875 0.40537109375 0.03945312499999999 0.0341796875
4 0.120703125 0.47177734375 0.04414062499999999 0.03730468749999999
4 0.169921875 0.4853515625 0.04140624999999998 0.03515625
4 0.12998046875000002 0.6005859375 0.056054687500000006 0.048828125
4 0.11806640625 0.6509765624999999 0.0556640625 0.04843750000000002
4 0.10615234374999999 0.703125 0.055664062499999986 0.04921875000000009
4 0.04990234375 0.575390625 0.0427734375 0.03828124999999993
4 0.0392578125 0.62099609375 0.044921875 0.039257812500000044
4 0.021386718750000002 0.6830078125 0.0416015625 0.036328125000000044
4 0.58798828125 0.7921875 0.0576171875 0.05234375000000002
4 0.637109375 0.7295898437499999 0.044921875 0.03847656249999998
4 0.66337890625 0.7752929687500001 0.0576171875 0.05019531249999998
4 0.68837890625 0.819140625 0.058789062500000044 0.05156250000000007
4 0.6232421875 0.8517578125 0.05585937499999993 0.05234375000000002
4 0.72451171875 0.97626953125 0.07832031250000004 0.04355468750000002
4 0.82548828125 0.9060546875 0.06816406250000007 0.06874999999999998
4 0.8875 0.8900390625 0.017578125 0.013671875
4 0.8975585937499999 0.90712890625 0.016210937500000022 0.015820312500000044
4 0.8078125 0.70302734375 0.078125 0.07246093750000004
2 0.33584369639794165 0.23282724056603774 0.08944843481989712 0.022780874785591765
2 0.9310191761363636 0.15862859133790735 0.1340553977272727 0.049930317324185264
2 0.9313290630360205 0.23299474699828474 0.10251393653516294 0.03316627358490565
