4 0.6731801255841121 0.1992735105140187 0.07506753796728971 0.06730979848130841
4 0.6350759345794393 0.10697922751168226 0.0732421875 0.06890698014018692
4 0.5747252847546729 0.0311130987149533 0.07118866822429915 0.06183374707943925
4 0.7247462762850467 0.013772269275700962 0.07461120035046731 0.02715208820093458
4 0.7343293662383178 0.2704621787383178 0.01619998539719636 0.015743647780373793
4 0.7490462543808412 0.2916818779205608 0.022816880841121545 0.016199985397196248
4 0.7137941734813085 0.28255512558411217 0.0244140625 0.01985068633177567
4 0.7275983863901869 0.304117077978972 0.021904205607476634 0.018253504672897214
4 0.7068350248247663 0.3176931220794393 0.015971816588785104 0.012549284462616828
4 0.6923463054906542 0.29453398802570097 0.013461959696261738 0.012321115654205628
4 0.746194144275701 0.340738171728972 0.02623941296728971 0.02258871203271029
4 0.7303364120911215 0.3521466121495327 0.011408440420560773 0.012092946845794372
4 0.7175589588200935 0.35864942318925236 0.010039427570093462 0.008670414719626152
4 0.93427734375 0.41455078125 0.0146484375 0.011132812499999978
4 0.9609375 0.40380859375 0.016796875000000044 0.013085937499999978
4 0.98974609375 0.34599609375 0.0166015625 0.018945312499999978
4 0.8943359375 0.43720703125 0.017187500000000022 0.0146484375
4 0.85458984375 0.4546875 0.015429687499999956 0.012109375000000033
4 0.477832433127572 0.2008048268175583 0.030274777091906735 0.02866726680384088
4 0.5117241083676269 0.18352409122085048 0.030006858710562467 0.027327674897119347
4 0.21821952160493827 0.31935871056241427 0.10046939300411523 0.09645061728395066
4 0.34655242626886146 0.500471536351166 0.09939771947873799 0.0975222908093279
4 0.14580078125 0.094140625 0.03300781249999998 0.02695312500000001
4 0.16640625 0.11513671875 0.02031250000000001 0.0146484375
4 0.17646484375 0.13222656249999998 0.0205078125 0.015234374999999994
4 0.140625 0.1306640625 0.021093750000000022 0.016406249999999983
4 0.4091796875 0.967578125 0.0234375 0.018359375000000067
4 0.43466796875 0.9803710937500001 0.024023437499999967 0.018945312499999978
