4 0.5201171875 0.66455078125 0.030468750000000044 0.0224609375
4 0.536328125 0.64033203125 0.018359375000000067 0.015429687500000067
4 0.55 0.61298828125 0.030078125000000067 0.027929687500000022
4 0.5047851562500001 0.64541015625 0.020117187500000022 0.015820312500000044
4 0.51279296875 0.6263671875 0.0263671875 0.018359374999999956
4 0.5174804687500001 0.5953125 0.03261718749999998 0.02734375
4 0.52587890625 0.5599609375 0.031054687499999956 0.026562500000000044
4 0.55625 0.576171875 0.030078124999999956 0.024218749999999956
4 0.5863281250000001 0.57470703125 0.012109374999999978 0.0087890625
4 0.58095703125 0.58388671875 0.0126953125 0.009960937500000044
4 0.68046875 0.6988281249999999 0.022656249999999933 0.019921874999999978
4 0.6990234375 0.70830078125 0.022656249999999933 0.017382812500000067
4 0.7376953125000001 0.7314453125 0.027734374999999978 0.022656250000000044
4 0.716796875 0.76884765625 0.02968750000000009 0.0224609375
4 0.6639648437500001 0.7404296875 0.029882812500000022 0.023828124999999978
4 0.66005859375 0.62890625 0.027539062500000044 0.024218749999999956
4 0.64619140625 0.65576171875 0.026757812499999978 0.02089843750000009
4 0.63369140625 0.6786132812500001 0.023242187499999956 0.018164062500000022
4 0.6201171875 0.63623046875 0.02382812500000009 0.02011718749999991
4 0.6319335937499999 0.61396484375 0.024023437500000022 0.020898437499999978
4 0.60947265625 0.6673828125000001 0.023632812500000044 0.017968749999999978
4 0.60224609375 0.691015625 0.027929687500000022 0.020312499999999956
4 0.45361328125 0.40283203125 0.03183593750000002 0.026757812499999978
4 0.48115234375 0.38056640625000004 0.0146484375 0.011914062499999989
4 0.49375 0.38652343749999996 0.01171875 0.012890624999999989
4 0.64150390625 0.19501953125 0.0166015625 0.012304687499999994
4 0.57626953125 0.26005859374999996 0.0126953125 0.013867187499999989
4 0.56171875 0.2533203125 0.014843749999999933 0.013281249999999994
4 0.442578125 0.22060546875 0.011328125000000022 0.009570312500000011
4 0.4322265625 0.21474609374999998 0.010546875000000011 0.008398437499999994
4 0.4248046875 0.22412109375 0.009375000000000022 0.0087890625
4 0.43505859375 0.22890625 0.009179687499999978 0.008593750000000011
4 0.44062500000000004 0.32275390625 0.010546875000000011 0.009179687499999978
4 0.44160156250000004 0.3486328125 0.010546875000000011 0.007421875000000022
4 0.43671875 0.3564453125 0.009375000000000022 0.008593749999999956
4 0.53349609375 0.50244140625 0.009179687499999978 0.008398437499999967
4 0.85908203125 0.6151367187500001 0.020117187500000022 0.018945312499999978
4 0.88935546875 0.6328125 0.019726562499999933 0.017578125
4 0.8719726562500001 0.6626953125 0.020898437499999978 0.018750000000000044
4 0.84130859375 0.64599609375 0.017773437500000044 0.017773437500000044
4 0.85830078125 0.71513671875 0.013867187500000044 0.013867187499999933
4 0.8326171874999999 0.73603515625 0.019140625000000022 0.018945312499999978
4 0.81943359375 0.761328125 0.0185546875 0.016796875000000044
4 0.8023437499999999 0.7188476562499999 0.017187500000000022 0.016992187499999978
4 0.7892578125 0.74345703125 0.014843749999999933 0.013476562500000067
4 0.690234375 0.73681640625 0.010937499999999933 0.0087890625
4 0.7755859375 0.76826171875 0.014453125000000067 0.013476562500000067
4 0.76142578125 0.79228515625 0.018164062500000022 0.017773437499999933
4 0.80693359375 0.78544921875 0.018945312499999978 0.018945312499999978
4 0.7931640625 0.8104492187500001 0.020703124999999933 0.018164062500000022
4 0.75546875 0.55791015625 0.01953125 0.015429687500000067
4 0.77158203125 0.5673828125 0.013867187500000044 0.013281249999999911
4 0.7814453125 0.575 0.01171875 0.010546875000000067
4 0.790234375 0.58046875 0.009375000000000022 0.008593749999999956
4 0.7984375 0.58486328125 0.008984375000000044 0.007617187499999956
4 0.82568359375 0.5857421875 0.01894531250000009 0.014453125000000067
4 0.8172851562500001 0.59990234375 0.016210937500000022 0.011914062499999933
4 0.8330078125 0.5733398437499999 0.010156250000000089 0.008398437500000022
4 0.7595703125 0.54306640625 0.010156249999999978 0.0087890625
4 0.76884765625 0.5478515625 0.011523437500000067 0.010546874999999956
4 0.77822265625 0.55341796875 0.0146484375 0.0126953125
4 0.78720703125 0.5591796874999999 0.011914062500000044 0.010156249999999978
4 0.79619140625 0.5646484375 0.011132812499999978 0.008984374999999933
4 0.80625 0.569921875 0.010546874999999956 0.008984375000000044
4 0.815234375 0.57490234375 0.010937499999999933 0.007617187500000067
4 0.74150390625 0.5931640625000001 0.011523437500000067 0.011328125000000022
4 0.7344726562499999 0.6053710937500001 0.012304687500000022 0.012304687500000022
4 0.74951171875 0.61376953125 0.011132812500000089 0.011914062500000044
4 0.7560546875 0.6014648437500001 0.012500000000000067 0.012304687500000022
4 0.771484375 0.60859375 0.012499999999999956 0.012500000000000067
4 0.7861328125 0.6171875 0.011328124999999911 0.010546874999999956
4 0.7798828125 0.6298828125 0.010546874999999956 0.011328124999999911
4 0.792578125 0.63759765625 0.01171875 0.0107421875
4 0.7650390625 0.6224609375 0.012499999999999956 0.010937500000000044
4 0.9037109375 0.57099609375 0.014843750000000044 0.013085937499999978
4 0.908984375 0.5586914062499999 0.012500000000000067 0.008398437500000022
4 0.92861328125 0.586328125 0.0322265625 0.028124999999999956
4 0.96103515625 0.6033203125 0.033007812499999956 0.02734375
4 0.45400390625 0.48115234375 0.0107421875 0.010351562500000022
4 0.61943359375 0.16249999999999998 0.011914062499999933 0.008203125000000006
4 0.6154296875 0.17021484375 0.014843749999999933 0.008007812500000017
4 0.61298828125 0.1767578125 0.013476562500000067 0.007421875000000022
4 0.60244140625 0.17197265625000002 0.009960937500000044 0.0072265625000000056
4 0.60986328125 0.15791015625 0.012304687499999911 0.009960937500000017
4 0.10888671875 0.36357421875 0.0263671875 0.018945312499999978
4 0.13027343749999998 0.35927734375 0.019140624999999994 0.013476562500000011
4 0.06904296875 0.02900390625 0.0396484375 0.037304687499999996
4 0.0369140625 0.037890625 0.028515625 0.023437499999999997
4 0.0369140625 0.013671875 0.03671875 0.026562500000000003
4 0.06318359375 0.08974609375 0.024804687500000006 0.0224609375
4 0.03916015625 0.09287109375 0.0263671875 0.02285156249999999
4 0.08662109375 0.08564453125 0.025976562499999994 0.022070312499999994
4 0.1103515625 0.08115234375 0.024999999999999994 0.02011718750000001
4 0.11533203125000001 0.103125 0.020898437500000006 0.016406249999999997
4 0.09326171875 0.10703125 0.0244140625 0.01953125
4 0.073828125 0.11015625000000001 0.020312499999999997 0.018750000000000003
4 0.50673828125 0.3677734375 0.011523437499999956 0.010546875000000011
4 0.89775390625 0.58466796875 0.0107421875 0.0107421875
2 0.642641129032258 0.8494518649193548 0.0825352822580645 0.050088205645161366
4 0.47451171875 0.41191406249999996 0.009570312500000011 0.008593750000000011
