2 0.6609187146393211 0.6653387995049505 0.11796101485148514 0.07486518741159831
4 0.2984375 0.068359375 0.01953125 0.015625
4 0.28818359375 0.08583984375 0.015429687500000011 0.014257812500000008
4 0.29873046875 0.53251953125 0.013867187499999989 0.009179687499999978
4 0.3103515625 0.53828125 0.013281250000000022 0.008984374999999933
4 0.31650390625 0.5015624999999999 0.018945312500000033 0.016015624999999978
4 0.33271484375 0.5093749999999999 0.0166015625 0.014062499999999978
4 0.351953125 0.5177734375 0.01679687499999999 0.014453125000000067
4 0.374609375 0.5287109375 0.017578125 0.014843750000000044
4 0.38994140625 0.53505859375 0.0185546875 0.013476562499999956
4 0.44521484375 0.55126953125 0.0185546875 0.013085937500000089
4 0.46220703124999996 0.54326171875 0.01738281250000001 0.0126953125
4 0.44746093750000004 0.53486328125 0.014453125000000011 0.0107421875
4 0.43564453125 0.52978515625 0.015039062500000033 0.0107421875
4 0.42314453125 0.524609375 0.014257812500000022 0.010937499999999933
4 0.40751953125 0.5255859375 0.014257812500000022 0.010546875000000067
4 0.40380859375 0.54072265625 0.013085937499999978 0.0107421875
4 0.41591796875 0.547265625 0.011914062499999989 0.010937500000000044
4 0.428125 0.5526367187500001 0.012890624999999989 0.010351562500000022
4 0.32392578125000004 0.47929687499999996 0.013867187499999989 0.010937499999999989
4 0.336328125 0.48447265625 0.014843749999999989 0.012304687499999967
4 0.34833984375 0.48984375 0.015039062499999978 0.009765625
4 0.359765625 0.49423828125 0.014453125000000011 0.011132812500000033
4 0.37138671875 0.50087890625 0.016992187499999978 0.013085937500000033
4 0.38496093750000004 0.50712890625 0.014843749999999989 0.0126953125
4 0.39970703124999996 0.5126953125 0.01933593750000001 0.012109375000000089
4 0.28046875000000004 0.46865234375 0.02421875000000001 0.020898437500000033
4 0.22197265625 0.56396484375 0.029492187500000017 0.02402343749999991
4 0.20224609375 0.584375 0.02128906250000001 0.014843750000000044
4 0.21845703125 0.59208984375 0.018945312500000006 0.0146484375
4 0.19228515625 0.60322265625 0.01582031249999999 0.015039062499999978
4 0.1873046875 0.619921875 0.017968750000000006 0.012109374999999978
4 0.21103515625000002 0.6103515625 0.016210937499999994 0.014062500000000089
4 0.20693359375 0.62705078125 0.0166015625 0.009960937500000044
4 0.1970703125 0.64375 0.020312499999999983 0.013671875
4 0.18037109375 0.6353515624999999 0.016992187500000006 0.010156249999999978
4 0.17314453125 0.65009765625 0.0244140625 0.015820312499999933
4 0.18691406249999998 0.66259765625 0.025781250000000006 0.013476562499999956
4 0.16474609375 0.6698242187500001 0.023632812500000017 0.013085937499999978
4 0.1814453125 0.6763671874999999 0.016406249999999983 0.007421875000000022
4 0.17177734375 0.695703125 0.02949218749999999 0.01953125
4 0.14833984375 0.71806640625 0.02363281249999999 0.020117187500000022
4 0.08378906250000001 0.7478515625 0.020312499999999997 0.017968749999999978
4 0.10419921874999999 0.754296875 0.019335937499999997 0.017578125
4 0.16171875000000002 0.54521484375 0.023046874999999994 0.013867187499999933
4 0.18134765625 0.55263671875 0.019335937499999983 0.015429687499999956
4 0.15576171875 0.5625976562499999 0.02363281249999999 0.015039062499999978
4 0.17236328125 0.5713867187499999 0.020117187500000022 0.014257812500000022
4 0.11865234375 0.55126953125 0.03457031249999999 0.027148437499999956
4 0.08466796875 0.5400390625 0.028710937500000006 0.01914062499999991
4 0.07548828125 0.56455078125 0.0283203125 0.0205078125
4 0.10380859375 0.5849609375 0.034570312500000006 0.02578125000000009
4 0.066796875 0.58837890625 0.027343750000000007 0.02011718749999991
4 0.090625 0.61865234375 0.035546875000000006 0.0263671875
4 0.056640625 0.61181640625 0.025390625 0.019335937499999956
4 0.044921875 0.640625 0.031640625000000006 0.022265624999999956
4 0.07636718749999999 0.65107421875 0.0359375 0.025195312500000067
4 0.0634765625 0.6822265625 0.032812499999999994 0.02734375
4 0.03359375 0.66923828125 0.030078124999999997 0.023632812499999933
4 0.23076171875 0.64375 0.013085937500000006 0.012500000000000067
