2 0.6823187370062369 0.3883348492723493 0.1896277286902287 0.12059836278586278
2 0.8936704132016632 0.5158361486486487 0.1429313929313929 0.09461083679833676
4 0.6657626725053079 0.616519871284501 0.03649150743099794 0.03089337845010609
4 0.639223394373673 0.5976521032377919 0.027783306794055163 0.022185177813163426
4 0.6171418856157111 0.5861448381104034 0.028405321125265393 0.022807192144373767
4 0.5952677149681529 0.5750522492038217 0.028197983014861983 0.023429206475583886
4 0.6285454816878981 0.6297895103503185 0.03711352176220817 0.03130805467091302
4 0.5937126791401274 0.6411931064225054 0.03669884554140124 0.03089337845010609
4 0.5713201632165605 0.5976521032377919 0.039601579087048866 0.03545481687898089
4 0.537109375 0.6164162022292994 0.040430931528662395 0.03649150743099794
4 0.5568064954883227 0.6511453357218684 0.042504312632696384 0.03586949309978771
4 0.47449326565817407 0.6355949774416136 0.04457769373673032 0.03628416932059453
4 0.4960564291401274 0.6709461252653928 0.04333366507430991 0.03690618365180465
4 0.4352026937367304 0.6485536093418259 0.03980891719745222 0.03607683121019112
4 0.4558328357218684 0.6842157643312101 0.039186902866242046 0.03400345010615713
4 0.41706060907643316 0.6954120222929936 0.04208963641188962 0.03815021231422511
4 0.397156150477707 0.660890226910828 0.0416749601910828 0.03669884554140124
4 0.4201706807324841 0.7932756104033971 0.020941149150743077 0.0165870488322718
4 0.43478801751592355 0.7889215100849257 0.019904458598726082 0.014928343949044631
4 0.4538631236730361 0.7787619426751593 0.028197983014861983 0.021563163481953196
4 0.4769813229830149 0.7705720873142251 0.028405321125265393 0.023014530254777066
4 0.46371168391719747 0.7504602906050956 0.019697120488322728 0.01472100583864111
4 0.4516860735138004 0.7545033837579618 0.019282444267515908 0.014098991507430991
4 0.4346843484607219 0.7625895700636942 0.025087911358811 0.01741640127388544
4 0.41446888269639065 0.7709867635350318 0.026953954352441634 0.021355825371549897
4 0.37841796875 0.51884765625 0.048632812499999956 0.04550781250000002
4 0.426953125 0.52119140625 0.04648437500000002 0.04277343750000001
4 0.47880859375 0.52275390625 0.04941406250000002 0.04355468750000002
4 0.4099609375 0.57177734375 0.04531249999999998 0.0439453125
4 0.32148437500000004 0.5423828125 0.03046874999999999 0.0234375
4 0.336328125 0.5689453124999999 0.033203125 0.026953125000000022
4 0.298828125 0.5677734375000001 0.033984374999999956 0.027734374999999978
4 0.3158203125 0.6021484374999999 0.04296875 0.03867187500000002
4 0.35986328125 0.612109375 0.04238281249999998 0.03749999999999998
4 0.16962890625 0.70703125 0.0419921875 0.03671874999999991
4 0.20644531249999998 0.70703125 0.035546875000000006 0.03164062500000009
4 0.24052734375 0.70703125 0.03496093749999998 0.030078124999999956
4 0.25869140625 0.734375 0.030273437499999972 0.02304687499999991
4 0.23652343750000002 0.76376953125 0.02812500000000001 0.023632812500000044
4 0.20400390625 0.755859375 0.04082031250000001 0.03671874999999991
4 0.16513671875 0.75341796875 0.04121093749999999 0.0361328125
4 0.1251953125 0.751953125 0.040624999999999994 0.037109375
