4 0.28642578125 0.42392578125 0.024804687499999978 0.02128906250000001
4 0.26865234375 0.41123046875 0.022070312499999967 0.018164062499999967
4 0.27353515625 0.39521484375 0.0166015625 0.0146484375
4 0.42490234375 0.51064453125 0.0595703125 0.0537109375
4 0.41865234375 0.461328125 0.03378906250000002 0.03203125000000001
4 0.47987061984687873 0.42764925647820967 0.03910851001177856 0.037268109540636085
4 0.527951082155477 0.4458232111307421 0.058432714958774945 0.05475191401648999
4 0.6476609563253013 0.18138177710843376 0.0454160391566264 0.041415662650602425
4 0.6618975903614459 0.22797439759036148 0.0447100903614458 0.04047439759036145
4 0.6147166792168675 0.24303463855421686 0.04682793674698804 0.04000376506024095
4 0.6011859939759037 0.19526543674698799 0.0447100903614458 0.04047439759036145
4 0.7816735692771084 0.2638601280120482 0.03153237951807231 0.028473268072289143
4 0.7581419427710843 0.28762707078313254 0.03294427710843373 0.02800263554216864
4 0.5864323796452703 0.40992530616554057 0.05905563766891886 0.05509660050675674
4 0.6636336043074325 0.4848170924831081 0.05773595861486491 0.0550966005067568
4 0.6179397170608107 0.5319956186655406 0.0580658783783784 0.0550966005067568
4 0.5027977195945946 0.5837930215371622 0.06070523648648646 0.05311708192567566
4 0.36687077702702703 0.5709261507601351 0.05872571790540537 0.054436760979729715
4 0.4420924831081081 0.6441683382601351 0.059385557432432456 0.05311708192567577
4 0.5755450274493243 0.657860008445946 0.06103515625 0.055426520270270285
4 0.5171492293074325 0.7177404455236487 0.058395798141891886 0.05575644003378377
4 0.7479281038851351 0.567626953125 0.0580658783783784 0.05377692145270263
4 0.7027290962837838 0.6156302787162162 0.05872571790540537 0.05608635979729737
4 0.7730020059121622 0.859935863597973 0.057406038851351315 0.05575644003378377
4 0.8539973078547297 0.9389516469594594 0.058395798141891886 0.05278716216216217
4 0.7961227829391893 0.9849952491554055 0.0600981841216216 0.026103251689189144
4 0.7151010874155406 0.9194863809121622 0.06037531672297303 0.055426520270270174
4 0.634105785472973 0.8408005173141893 0.0580658783783784 0.054436760979729715
4 0.6901921452702703 0.7807551203547297 0.05806587837837829 0.05575644003378377
4 0.21173162774725274 0.6282194368131868 0.037130837912087905 0.03262362637362637
4 0.19241500686813187 0.6556919642857143 0.037560096153846145 0.031765109890109944
4 0.17427884615384615 0.6839156936813187 0.03734546703296701 0.03541380494505486
