4 0.7623046874999999 0.0458984375 0.04648437500000002 0.046093749999999996
4 0.80595703125 0.0697265625 0.0478515625 0.04492187500000001
4 0.7818359375 0.1125 0.049609374999999956 0.04609375000000002
4 0.73955078125 0.09003906249999999 0.0498046875 0.045703125
4 0.864453125 0.15087890625 0.04843750000000002 0.04550781250000002
4 0.9090820312500001 0.13046875 0.05019531249999998 0.04609374999999999
4 0.8575195312499999 0.0982421875 0.04941406250000002 0.044140625
4 0.81806640625 0.17158203125 0.05097656249999993 0.04472656249999998
2 0.8864419291338581 0.5005843996062992 0.015994094488189003 0.014456200787401619
2 0.4812069389763779 0.787709153543307 0.023068405511811052 0.01783956692913391
4 0.6676169002757353 0.02028521369485294 0.02477309283088236 0.02118278952205882
