2 0.765481347241867 0.3843871552333804 0.09945190947666194 0.09641310113154172
2 0.6962793935643564 0.38424902758132956 0.09144050565770856 0.0884016973125884
2 0.45654296875 0.15966796875 0.016210937500000022 0.0244140625
2 0.36455078125 0.08779296875 0.0986328125 0.0958984375
4 0.4224226051401869 0.6789984301985982 0.044492917640186924 0.03970137266355134
4 0.3780437719042056 0.6633688668224299 0.03696334696261683 0.03308447721962615
4 0.3502071772780374 0.6862998320677571 0.028749269859813076 0.025554906542056055
4 0.3886536214953271 0.7136800890771029 0.04358024240654207 0.04061404789719625
4 0.427328234521028 0.7492744231892523 0.0483717873831776 0.04289573598130836
4 0.4677141136098131 0.7105998101635514 0.04745911214953269 0.043123904789719614
4 0.5713756191345152 0.6546736509384776 0.03156771376433787 0.0270871350364964
4 0.6165887317518248 0.6679117244525548 0.03849224452554745 0.032382364442127276
4 0.5843081986444213 0.6885834854014599 0.03747393117831077 0.032993352450469304
4 0.5637382690302399 0.7224933198644421 0.03665928050052136 0.031975039103232517
4 0.5512130148592284 0.6772802072471324 0.03116038842544322 0.0279017857142857
4 0.5262643378519292 0.6599688803441084 0.0313640510948906 0.025457833680917585
4 0.5081383602711158 0.7610873957247133 0.04154718456725759 0.03869590719499483
4 0.5421500260688217 0.7945899048488008 0.044805787278415 0.039714220542231504
4 0.5096658302919708 0.8299253779979145 0.041343521897810154 0.039103232533889476
4 0.47402486313868614 0.7956082181960376 0.042565497914494266 0.0380849191866528
4 0.5444921467674662 0.8650571884775808 0.04419479927007297 0.04052887122002091
4 0.5795221259124088 0.8286015706465067 0.04093619655891556 0.04012154588112615
4 0.6164869004171012 0.8632242244525548 0.025661496350364965 0.02056992961418147
4 0.5969352841501564 0.887561913451512 0.03054940041710119 0.025254171011470317
4 0.5741250651720542 0.9069098670490094 0.024846845672575557 0.02077359228362885
4 0.5964261274765381 0.9249340132950992 0.03034573774765381 0.02464318300312829
4 0.6274846845672576 0.9171948318561001 0.03014207507820643 0.026272484358706993
4 0.6295213112617309 0.8882747327945777 0.025661496350364965 0.02097725495307612
4 0.6766692192387904 0.6957116788321168 0.04786072732012503 0.04113985922836294
4 0.7167907651199166 0.7353240680396246 0.04826805265901979 0.04500944994786238
4 0.6660787604275287 0.7545701903023984 0.042158172575599506 0.03706660583941601
4 0.6541644942648592 0.8033473996350364 0.04195450990615224 0.039306895203336745
4 0.6191345151199166 0.7696412278415016 0.042769160583941535 0.03747393117831077
4 0.7298251759645464 0.8567070190302398 0.03319701511991657 0.02708713503649629
4 0.32080078125 0.7665039062500001 0.036914062499999956 0.03183593750000002
4 0.384375 0.8241210937500001 0.03242187499999999 0.025976562500000022
4 0.38134765625 0.86376953125 0.028710937499999978 0.0244140625
4 0.34345703125000004 0.86201171875 0.02949218749999999 0.022070312500000022
4 0.28310546875 0.8052734375 0.03691406250000001 0.032031249999999956
4 0.21953125 0.85185546875 0.022656250000000017 0.015429687500000067
4 0.2052734375 0.8675781250000001 0.022265624999999983 0.016015624999999978
4 0.22431640625 0.8848632812499999 0.021679687500000017 0.016210937500000022
4 0.14501953125 0.93515625 0.030664062499999978 0.0234375
4 0.16005859375 0.9142578125 0.02324218750000001 0.018359375000000067
4 0.170703125 0.9388671875 0.019140624999999994 0.014843750000000044
4 0.824609375 0.79462890625 0.046875 0.04277343750000007
4 0.855859375 0.841015625 0.047656249999999956 0.04179687500000007
4 0.813671875 0.860546875 0.03203125000000007 0.028515624999999933
4 0.79443359375 0.8328125 0.033007812499999956 0.027734374999999978
4 0.76123046875 0.841796875 0.031054687499999956 0.026562500000000044
4 0.7801757812500001 0.87060546875 0.03183593750000002 0.027539062500000044
4 0.7517578125 0.8830078125 0.026171875000000067 0.021484375
4 0.7279296875 0.88994140625 0.026562500000000044 0.021679687499999933
4 0.700390625 0.866796875 0.026171875000000067 0.021484375
4 0.678515625 0.8787109375 0.025390625 0.020703124999999933
4 0.6810546875 0.9037109375000001 0.02734375 0.023046875000000022
4 0.70458984375 0.896484375 0.027148437499999956 0.01992187500000009
4 0.74921875 0.94521484375 0.0234375 0.015820312500000044
4 0.7630859375 0.9583984375 0.020312499999999956 0.015625
4 0.7764648437499999 0.97041015625 0.022070312500000022 0.015429687500000067
4 0.7904296875000001 0.984765625 0.025000000000000022 0.017578125
4 0.8216796875 0.97255859375 0.038281250000000044 0.0322265625
4 0.791796875 0.94384765625 0.0390625 0.03378906249999991
4 0.9341796875 0.89140625 0.037890624999999956 0.03554687499999998
4 0.96162109375 0.9188476562500001 0.04121093749999993 0.03652343749999998
4 0.93046875 0.948046875 0.04296875 0.03749999999999998
4 0.8943359375 0.91240234375 0.04140624999999998 0.03691406250000007
4 0.8529296875000001 0.9240234375 0.04140624999999998 0.03632812499999993
4 0.88994140625 0.9591796875 0.04316406249999993 0.037109375
