4 0.7806640625 0.0794921875 0.037890624999999956 0.032421875
4 0.80869140625 0.10664062499999999 0.038867187499999956 0.034375
4 0.76953125 0.116796875 0.032421875000000044 0.02695312500000001
4 0.79404296875 0.140234375 0.035351562500000044 0.02734375
4 0.7476562499999999 0.094921875 0.03359374999999998 0.026953124999999994
4 0.8494140625 0.07109375000000001 0.03398437500000007 0.026562500000000003
4 0.8720703125 0.09296874999999999 0.03359375000000009 0.026171874999999997
4 0.89560546875 0.11640625 0.033398437500000044 0.027734375000000006
4 0.91796875 0.0927734375 0.03359375000000009 0.02734375
4 0.89453125 0.07041015625 0.033203125 0.02597656250000001
4 0.871484375 0.0474609375 0.033203125 0.026171874999999997
4 0.8661132812500001 0.159375 0.028710937499999978 0.020703125000000017
4 0.8882812499999999 0.1740234375 0.026953125000000022 0.01953125
4 0.92607421875 0.21240234375 0.027148437500000067 0.0244140625
4 0.94794921875 0.2330078125 0.0302734375 0.02617187500000001
4 0.8701171875 0.29697265625 0.021484375 0.0205078125
4 0.84921875 0.2791015625 0.0234375 0.021093750000000022
4 0.82978515625 0.2607421875 0.023632812499999933 0.022656250000000017
4 0.560546875 0.03740234375 0.02304687499999991 0.0177734375
4 0.58291015625 0.03046875 0.0302734375 0.021875
4 0.58671875 0.007421875 0.018359375000000067 0.014453125
4 0.55859375 0.061328125 0.024218749999999956 0.01953125
4 0.5213867187500001 0.033300781249999994 0.022070312500000022 0.0169921875
4 0.0404296875 0.05341796875 0.028124999999999997 0.0220703125
4 0.0255859375 0.06904296875 0.026562499999999996 0.0220703125
4 0.10234375 0.11220703125 0.016015625000000006 0.013867187500000003
4 0.1138671875 0.1228515625 0.01718750000000001 0.014453124999999983
4 0.0904296875 0.15771484375 0.020312499999999997 0.015039062499999978
4 0.07958984375 0.146875 0.01933593750000001 0.012500000000000011
4 0.05966796875 0.13320312499999998 0.019726562500000003 0.017187499999999994
4 0.24921875 0.17060546875 0.010937500000000017 0.009570312499999983
4 0.24462890625 0.1638671875 0.009570312500000011 0.010156250000000006
4 0.237109375 0.17158203125 0.008984375000000017 0.009179687500000006
4 0.2427734375 0.17724609375 0.0078125 0.007226562499999978
4 0.91689453125 0.263671875 0.019335937499999956 0.013671875
4 0.906640625 0.2548828125 0.016796875000000044 0.012109374999999978
4 0.898046875 0.24453125 0.020703125000000044 0.014062500000000033
4 0.88603515625 0.2326171875 0.019335937500000067 0.012890625000000017
4 0.8755859374999999 0.22294921875 0.021093750000000022 0.016210937499999994
4 0.86279296875 0.20986328124999998 0.0224609375 0.014257812499999994
4 0.87158203125 0.191015625 0.025585937500000044 0.02226562500000001
4 0.8472656249999999 0.17919921875 0.027734374999999978 0.024804687499999978
4 0.81845703125 0.19228515625 0.027539062500000044 0.0185546875
4 0.83515625 0.20751953125 0.026171875000000067 0.01972656249999999
4 0.84921875 0.22392578125 0.022656250000000044 0.0166015625
4 0.862109375 0.2373046875 0.023046875000000022 0.014453125000000011
4 0.872265625 0.24814453125000002 0.022265625000000067 0.013085937500000006
4 0.884375 0.25771484375 0.020312499999999956 0.013085937500000033
4 0.89384765625 0.26826171875 0.0205078125 0.011132812499999978
4 0.9048828124999999 0.27890625 0.019140625000000022 0.013671875
4 0.17587890625 0.07431640625 0.0126953125 0.012304687500000008
4 0.16123046875 0.0751953125 0.0126953125 0.010546875000000011
4 0.16689453124999998 0.08310546875 0.012304687499999994 0.0107421875
4 0.1521484375 0.153125 0.01171875 0.010546874999999983
4 0.14072265625 0.14326171875 0.0126953125 0.011914062500000017
4 0.13544921875 0.15322265624999998 0.015039062500000006 0.011132812500000006
4 0.1470703125 0.16181640625 0.014453125000000011 0.011914062500000017
4 0.12939453125 0.1296875 0.009179687499999992 0.008984375000000017
4 0.119921875 0.1376953125 0.011328124999999994 0.009375000000000022
4 0.042089843749999994 0.1154296875 0.0162109375 0.013671875
4 0.015039062499999999 0.0857421875 0.01328125 0.012109375000000006
4 0.9590820312499999 0.20419921875 0.026757812499999978 0.0185546875
4 0.94189453125 0.18720703125 0.027148437499999956 0.018164062499999994
4 0.950390625 0.11982421874999999 0.020312500000000067 0.013476562499999997
4 0.9605468749999999 0.1287109375 0.019921874999999978 0.012890625000000003
4 0.9708007812499999 0.13818359375 0.020898437499999978 0.013867187499999989
4 0.97998046875 0.14951171875 0.023242187499999956 0.01582031249999999
4 0.9703125 0.161328125 0.022265624999999956 0.014843750000000017
4 0.96123046875 0.1501953125 0.0224609375 0.012890625000000017
4 0.9513671875 0.14003906249999998 0.01953125 0.013281249999999994
4 0.9415039062499999 0.13046875 0.022851562499999978 0.012890624999999989
4 0.93193359375 0.13994140625 0.023632812499999933 0.0166015625
4 0.92294921875 0.15009765625 0.023242187499999956 0.013867187500000017
2 0.7113301917989419 0.528289310515873 0.08809730489417988 0.04856977513227512
2 0.8715071097883598 0.4577597966269841 0.09739790013227512 0.049603174603174593
2 0.848901496362434 0.8738322585978836 0.01550099206349198 0.019376240079365115
2 0.7420738260582012 0.8627232142857143 0.014209242724867788 0.011109044312169303
2 0.7440114500661377 0.8398592509920635 0.012400793650793607 0.011367394179894186
