4 0.70556640625 0.8138671875 0.0400390625 0.035937499999999956
4 0.6783203125 0.76630859375 0.020703125000000044 0.019335937500000067
4 0.6631835937499999 0.74462890625 0.024023437500000022 0.019726562500000044
4 0.681640625 0.7302734375 0.016406249999999956 0.013671875
4 0.64013671875 0.76025390625 0.021289062499999956 0.019335937499999956
4 0.65634765625 0.78056640625 0.0205078125 0.020117187500000022
4 0.635546875 0.796875 0.022265625000000067 0.01953125
4 0.6200195312500001 0.77578125 0.020898437499999978 0.020312499999999956
4 0.5974609375 0.790625 0.023046875000000022 0.020312499999999956
4 0.61396484375 0.811328125 0.020898437499999978 0.019140625000000022
4 0.63359375 0.6873046875 0.025000000000000022 0.01953125
4 0.6239257812500001 0.67314453125 0.020117187500000022 0.0146484375
4 0.6063476562500001 0.68583984375 0.020898437499999978 0.015429687500000067
4 0.6161132812500001 0.699609375 0.022851562499999978 0.018359374999999956
4 0.60126953125 0.71201171875 0.018164062500000022 0.0166015625
4 0.57822265625 0.7078125 0.017382812499999956 0.012890624999999933
4 0.5888671875 0.721875 0.017578125 0.014453125000000067
4 0.55810546875 0.72294921875 0.02285156250000009 0.017773437499999933
4 0.5703125 0.7398437499999999 0.0234375 0.019140625000000022
4 0.55068359375 0.7577148437500001 0.027148437499999956 0.018945312499999978
4 0.53759765625 0.7384765625 0.02285156250000009 0.017578125
4 0.6669921875 0.87041015625 0.045703124999999956 0.04160156250000002
4 0.62890625 0.898828125 0.045703124999999956 0.042187500000000044
4 0.73818359375 0.8318359375 0.0283203125 0.026953125000000022
4 0.71240234375 0.851171875 0.031445312500000044 0.026171874999999956
4 0.79609375 0.744921875 0.03515625 0.030859375000000022
4 0.8231445312500001 0.7236328125 0.03457031249999998 0.03125
4 0.8438476562499999 0.75390625 0.03378906250000002 0.03164062500000009
4 0.8169921875 0.7736328125 0.03515625 0.030468749999999933
4 0.79013671875 0.79228515625 0.034960937499999956 0.0322265625
4 0.76884765625 0.7655273437500001 0.03457031249999998 0.03261718749999998
4 0.85576171875 0.562890625 0.0166015625 0.013671875
4 0.9380859374999999 0.685546875 0.03359374999999998 0.03085937499999991
4 0.9170898437499999 0.65625 0.03378906250000002 0.02968750000000009
4 0.8926757812499999 0.6744140624999999 0.028710937499999978 0.028906250000000022
4 0.9138671875 0.70400390625 0.030078125000000067 0.0283203125
4 0.8887695312499999 0.72138671875 0.029882812500000022 0.027929687500000022
4 0.8685546875 0.6916015625 0.029296875 0.026953125000000022
4 0.97314453125 0.7775390625 0.03378906249999991 0.030078125000000067
4 0.927734375 0.807421875 0.05312500000000009 0.04765625000000007
4 0.9638671875 0.8568359375 0.052734375 0.046093750000000044
4 0.7201171875000001 0.96044921875 0.05117187499999998 0.0478515625
4 0.885546875 0.91630859375 0.03945312499999998 0.03574218750000002
4 0.83955078125 0.9498046874999999 0.05097656249999993 0.04726562499999998
4 0.8033203125 0.89970703125 0.051953125000000044 0.0458984375
4 0.84931640625 0.86640625 0.04121093749999993 0.03749999999999998
