4 0.42062479916452444 0.040543661632390746 0.09213327442159386 0.08108732326478149
4 0.2404949510403917 0.020200619645042838 0.10040544675642596 0.03848875458996328
4 0.74619140625 0.98388671875 0.054492187499999956 0.0283203125
4 0.7869140625 0.954296875 0.05507812499999998 0.04960937500000007
4 0.74599609375 0.9140625 0.054492187499999956 0.051953125000000044
4 0.70556640625 0.9556640624999999 0.05527343749999991 0.05312499999999998
4 0.82666015625 0.91552734375 0.054492187499999956 0.050976562500000044
4 0.8662109375 0.873828125 0.05507812500000009 0.05117187499999998
4 0.82470703125 0.8349609375 0.056445312499999956 0.05234374999999991
4 0.78642578125 0.87451171875 0.0537109375 0.050976562500000044
2 0.30947904497663553 0.1795369085864486 0.23980541764018692 0.03878869742990654
2 0.14154680198598132 0.9672897196261683 0.015287310163551393 0.01574364778037385
2 0.4822818899317406 0.7065912969283277 0.07599189419795227 0.13265251706484638
