4 0.7395750398089171 0.29784119559447986 0.0522492038216561 0.047065751061571126
4 0.625 0.21044921875 0.017578125 0.015429687500000011
4 0.64580078125 0.23388671875 0.018164062500000022 0.01738281250000001
4 0.666015625 0.2560546875 0.01718749999999991 0.016796875000000017
4 0.63896484375 0.27949218750000004 0.016210937500000022 0.01679687499999999
4 0.558984375 0.32412109375 0.045703124999999956 0.0400390625
4 0.608203125 0.37001953125 0.04062500000000002 0.04042968750000003
4 0.63994140625 0.4818359375 0.04550781250000002 0.04023437499999999
4 0.5910746812386156 0.5884064776867031 0.06510416666666663 0.06474840619307831
4 0.8080351187299892 0.6408626267342582 0.044815568303094966 0.04815068036286019
4 0.7871906683564567 0.5379952641408752 0.047733791355389465 0.04627467982924227
4 0.7275390625 0.153515625 0.033203125 0.028906249999999994
4 0.7061523437499999 0.1837890625 0.03183593750000002 0.026562500000000017
4 0.78828125 0.1552734375 0.04062500000000002 0.03515625
4 0.82041015625 0.11630859375 0.0458984375 0.0369140625
4 0.79912109375 0.20556640625 0.03964843750000002 0.03886718750000001
4 0.90947265625 0.14902343750000002 0.04160156250000002 0.037500000000000006
4 0.84755859375 0.17578125 0.042773437499999956 0.03945312499999998
4 0.905078125 0.0763671875 0.04179687500000007 0.039453125000000006
4 0.978125 0.13486328125 0.039843749999999956 0.0388671875
4 0.98837890625 0.0732421875 0.019335937499999956 0.037109375
4 0.9845375760900339 0.2476443056342016 0.0270185978199321 0.05158638873159682
4 0.9246885617214042 0.2744947975651189 0.06480924405436017 0.06016421291053228
4 0.9522269606455266 0.365404692808607 0.07785956964892415 0.07476288221970556
4 0.9727038062712344 0.49796392801528877 0.050686137457531144 0.0939158939694224
