4 0.50537109375 0.08154296875 0.019726562500000044 0.01972656249999999
4 0.48808593749999996 0.1001953125 0.02265624999999999 0.01992187499999999
4 0.413671875 0.18740234374999998 0.03359375000000003 0.029882812499999994
4 0.37578125 0.1294921875 0.06406250000000002 0.05546875
4 0.33671874999999996 0.234765625 0.03046874999999999 0.025390625
4 0.3578125 0.25498046875 0.03203125000000001 0.02714843750000001
4 0.31376953125 0.21435546875 0.03457031249999998 0.02910156250000001
4 0.28818359375 0.19072265625 0.03457031250000003 0.029492187500000017
4 0.26884765624999996 0.17412109375 0.01738281250000001 0.015820312500000017
4 0.252734375 0.15986328125 0.017187500000000022 0.013867187500000017
4 0.23476562499999998 0.18662109375 0.021875000000000006 0.0205078125
4 0.25517578125 0.20322265625000002 0.0224609375 0.020117187499999994
4 0.27802734375000004 0.2228515625 0.02714843750000001 0.024218749999999983
4 0.29794921875 0.24033203125000002 0.02910156250000001 0.020507812500000028
4 0.31621093749999996 0.2587890625 0.02460937499999999 0.022265624999999983
4 0.3359375 0.27666015624999996 0.022656250000000044 0.02128906250000001
4 0.30927734375 0.31337890625 0.024804687499999978 0.0205078125
4 0.29179687499999996 0.29794921875 0.02812500000000001 0.01972656249999999
4 0.274609375 0.28154296875 0.027734374999999978 0.020898437499999978
4 0.25625 0.26533203125000004 0.024999999999999994 0.01972656249999999
4 0.23974609375 0.24970703125 0.025585937500000017 0.019726562500000017
4 0.22158203125 0.23310546875 0.02558593749999999 0.018945312500000006
4 0.20341796875 0.25224609375 0.025585937500000017 0.022070312500000022
4 0.221484375 0.26933593749999996 0.024609375000000017 0.02070312499999999
4 0.23779296875 0.2841796875 0.024804687499999978 0.020312499999999956
4 0.2548828125 0.30078125 0.028124999999999983 0.021093750000000022
4 0.2734375 0.31748046875 0.025000000000000022 0.01738281250000001
4 0.29091796875 0.334375 0.0263671875 0.01953125
4 0.26318359375 0.36142578125 0.025976562500000022 0.020117187499999967
4 0.24609375 0.34501953124999996 0.027734374999999978 0.01933593750000001
4 0.22734375 0.328125 0.026171874999999983 0.019921874999999978
4 0.209375 0.31162109375 0.02656249999999999 0.0185546875
4 0.1921875 0.295703125 0.024999999999999994 0.017968749999999978
4 0.1275390625 0.33203125 0.025390625 0.020312499999999956
4 0.1751953125 0.31513671875000004 0.025390625 0.02128906250000001
4 0.19248046875000002 0.3318359375 0.025976562499999994 0.01953125
4 0.20859375 0.34736328125 0.025390625 0.0185546875
4 0.22705078125 0.36474609375 0.02558593749999999 0.017773437500000044
4 0.24423828125000002 0.38095703125 0.024414062500000028 0.0185546875
4 0.14833984374999998 0.35107421875 0.024804687500000006 0.017773437500000044
4 0.16513671875 0.36708984375 0.0244140625 0.01933593750000001
4 0.18193359375 0.38232421875 0.020898437500000006 0.013867187500000044
4 0.19560546875 0.3955078125 0.0205078125 0.012890625000000044
4 0.2095703125 0.40849609375 0.02265624999999999 0.0146484375
4 0.109765625 0.35029296875 0.02578124999999999 0.020898437499999978
4 0.12734375 0.36630859375 0.02578124999999999 0.02167968749999999
4 0.1443359375 0.38349609375 0.020703125000000017 0.016210937500000022
4 0.15830078125 0.3978515625 0.02128906250000001 0.015625
4 0.17314453125 0.4099609375 0.023242187499999983 0.015625
4 0.18662109375 0.42236328125 0.0185546875 0.013476562499999956
4 0.200390625 0.4357421875 0.01953125 0.016015624999999978
4 0.31120449949443885 0.7397465874620828 0.041866784630940346 0.037127148634984786
4 0.3436907545500506 0.771837872851365 0.04482905712841251 0.037324633468149626
4 0.2623046875 0.71181640625 0.030859374999999967 0.025195312499999956
4 0.1208984375 0.6357421875 0.043359375000000006 0.036328125000000044
4 0.1537109375 0.6642578125 0.041015625 0.03515625
4 0.14345703125 0.601953125 0.02949218749999999 0.026171874999999956
4 0.18525390625 0.63994140625 0.029101562499999983 0.026757812499999978
4 0.22001953125 0.67353515625 0.032617187500000006 0.027929687500000022
4 0.1986328125 0.7060546875 0.04218749999999999 0.037109375
4 0.23056640625000002 0.73603515625 0.04199218750000003 0.0361328125
4 0.09101562499999999 0.66806640625 0.0421875 0.036914062499999956
4 0.12294921874999999 0.6976562500000001 0.043554687499999994 0.03671875000000002
4 0.16845703125 0.73876953125 0.0419921875 0.0380859375
4 0.2009765625 0.7693359375 0.04218750000000002 0.0390625
4 0.12099609375 0.77412109375 0.03066406249999999 0.0263671875
4 0.16083984375 0.81005859375 0.029882812499999994 0.027539062500000044
4 0.19560546875 0.84501953125 0.03144531250000002 0.025585937499999933
4 0.07744140625 0.7427734374999999 0.0306640625 0.026953125000000022
4 0.021386718750000002 0.74169921875 0.0376953125 0.033007812499999956
4 0.04755859375 0.7138671875 0.029101562500000004 0.02734375
4 0.052148437500000006 0.7701171874999999 0.03906250000000001 0.03281250000000002
4 0.02412109375 0.7989257812499999 0.0384765625 0.03457031249999998
4 0.092578125 0.81220703125 0.041406250000000006 0.03574218750000002
4 0.12509765625000002 0.84130859375 0.040429687500000006 0.0341796875
4 0.06328125000000001 0.84404296875 0.040234375 0.03652343749999998
4 0.0955078125 0.8736328125 0.04296875 0.037890624999999956
4 0.16416015625 0.8829101562499999 0.0302734375 0.025976562500000022
4 0.13896484375 0.9142578125 0.039648437499999994 0.03281250000000002
4 0.28212890625 0.77353515625 0.04316406249999999 0.0361328125
4 0.31464843750000004 0.80380859375 0.04179687500000001 0.036914062499999956
4 0.38046875 0.8208984375 0.03984375000000001 0.032031249999999956
4 0.4052734375 0.79150390625 0.03359374999999998 0.029492187500000044
4 0.4359375 0.8204101562499999 0.03437499999999999 0.028710937499999978
4 0.40869140625 0.8478515625 0.038867187499999956 0.03281250000000002
4 0.37412109375 0.88642578125 0.03886718750000001 0.03457031249999998
4 0.34560546875 0.8592773437500001 0.04042968750000003 0.03261718749999998
4 0.48466796874999996 0.92021484375 0.03144531249999999 0.026757812499999978
4 0.44462890625 0.8845703125 0.0302734375 0.026562499999999933
4 0.41416015625 0.92138671875 0.03847656250000003 0.03378906249999991
4 0.44853515625 0.953515625 0.03769531250000002 0.032421875000000044
4 0.421875 0.9822265625 0.0390625 0.03164062499999998
4 0.38701171875 0.9509765625 0.03847656249999998 0.03164062499999998
4 0.23505859375 0.88154296875 0.030664062499999978 0.025195312500000067
4 0.29091796875 0.8931640624999999 0.0302734375 0.027734374999999978
4 0.27099609375 0.91435546875 0.031445312500000044 0.025195312500000067
4 0.32626953125 0.92802734375 0.03652343750000003 0.0302734375
4 0.303125 0.9513671875 0.03789062500000001 0.030078125000000067
4 0.284765625 0.9751953124999999 0.030859374999999967 0.023828124999999978
4 0.3423828125 0.9890625 0.03398437500000001 0.017968749999999978
4 0.26279296875 0.99111328125 0.02910156250000001 0.013867187500000044
4 0.23994140625 0.952734375 0.04042968749999998 0.03125
4 0.19677734375 0.9130859375 0.03925781249999999 0.033203125
4 0.16982421875 0.94248046875 0.03925781249999999 0.0341796875
4 0.21162109375 0.981640625 0.041601562499999994 0.03281250000000002
2 0.32744140624999996 0.5587890625 0.05097656249999999 0.04843750000000002
2 0.4470703125 0.666796875 0.07578125000000002 0.06992187500000002
2 0.481640625 0.47861328124999997 0.06679687499999998 0.06191406249999998
2 0.6397460937499999 0.2724609375 0.09511718749999998 0.087890625
2 0.7548828125 0.17451171875 0.024218749999999956 0.025195312499999983
2 0.7462890625 0.18222656250000002 0.0234375 0.024999999999999994
2 0.7375 0.18828125 0.023046875000000022 0.0234375
2 0.55703125 0.7701171875 0.049609374999999956 0.047656249999999956
2 0.93505859375 0.60546875 0.025195312499999956 0.01914062499999991
