2 0.9451854225601131 0.5587042521216408 0.031769359971711375 0.07265514497878367
2 0.9813541482496464 0.6994894801980198 0.03338545350070721 0.11664603960396047
4 0.7704539427157001 0.48825914957567185 0.030940594059405857 0.025691743281471002
4 0.743104667609618 0.5125696163366337 0.03812323196605372 0.032321870579915146
4 0.7803991336633662 0.5212716584158416 0.032598125884017004 0.025415487977369144
4 0.8016707920792079 0.5599474009900989 0.023205445544554504 0.01768033946251768
4 0.8099584512022631 0.5809428041018387 0.025415487977369144 0.01768033946251768
4 0.35224609375 0.0568359375 0.03964843750000002 0.033593750000000006
4 0.37900390625 0.029589843749999997 0.03496093750000001 0.0314453125
4 0.317578125 0.024804687500000002 0.03945312499999998 0.0328125
4 0.32607421875 0.08662109374999999 0.03886718750000001 0.0349609375
4 0.29033203125 0.0537109375 0.03964843750000002 0.034374999999999996
4 0.24560546875 0.0203125 0.030664062499999978 0.0265625
4 0.70556640625 0.5373046875 0.0361328125 0.028906250000000022
4 0.75224609375 0.55234375 0.03925781249999993 0.032421875000000044
4 0.7173828124999999 0.569921875 0.03554687499999998 0.028515625000000044
4 0.72861328125 0.60380859375 0.0341796875 0.029882812500000022
4 0.7655273437500001 0.59189453125 0.03574218750000002 0.0322265625
4 0.7916015624999999 0.6319335937499999 0.019921874999999978 0.016992187499999978
4 0.7738281250000001 0.63818359375 0.019921874999999978 0.015820312500000044
4 0.756640625 0.645703125 0.021874999999999978 0.017968749999999978
4 0.7378906249999999 0.65107421875 0.023046875000000022 0.017773437499999933
4 0.6717773437500001 0.6091796875 0.03847656249999998 0.033203125
4 0.65927734375 0.57158203125 0.038867187499999956 0.0322265625
4 0.662109375 0.6765625 0.03867187499999991 0.03125
4 0.64404296875 0.63349609375 0.035351562500000044 0.029882812500000022
4 0.63095703125 0.59990234375 0.034960937499999956 0.0283203125
4 0.5848632812500001 0.6219726562500001 0.030664062499999978 0.026757812499999978
4 0.5955078125 0.64853515625 0.029687499999999978 0.0224609375
4 0.60419921875 0.67138671875 0.025976562500000022 0.02207031249999991
4 0.61201171875 0.6978515624999999 0.03183593750000002 0.025781249999999978
4 0.58349609375 0.6865234375 0.0283203125 0.02382812500000009
4 0.5716796875 0.65546875 0.02734375 0.021874999999999978
4 0.7132812500000001 0.72724609375 0.04453125000000002 0.04160156250000002
4 0.650390625 0.75078125 0.05703125000000009 0.05234375000000002
4 0.8086914062499999 0.6927734375000001 0.04042968749999998 0.03554687499999998
4 0.848828125 0.66669921875 0.03515625 0.031054687500000067
4 0.8591796875 0.7005859375 0.03476562500000002 0.028515625000000044
4 0.8701171875 0.7296875 0.026562500000000044 0.021874999999999978
4 0.82705078125 0.74619140625 0.039257812500000044 0.034960937499999956
4 0.7621093750000001 0.70927734375 0.04453125000000002 0.04121093749999993
4 0.798828125 0.8109375 0.04531250000000009 0.041015625
4 0.75068359375 0.82900390625 0.04355468750000002 0.0380859375
4 0.70048828125 0.84697265625 0.04511718749999993 0.04121093749999993
4 0.7302734375 0.90498046875 0.04804687499999993 0.0419921875
4 0.78212890625 0.88623046875 0.0478515625 0.0419921875
4 0.8908203125 0.84130859375 0.03476562500000002 0.02988281249999991
4 0.90703125 0.88369140625 0.03515625 0.031445312500000044
4 0.92353515625 0.93193359375 0.04433593749999998 0.03886718750000007
4 0.8412109375000001 0.865234375 0.05312499999999998 0.04726562500000009
4 0.87197265625 0.9498046875 0.0478515625 0.043749999999999956
4 0.81298828125 0.97119140625 0.047070312500000044 0.0400390625
4 0.761328125 0.98388671875 0.047656249999999956 0.0283203125
