4 0.6820522454031117 0.5425433168316831 0.06132867751060811 0.05635608203677511
4 0.6004188030410184 0.6237623762376238 0.06105242220650631 0.05690859264497883
4 0.6448959070014144 0.6671344589816124 0.06270995403111734 0.05635608203677511
4 0.5983468882602545 0.7147884989391796 0.061881188118811825 0.05718484794908063
4 0.5552510608203678 0.6711401608910891 0.061881188118811825 0.05718484794908063
4 0.508563914427157 0.7178273072842998 0.061881188118811936 0.05828986916548795
4 0.552902890735502 0.762304411244696 0.06381497524752466 0.05939489038189538
4 0.5071826379066477 0.8088534299858556 0.06132867751060822 0.057461103253182544
4 0.4625674062942008 0.7646525813295615 0.05939489038189533 0.05746110325318243
4 0.4495834070014144 0.9038852545968883 0.031769359971711486 0.0281780410183875
4 0.4754132779349364 0.9287482319660536 0.03149310466760963 0.02596799858557286
4 0.45137906647807635 0.9508486562942008 0.033703147100424324 0.02707301980198018
4 0.4267923444130127 0.926538189533239 0.03204561527581329 0.027625530410183896
4 0.4359087694483734 0.8451810024752475 0.03591318953323902 0.03618944483734088
4 0.4031725159123055 0.8136878978076378 0.04005701909476661 0.03342689179632252
4 0.3736131983734088 0.8425565770862801 0.03895199787835929 0.03536067892503536
4 0.4045537924328147 0.8732209158415841 0.038951997878359235 0.034808168316831756
4 0.3459876679632249 0.8737734264497878 0.03618944483734088 0.03204561527581329
4 0.3758232408062234 0.9029183610325318 0.04005701909476661 0.03563693422913716
4 0.3161520951202263 0.9016752121640735 0.036741955445544594 0.030388083451202252
4 0.3459876679632249 0.9315107850070721 0.041162040311173986 0.034808168316831645
4 0.28852656471004245 0.9310964020509194 0.037294466053748254 0.03397940240452613
4 0.3161520951202263 0.9613463578500707 0.04281957213578502 0.03425565770862804
4 0.25095584335219234 0.9512630392503536 0.03342689179632247 0.0279017857142857
4 0.22733601485148516 0.9630038896746818 0.028178041018387556 0.019337871287128716
4 0.24764077970297033 0.9786123143564356 0.03232187057991512 0.025691743281470947
4 0.2769238419377652 0.9750209954031117 0.03563693422913722 0.026244253889674662
4 0.40400128182461104 0.9490529968175389 0.032874381188118806 0.028454296322489414
4 0.3810720915841584 0.9725346976661952 0.031769359971711486 0.025691743281470947
4 0.4324555781471004 0.9757116336633662 0.028454296322489414 0.023205445544554393
4 0.3590434936350778 0.990470573285007 0.031913012729844425 0.015152603429985922
4 0.49281736209335214 0.9856568246110324 0.025415487977369144 0.01989038189533232
4 0.7855101021314388 0.4391166185612788 0.06070992451154533 0.05550621669626998
4 0.8293947047069271 0.4817870226465364 0.062444493783303745 0.05689387211367669
4 0.7338199378330372 0.4913271536412078 0.06070992451154533 0.05654695825932504
4 0.777357626554174 0.5339975577264653 0.05966918294849022 0.058628441385435104
4 0.725147091474245 0.5855142650976909 0.06070992451154533 0.05689387211367669
4 0.7879384991119005 0.7237594360568383 0.01977408969804617 0.015611123445825825
4 0.8019885102131439 0.7378094471580817 0.020121003552397876 0.01734569271758435
4 0.8158650643872114 0.7535940275310835 0.019427175843694466 0.016998778863232755
4 0.760705761545293 0.8070187611012434 0.05966918294849022 0.05585313055062169
4 0.7173415297513321 0.7620934169626998 0.05897535523978692 0.054812388987566574
4 0.6602742007104796 0.8198545737122558 0.06070992451154533 0.05585313055062169
4 0.7050260879218472 0.8626984347246891 0.06209757992895204 0.05620004440497339
4 0.634255661634103 0.8932268539076376 0.03989509325044405 0.037466696269982225
4 0.6621822269094139 0.9201126776198935 0.04024200710479575 0.03573212699822381
4 0.6394593694493783 0.9457843028419183 0.03156916074600358 0.02879384991119016
4 0.6111858903197158 0.9173373667850799 0.031222246891651873 0.02810002220248664
4 0.5914118006216696 0.9381521980461811 0.031222246891651873 0.02740619449378323
4 0.6202056505328597 0.9669460479573713 0.026365452930728228 0.024630883658969815
4 0.5702500555062167 0.9598343139431615 0.031222246891651873 0.02567162522202493
4 0.5504759658081705 0.9803022313499112 0.027059280639431638 0.02428396980461811
4 0.5987039298401421 0.9862257854129662 0.02915464031971582 0.023642179174067524
4 0.9338296979865772 0.7757445469798658 0.07130872483221473 0.07026006711409394
4 0.9779978502516778 0.6892237311241611 0.040098049496644306 0.07077128775167785
4 0.9243917785234899 0.6191013003355705 0.07445469798657711 0.07209521812080533
4 0.8515100671140939 0.6944735738255033 0.07550335570469802 0.07235738255033564
4 0.9268823406040269 0.4303429110738255 0.07419253355704702 0.06947357382550334
4 0.8213856456043956 0.2652815934065934 0.0416380494505495 0.03820398351648355
4 0.847892342032967 0.32870449862637363 0.035843063186813184 0.03412603021978022
4 0.8110834478021979 0.34211881868131866 0.03562843406593408 0.03348214285714285
4 0.8894230769230769 0.3147536057692308 0.04035027472527475 0.03670157967032972
4 0.8633456387362637 0.24886246565934067 0.04099416208791207 0.038847870879120894
4 0.9058422046703297 0.2330872252747253 0.04013564560439553 0.03777472527472528
4 0.8431705013736264 0.18458104395604397 0.04957932692307698 0.04421359890109888
4 0.8223514766483517 0.12373368818681318 0.05687671703296704 0.05258413461538462
4 0.7978837568681318 0.06009615384615385 0.059023008241758323 0.05194024725274725
4 0.8777257898351649 0.031013907967032968 0.05430116758241754 0.05043784340659341
4 0.9009057348901099 0.09443681318681318 0.0474330357142857 0.042496565934065936
4 0.9602506868131868 0.07351047390109891 0.03562843406593408 0.03240899725274725
4 0.9371780563186813 0.017384958791208792 0.056447458791208716 0.0339114010989011
4 0.9833340487637363 0.20192307692307693 0.029425652472527486 0.049278846153846145
4 0.9575678228021978 0.3006953983516484 0.054730425824175755 0.04893543956043955
4 0.4060679290254237 0.9902674788135593 0.031614141949152574 0.01555879237288138
