4 0.38486328125 0.019824218749999997 0.02949218749999999 0.026367187499999997
4 0.339453125 0.01875 0.026953124999999967 0.025
4 0.36376953125 0.04306640625 0.028710937499999978 0.0251953125
4 0.4390625 0.03955078125 0.03984375000000001 0.0361328125
4 0.470703125 0.07236328125 0.041796874999999956 0.03769531250000001
4 0.49658203125 0.09716796875 0.034960937499999956 0.03144531249999999
4 0.51171875 0.0080078125 0.022656250000000044 0.015234375
4 0.5275390625 0.02177734375 0.024609374999999933 0.0208984375
4 0.544140625 0.03984375 0.026171875000000067 0.023437499999999997
4 0.528125 0.058300781249999996 0.024609374999999933 0.023242187499999997
4 0.51083984375 0.04072265625 0.023632812500000044 0.0220703125
4 0.4921875 0.02060546875 0.025781250000000033 0.0224609375
4 0.47568359375 0.0080078125 0.0205078125 0.015234375
4 0.4119140625 0.0677734375 0.037109375 0.036328125
4 0.4423828125 0.09843750000000001 0.04257812500000002 0.037890625
4 0.46826171875 0.1244140625 0.03457031249999998 0.03007812500000001
4 0.5788093065693432 0.010895952815432743 0.02729079770594367 0.020569929614181443
2 0.6294194799270073 0.12891846976016685 0.024643183003128177 0.029734749739311797
2 0.40969422043010756 0.5932879704301075 0.16486055107526887 0.168010752688172
2 0.7950688844086022 0.25726646505376344 0.19846270161290325 0.21421370967741937
2 0.3920287385189437 0.8758252009184844 0.012333165901262932 0.012557405281285905
2 0.13706856343283585 0.9645118757175659 0.009642293340987373 0.011436208381171098
