4 0.23310546875 0.36142578125 0.013085937500000006 0.015039062500000033
4 0.21875 0.3607421875 0.013671875 0.014843749999999989
4 0.29345703125 0.42880859375 0.014257812500000022 0.013867187499999989
4 0.31259765625 0.428125 0.018164062499999967 0.017578125
4 0.29374999999999996 0.4498046875 0.01640625000000001 0.016015625000000033
4 0.4466796875 0.4234375 0.017578125 0.01640625000000001
4 0.472265625 0.4220703125 0.017578125 0.015234375000000022
4 0.4970703125 0.42333984375 0.014843750000000044 0.015039062499999978
4 0.521484375 0.423046875 0.016796875000000044 0.015625
4 0.5474609375 0.42216796874999996 0.018750000000000044 0.01972656249999999
4 0.49501953125 0.46611328125 0.0185546875 0.0166015625
4 0.46611328125 0.46533203125 0.018164062500000022 0.016210937500000022
4 0.43798828125 0.4658203125 0.016992187499999978 0.014453124999999956
4 0.67685546875 0.41572265625 0.0361328125 0.03652343749999998
4 0.7098632812500001 0.43378906250000004 0.013085937499999978 0.012500000000000011
4 0.62861328125 0.416015625 0.03457031249999998 0.03476562500000002
4 0.85166015625 0.41982421875 0.013476562499999956 0.013867187499999989
4 0.85224609375 0.43837890625 0.013867187499999933 0.013867187499999989
4 0.88828125 0.43154296875 0.014843750000000044 0.013867187499999989
4 0.91650390625 0.4017578125 0.012304687499999911 0.01171875
4 0.93125 0.40078125 0.01171875 0.012500000000000011
4 0.80400390625 0.418359375 0.025585937499999933 0.025781250000000033
4 0.77294921875 0.41806640625 0.0244140625 0.024804687500000033
4 0.96962890625 0.32880859375 0.0126953125 0.013085937499999978
4 0.96923828125 0.31376953124999996 0.013085937500000089 0.013476562500000011
