4 0.6370250241002571 0.11322099935732648 0.02083668059125965 0.021589813624678655
4 0.9710395244215938 0.07631748071979434 0.013054305912596487 0.011548039845758362
4 0.9707884800771208 0.08949730880462725 0.013556394601542454 0.013807438946015424
4 0.9705374357326477 0.1040578807840617 0.013556394601542343 0.01129699550128535
4 0.9714160909383033 0.11560592062982006 0.013807438946015438 0.012301172879177383
4 0.9715416131105399 0.12828366002570693 0.013556394601542343 0.012552217223650394
4 0.947441356041131 0.11460174325192801 0.015564749357326435 0.012803261568123392
4 0.947692400385604 0.1275305269922879 0.015062660668380468 0.01255221722365038
4 0.6336300872093024 0.9399008513289038 0.03698608803986714 0.03828384551495023
4 0.6825122854374308 0.9403334371539314 0.03698608803986714 0.03914901716500563
4 0.7723819905869325 0.9400089977851607 0.025522563676633414 0.025089977851605716
4 0.7391810285160576 0.9397927048726469 0.027469199889258 0.0285506644518273
