4 0.3560546875 0.724609375 0.02734375 0.026562500000000044
4 0.39140625 0.7234375 0.025000000000000022 0.028515624999999933
4 0.42626953125 0.72958984375 0.0166015625 0.015820312500000044
4 0.4466796875 0.72861328125 0.015234374999999967 0.013476562499999956
4 0.43193359375 0.84052734375 0.0439453125 0.04433593749999998
4 0.43271484375 0.9025390625 0.0419921875 0.04218749999999993
4 0.29765624999999996 0.778125 0.014453125000000011 0.013281250000000022
4 0.318359375 0.7783203125 0.014453124999999956 0.013671875
4 0.30107421875 0.9181640625 0.0126953125 0.011328125000000022
4 0.31718749999999996 0.91806640625 0.012500000000000011 0.011914062500000044
