4 0.4931766147172236 0.025857567480719795 0.021338769280205616 0.021087724935732646
4 0.5322140102827764 0.026108611825192803 0.02209190231362468 0.021589813624678662
4 0.5696196176092545 0.025355478791773776 0.02209190231362468 0.02058563624678663
4 0.6074017914524421 0.025229956619537273 0.023347124035989708 0.020334591902313626
4 0.4658127811696658 0.11773979755784061 0.04041813946015427 0.03866082904884317
4 0.15732421875 0.0390625 0.03144531249999999 0.033203125
4 0.77392578125 0.06171875 0.0322265625 0.0328125
4 0.72841796875 0.061914062500000006 0.033007812499999956 0.03320312500000001
4 0.7927734375 0.19873046875 0.030078125000000067 0.0283203125
4 0.8453124999999999 0.1986328125 0.028906250000000022 0.02734375
