4 0.57353515625 0.00869140625 0.025195312500000067 0.016992187500000002
4 0.6537109375000001 0.023828125000000002 0.07773437500000002 0.047265625
4 0.7595703125 0.0224609375 0.07500000000000007 0.044531249999999994
4 0.8650390625 0.02275390625 0.076171875 0.045117187499999996
4 0.9673828125 0.08056640625 0.03125 0.031835937499999994
4 0.5837844488188976 0.34418061023622043 0.06828248031496065 0.06643700787401574
4 0.8529296875 0.34287109375 0.06640625 0.06503906249999997
4 0.8531249999999999 0.5140625 0.06601562500000002 0.06718749999999996
4 0.5828102256186318 0.5135837427219796 0.07050582241630277 0.06680995269286755
4 0.24296875 0.39345703125 0.06210937500000002 0.0615234375
4 0.10263671875 0.39208984375 0.05917968750000001 0.06113281250000002
4 0.096875 0.65498046875 0.0640625 0.06582031249999998
4 0.2390625 0.61328125 0.062890625 0.06562500000000004
4 0.8528912653688525 0.6851946721311476 0.07004034323770492 0.0680391905737705
4 0.8468878073770492 0.9152271708504098 0.08124679815573776 0.08264760502049184
4 0.43779296875 0.6456054687499999 0.015039062499999978 0.014257812500000022
4 0.462890625 0.6455078125 0.01953125 0.018750000000000044
4 0.49296874999999996 0.6455078125 0.02070312499999999 0.01953125
4 0.46269531249999996 0.75556640625 0.03789062500000001 0.0400390625
4 0.40986328125 0.7557617187500001 0.03769531250000002 0.03964843750000002
4 0.4115234375 0.82431640625 0.03632812499999999 0.037304687500000044
4 0.4607421875 0.8243164062499999 0.037109375 0.03769531250000002
4 0.61015625 0.66533203125 0.03164062499999998 0.0322265625
4 0.6115234375 0.731640625 0.03867187500000002 0.03789062500000007
4 0.6111328125 0.8171875 0.029687499999999978 0.029296875
4 0.17568359375 0.80576171875 0.06074218749999999 0.060742187500000044
4 0.290625 0.94306640625 0.02617187500000001 0.0263671875
4 0.32724609375 0.9453125 0.0205078125 0.020312499999999956
4 0.32724609375 0.989453125 0.02128906250000001 0.017187500000000022
4 0.2916015625 0.98935546875 0.02617187500000001 0.017382812499999956
4 0.07724609375 0.8060546875 0.0583984375 0.060546875
4 0.146875 0.98154296875 0.03828124999999999 0.033007812499999956
4 0.19638671875 0.98271484375 0.03300781250000001 0.030664062499999978
4 0.046875 0.97802734375 0.039843750000000004 0.039257812500000044
