4 0.5269348921499293 0.039344280410183896 0.07983778288543136 0.0776277404526167
4 0.24501953125 0.3404296875 0.03886718750000001 0.03593750000000001
4 0.1935546875 0.34013671874999996 0.037109375 0.03730468749999999
4 0.24716796875000002 0.1873046875 0.03613281250000003 0.036718749999999994
4 0.19990234375 0.18740234374999998 0.035742187499999994 0.037695312499999994
4 0.19609375 0.03388671875 0.03437500000000002 0.0337890625
4 0.14785156249999998 0.03330078125 0.035546875000000006 0.0349609375
4 0.0470703125 0.0302734375 0.038671875 0.040624999999999994
4 0.05087890625 0.1435546875 0.021679687500000003 0.02460937499999999
4 0.05078125 0.17265625 0.023046874999999994 0.024218749999999983
4 0.071875 0.248828125 0.01601562499999999 0.015625
4 0.05048828125 0.24853515625 0.0162109375 0.0146484375
4 0.029101562499999997 0.247265625 0.017578124999999997 0.016796875000000017
4 0.97958984375 0.941796875 0.0361328125 0.037109375
4 0.9375976562499999 0.93623046875 0.03769531250000002 0.03730468749999993
4 0.9306640625 0.979296875 0.037109375 0.03749999999999998
4 0.97373046875 0.981640625 0.036914062499999956 0.03281250000000002
4 0.897265625 0.9314453125 0.030468749999999933 0.03164062499999998
4 0.86162109375 0.9268554687499999 0.0322265625 0.03183593750000002
4 0.826171875 0.9217773437500001 0.03125 0.03261718749999998
4 0.79443359375 0.91748046875 0.025585937500000044 0.02597656249999991
4 0.79658203125 0.9619140625 0.025195312500000067 0.02734375
4 0.82509765625 0.96533203125 0.025195312499999956 0.027539062500000044
4 0.8564453125 0.96923828125 0.03125 0.033007812499999956
4 0.8923828125 0.97373046875 0.03242187499999993 0.033398437500000044
