4 0.59296875 0.1060546875 0.024609374999999933 0.026171874999999997
4 0.56513671875 0.10283203125000001 0.023632812499999933 0.027148437499999997
4 0.53388671875 0.09892578125 0.029882812500000022 0.030664062500000006
4 0.49873046875000004 0.09443359375 0.030273437500000056 0.032617187500000006
4 0.49189453125000004 0.13759765624999998 0.030273437500000056 0.033789062499999994
4 0.52685546875 0.14169921875 0.0322265625 0.03378906250000001
4 0.56005859375 0.14619140625 0.02480468750000009 0.026757812500000006
4 0.58720703125 0.15 0.0244140625 0.02734375
4 0.579296875 0.21240234375 0.025000000000000022 0.02753906249999999
4 0.5736328125000001 0.25830078125 0.025000000000000022 0.026757812499999978
4 0.54619140625 0.2548828125 0.024023437500000022 0.026562500000000017
4 0.5515625 0.20888671874999998 0.024609374999999933 0.026757812500000006
4 0.51943359375 0.2044921875 0.0322265625 0.03398437500000001
4 0.48115234375 0.199609375 0.03574218750000002 0.03828124999999999
4 0.478515625 0.2458984375 0.030859375000000022 0.033593750000000006
4 0.51435546875 0.250390625 0.03183593750000002 0.03203125000000001
4 0.41474609375 0.08359375 0.03652343749999998 0.040234375
4 0.45791015625 0.08876953125 0.0361328125 0.0380859375
4 0.45673828125000004 0.1330078125 0.03105468750000001 0.032812499999999994
4 0.42070312499999996 0.128125 0.03203125000000001 0.033593750000000006
4 0.38076171875 0.12314453125000001 0.03730468749999999 0.038476562500000006
4 0.39345703125 0.18759765625 0.0361328125 0.0380859375
4 0.4369140625 0.193359375 0.03828124999999999 0.03789062500000001
4 0.442578125 0.24189453125000002 0.03125 0.03300781250000001
4 0.40791015625 0.23662109375 0.03183593750000002 0.0341796875
4 0.37138671875 0.23232421875 0.0302734375 0.03300781250000001
4 0.39482421874999996 0.30673828125 0.04472656250000001 0.04667968750000001
4 0.45224609375 0.314453125 0.04472656250000001 0.04648437500000002
4 0.43232421875 0.4056640625 0.05996093749999998 0.06171874999999999
4 0.3501953125 0.39560546875 0.06015624999999997 0.06230468750000001
4 0.32392578125 0.30576171875 0.06113281250000002 0.06308593749999997
4 0.26787109375 0.38486328125 0.06035156249999998 0.0615234375
4 0.18623046875 0.3736328125 0.06074218750000002 0.06210937499999997
4 0.54951171875 0.4427734375 0.0107421875 0.011328124999999967
4 0.5615234375 0.4431640625 0.010937500000000044 0.012109374999999978
4 0.55927734375 0.4552734375 0.011132812499999978 0.012109374999999978
4 0.54775390625 0.453515625 0.011523437499999956 0.011328124999999967
4 0.7806228271175728 0.023200458280657404 0.026420274968394497 0.025185682680151707
4 0.8132160635271808 0.027644990518331233 0.030370970290771182 0.031605562579013896
4 0.8480315660556259 0.03184260429835652 0.030864807206068323 0.03259323640960809
4 0.8842051201011378 0.037027891908975985 0.02913637800252844 0.03111172566371681
4 0.9234651548672567 0.041102046460177 0.03555625790139061 0.03679085018963338
4 0.9184033264854614 0.08493007269279393 0.03679085018963335 0.03851927939317319
4 0.8791432917193427 0.08011516276864727 0.030370970290771182 0.03382782869785082
4 0.8434635745891277 0.0754237120733249 0.02913637800252844 0.032346317951959545
4 0.7833389301517067 0.06690502528445007 0.025926438053097245 0.02716103034134007
4 0.8109937974083439 0.07073226137800254 0.024444927307206044 0.02543260113780025
4 0.7991417114412136 0.13357300884955753 0.030370970290771182 0.03209939949431101
4 0.7681534450063212 0.12925193584070796 0.023210335018963302 0.025926438053097342
4 0.7709930072692794 0.17345033975979773 0.022963416561314842 0.025432601137800243
4 0.797907119152971 0.1764133612515803 0.023951090391908902 0.025432601137800243
4 0.8298830594184576 0.18122827117572693 0.031111725663716894 0.03308707332490518
4 0.8348214285714286 0.13752370417193427 0.02963021491782558 0.032593236409608095
4 0.8706246049304678 0.14270899178255372 0.031111725663716783 0.032593236409608095
4 0.9669228034134008 0.04678117098609356 0.03753160556257906 0.037778524020227564
4 0.9617375158027813 0.0906091972187105 0.03753160556257895 0.03901311630847029
4 0.9537126659292036 0.1534499446902655 0.03629701327433632 0.03827236093552466
4 0.9476631637168142 0.1965372155499368 0.03753160556257906 0.03802544247787612
4 0.9101315581542352 0.14777082016434895 0.03802544247787609 0.037284687104930464
4 0.9048228113147914 0.19122846871049304 0.03728468710493049 0.03876619785082175
4 0.8649454804045513 0.18554934418457647 0.030617888748419753 0.03284015486725664
4 0.8967979614412137 0.25332846080910243 0.03555625790139061 0.03851927939317318
4 0.9402556099873578 0.2597483407079646 0.03753160556257895 0.038519279393173206
4 0.9346999446902655 0.3022183154235145 0.03580317635903918 0.03703776864728192
4 0.8912422961441213 0.29653919089759795 0.03679085018963335 0.03753160556257901
4 0.851735342920354 0.29098352560050567 0.029877133375474152 0.03333399178255375
4 0.8572910082174463 0.24814317319848292 0.02963021491782558 0.030617888748419697
4 0.8214878318584071 0.2438221001896334 0.031111725663716783 0.03135864412136538
4 0.7860550331858407 0.23888373103666244 0.0293832964601769 0.03135864412136535
4 0.7539556336915297 0.23468611725663718 0.024938764222503185 0.025926438053097328
4 0.7564248182680152 0.27888452117572693 0.024444927307206044 0.025926438053097356
4 0.7840796855246523 0.2827117572692794 0.025432601137800215 0.026173356510745927
4 0.816055625790139 0.28641553413400755 0.030617888748419753 0.03209939949431101
