4 0.3882533482142857 0.8059430803571428 0.04994419642857145 0.0521763392857143
4 0.46023995535714285 0.8150111607142857 0.0521763392857143 0.052455357142857206
4 0.5337611607142858 0.8244977678571428 0.0513392857142857 0.053013392857142905
4 0.5034877232142857 0.9679129464285714 0.05943080357142855 0.060267857142857095
4 0.6067243303571428 0.9744698660714286 0.0599888392857143 0.047154017857142905
4 0.7087053571428572 0.9808872767857143 0.0630580357142857 0.0343191964285714
4 0.14620535714285715 0.8950892857142858 0.015066964285714274 0.015066964285714302
4 0.14522879464285715 0.8671875 0.024832589285714274 0.02399553571428581
4 0.1455078125 0.8316127232142858 0.03097098214285715 0.0326450892857143
4 0.10532924107142858 0.8267299107142858 0.029854910714285712 0.0306919642857143
4 0.11342075892857142 0.8641183035714286 0.022042410714285712 0.022321428571428603
4 0.10616629464285715 0.8902064732142857 0.015904017857142863 0.015345982142857206
4 0.09737723214285715 0.9310825892857143 0.02455357142857144 0.0234375
4 0.07645089285714285 0.9386160714285714 0.012276785714285712 0.012276785714285698
4 0.134765625 0.9349888392857142 0.02120535714285715 0.0239955357142857
4 0.20828683035714285 0.9278738839285714 0.059988839285714274 0.0616629464285714
4 0.2889229910714286 0.9388950892857143 0.05831473214285715 0.0613839285714286
4 0.3048270089285714 0.8155691964285714 0.05943080357142855 0.060267857142857095
