4 0.07712977707006369 0.4437035562632696 0.03690618365180467 0.03815021231422505
4 0.036491507430997876 0.4378980891719745 0.03524747876857749 0.03649150743099788
4 0.23273702892781317 0.5474762805201698 0.019697120488322728 0.020111796709129548
4 0.257202925955414 0.5508973593418259 0.02011179670912952 0.021977839702760127
4 0.4805116169410151 0.08211698388203018 0.07635673868312759 0.07582090192043897
4 0.588616683813443 0.09698645404663922 0.0744813100137175 0.07608882030178325
4 0.5744170096021948 0.2080386231138546 0.07448131001371738 0.07582090192043894
4 0.467383616255144 0.1945087448559671 0.07367755486968447 0.07448131001371741
4 0.3591445901920439 0.18057698902606312 0.07260588134430729 0.07394547325102882
4 0.4582743912894376 0.3454807527434842 0.07850008573388201 0.08600180041152261
4 0.3462845078875172 0.331281078532236 0.07957175925925924 0.08546596364883402
4 0.2522451560356653 0.16718106995884774 0.07528506515775032 0.07608882030178327
4 0.26389960562414266 0.06831918724279835 0.01178840877914955 0.011252572016460904
4 0.2762238511659808 0.06925690157750343 0.013931755829903969 0.013128000685871055
4 0.27488425925925924 0.08131322873799726 0.012860082304526732 0.01259216392318245
4 0.26189021776406035 0.07997363683127573 0.013128000685871055 0.010984653635116595
4 0.18472972393689985 0.04742155349794239 0.02545224622770917 0.025184327846364887
4 0.17870156035665297 0.08600180041152264 0.023040980795610427 0.02464849108367627
4 0.08506408607681756 0.04742155349794239 0.023308899176954737 0.021433470507544586
4 0.71015625 0.01474609375 0.06328125000000007 0.028710937500000002
4 0.9223404643691588 0.5455196772780374 0.03399715245327106 0.03376898364485981
4 0.9168644129672898 0.5927506206191588 0.03490982768691586 0.03468165887850472
4 0.8817264164719627 0.5401577102803738 0.03354081483644855 0.03399715245327106
4 0.8762503650700935 0.587502738025701 0.03399715245327106 0.03559433411214952
4 0.8366630768107477 0.5821407710280374 0.03376898364485981 0.03582250292056077
4 0.8427095502336449 0.5358225029205608 0.03582250292056077 0.03445349007009346
4 0.801410995911215 0.5298901139018692 0.03262813960280375 0.03399715245327106
4 0.7963912821261683 0.5776914792640188 0.03399715245327095 0.03650700934579443
