4 0.4599609375 0.8369140625 0.034375000000000044 0.039843749999999956
4 0.48574218750000003 0.8732421875 0.03476562500000002 0.04062500000000002
4 0.44941406250000004 0.88740234375 0.03398437500000001 0.03925781249999993
4 0.42265625 0.8516601562499999 0.03281250000000002 0.03964843750000002
4 0.52509765625 0.823046875 0.025195312500000067 0.029296875
4 0.542578125 0.84765625 0.024609375000000044 0.028515625000000044
4 0.55869140625 0.8724609375 0.0263671875 0.029296875
4 0.5763671875 0.8962890625 0.024609374999999933 0.028906250000000022
4 0.63994140625 0.89208984375 0.017773437499999933 0.021289062499999956
4 0.6368164062499999 0.857421875 0.03964843750000002 0.044921875
4 0.6729492187499999 0.89130859375 0.03457031249999998 0.04042968749999998
4 0.68779296875 0.8387695312500001 0.03886718750000007 0.04433593749999998
4 0.65693359375 0.7955078124999999 0.04042968749999998 0.04531249999999998
4 0.6060546874999999 0.815234375 0.03945312499999998 0.04414062499999993
4 0.71513671875 0.8753906250000001 0.03339843749999993 0.04062500000000002
4 0.7619140625 0.91171875 0.025000000000000022 0.0234375
4 0.7840820312500001 0.90244140625 0.024804687499999978 0.023632812500000044
4 0.79052734375 0.92705078125 0.021679687500000044 0.024023437500000022
4 0.76943359375 0.93701171875 0.0244140625 0.02871093750000009
4 0.7459960937500001 0.94716796875 0.024804687499999978 0.033007812499999956
4 0.7388671874999999 0.9234375 0.025000000000000022 0.029296875
4 0.715625 0.9307617187499999 0.026953125000000022 0.027929687500000022
4 0.7234375 0.95537109375 0.025781249999999978 0.03261718749999998
4 0.70048828125 0.9646484375 0.024804687499999978 0.03125
4 0.69326171875 0.93994140625 0.0263671875 0.03183593749999991
4 0.671875 0.9486328125 0.028124999999999956 0.029296875
4 0.67822265625 0.97255859375 0.025585937500000044 0.031054687499999956
4 0.3388671875 0.4787109375 0.019921874999999978 0.021484375
4 0.3431640625 0.50458984375 0.023046874999999967 0.024804687499999978
4 0.31728515625 0.481640625 0.02167968749999999 0.021874999999999978
4 0.32050781250000004 0.5068359375 0.02460937499999999 0.026171874999999956
4 0.2953125 0.485546875 0.02265624999999999 0.021484375
4 0.29863281249999996 0.508984375 0.02460937499999999 0.025781249999999978
4 0.2720703125 0.48974609375 0.02265624999999999 0.024023437499999967
4 0.27607421875 0.51357421875 0.022851562499999978 0.025585937500000044
4 0.25419921875 0.51904296875 0.0205078125 0.021289062499999956
4 0.44189453125 0.54140625 0.028710937499999978 0.033203125
4 0.45068359375 0.5849609375 0.029492187500000044 0.030078124999999956
4 0.45693359375 0.6258789062500001 0.025976562499999967 0.029882812500000022
4 0.54619140625 0.6517578125 0.019335937500000067 0.022656250000000044
4 0.57783203125 0.6478515625000001 0.017773437499999933 0.021093750000000022
4 0.5096679687500001 0.6583984375 0.025976562500000022 0.029296875
4 0.46845703125 0.6650390625 0.025976562500000022 0.028515625000000044
2 0.41616744353991597 0.27696625525210083 0.03918559611344535 0.017233455882352977
2 0.66044921875 0.255859375 0.0419921875 0.03632812500000002
2 0.679296875 0.3044921875 0.029296875 0.014062499999999978
2 0.69091796875 0.32578125 0.033398437500000044 0.014062500000000033
2 0.7181640625 0.3759765625 0.024609375000000044 0.030468750000000044
2 0.52373046875 0.4107421875 0.04277343750000007 0.03671874999999997
2 0.77412109375 0.451953125 0.0283203125 0.03945312499999998
2 0.814453125 0.49462890625 0.02890624999999991 0.0126953125
2 0.7263671875 0.5435546874999999 0.03437499999999993 0.03945312499999998
2 0.655859375 0.5809570312500001 0.048828125 0.07871093750000002
2 0.8647748161764706 0.8712086397058824 0.027803308823529438 0.01953125
2 0.1806640625 0.03359375 0.07460937499999998 0.04453125
2 0.19384765625 0.0197265625 0.07363281249999998 0.039453125
2 0.91357421875 0.64404296875 0.0302734375 0.021289062499999956
