4 0.29453125 0.10068359375 0.03593750000000001 0.03574218750000001
4 0.3328125 0.12060546875 0.03125 0.02949218749999999
4 0.36650390624999996 0.1400390625 0.02949218749999999 0.03203125000000001
4 0.34580078125 0.17548828125 0.03378906249999997 0.0322265625
4 0.30869140625 0.15498046875 0.03535156249999999 0.037695312499999994
4 0.26884765625 0.13642578125 0.03378906250000002 0.038085937499999986
4 0.5421875 0.2291015625 0.022265625000000067 0.025390625
4 0.528125 0.2533203125 0.022265625000000067 0.025390624999999972
4 0.56474609375 0.243359375 0.021679687499999933 0.023828124999999978
4 0.5880859375 0.25712890625 0.021484375 0.025195312499999983
4 0.57451171875 0.28076171875 0.021679687499999933 0.024804687499999978
4 0.55078125 0.26738281249999996 0.021484375 0.02460937499999999
4 0.614453125 0.28818359375 0.04062500000000002 0.0439453125
4 0.653515625 0.31044921875 0.03945312499999998 0.04472656250000001
4 0.2943359375 0.60869140625 0.037109375 0.04082031250000007
4 0.32685546875 0.62607421875 0.0341796875 0.036914062499999956
4 0.35664062500000004 0.64404296875 0.03437499999999999 0.039257812500000044
