4 0.39101728253182455 0.8845473833097595 0.020719147807637894 0.025415487977369144
4 0.41007889851485146 0.8942163189533239 0.023481700848656306 0.026520509193776576
4 0.39916681400282883 0.9130016796322489 0.024310466760961824 0.02596799858557286
4 0.481076511669024 0.9286101043140028 0.020719147807637894 0.02182416902404527
4 0.34957898691654876 0.871839639321075 0.02237667963224893 0.020995403111739752
4 0.33010298797736914 0.8508442362093351 0.021547913719943468 0.022100424328147183
4 0.31573771216407354 0.8875861916548797 0.014365275813295608 0.01436527581329572
4 0.33452307284299854 0.9081672118104667 0.013812765205091948 0.014089020509193806
4 0.30151056400282883 0.9106535095473832 0.02182416902404527 0.02182416902404527
4 0.8904296875 0.8974609375 0.08320312499999993 0.08242187500000009
4 0.96171875 0.96767578125 0.06874999999999998 0.060742187500000044
4 0.81357421875 0.96396484375 0.07988281249999996 0.06816406249999996
4 0.13681640625000002 0.90908203125 0.022070312499999994 0.0283203125
4 0.119140625 0.89033203125 0.02109375000000001 0.026757812499999978
4 0.21826171875 0.9502929687499999 0.06816406249999998 0.07089843750000002
4 0.08779296875 0.9291015625000001 0.0587890625 0.06210937500000002
4 0.07236328125 0.85625 0.03964843750000001 0.04062500000000002
4 0.04052734375 0.8875976562500001 0.0400390625 0.04160156250000002
4 0.01416015625 0.9193359375 0.027539062500000003 0.042187500000000044
4 0.03544921875 0.9734375 0.0580078125 0.04921874999999998
4 0.03021740522540984 0.7797491355020492 0.01841060450819672 0.019811411372950838
4 0.04632668417008197 0.7138111552254098 0.04982870133196721 0.05243019979508201
4 0.08364818135245902 0.7528336321721312 0.04962858606557378 0.05483158299180335
4 0.12136990906762296 0.7924564549180328 0.04982870133196722 0.05162973872950827
4 0.015608990778688525 0.7521332287397542 0.029617059426229508 0.054231237192622905
