4 0.27705078125 0.02548828125 0.07050781250000002 0.0498046875
4 0.2001953125 0.08837890625 0.0703125 0.0712890625
4 0.14306640625 0.03134765625 0.06582031249999999 0.0603515625
4 0.1244140625 0.31367187500000004 0.05390625 0.05585937499999999
4 0.15732421875 0.26884765624999996 0.04316406249999999 0.04707031249999999
4 0.20566406250000002 0.24150390625 0.054296874999999994 0.05644531249999998
4 0.21464843749999998 0.32724609375 0.07734374999999999 0.0810546875
4 0.1388671875 0.39931640625 0.078515625 0.07988281250000001
4 0.07802734375 0.3501953125 0.04003906250000001 0.04140625000000003
4 0.28701171875 0.30908203125 0.04042968750000003 0.04433593749999998
4 0.022512967469262294 0.12637279072745902 0.019811411372950817 0.019811411372950838
4 0.08795065957991804 0.11996910220286885 0.020611872438524595 0.02261302510245901
4 0.07054063140368852 0.14328253073770492 0.016209336577868848 0.01560899077868852
4 0.057533139088114756 0.15649013831967212 0.013407722848360656 0.014808529713114776
4 0.08464875768442623 0.18460633324795084 0.01600922131147542 0.01981141137295081
4 0.067138671875 0.19961497822745902 0.017810258709016397 0.01901095030737704
4 0.009505475153688525 0.14098120517418034 0.01821048924180328 0.01901095030737704
4 0.005403112192622951 0.12086962090163934 0.009605532786885246 0.01720991290983606
4 0.015709048411885244 0.10786212858606559 0.01620933657786885 0.017610143442622947
4 0.3577530457276369 0.4844845210280374 0.08761682242990654 0.09126752336448596
4 0.24875354639519362 0.5899637016021362 0.08657376502002673 0.09048523030707611
4 0.035709070427236325 0.6533294392523364 0.027119492656875833 0.029466371829105498
4 0.02593040720961283 0.6269922396528704 0.026858728304405874 0.0279017857142857
4 0.013804864819759694 0.5979170143524699 0.026597963951935914 0.039636181575433915
4 0.010675692590120175 0.6585447263017357 0.020861148197596796 0.02998790053404543
4 0.11015729305740989 0.8024866488651534 0.036246244993324434 0.03833235981308414
4 0.14092748664886517 0.8356037216288383 0.03468165887850469 0.039375417222964004
4 0.16843812583444595 0.8637662716955941 0.02764102136181576 0.030509429238985364
4 0.19777411548731644 0.8990998414552737 0.0357247162883845 0.03702853805073425
4 0.18043328604806408 0.9301307993991988 0.015124332443257671 0.01773197596795728
4 0.15487837950600802 0.916310288718291 0.03442089452603472 0.038071595460614116
4 0.10702812082777036 0.8612890103471295 0.048241405206942575 0.04954522696929242
4 0.07260722630173566 0.8255642940587449 0.042504589452603464 0.0443299399198932
4 0.1106788217623498 0.910051944259012 0.02320802736982644 0.02659796395193592
4 0.10950538217623498 0.936128379506008 0.022947263017356473 0.025033377837116233
4 0.1387109896528705 0.95529455941255 0.037550066755674225 0.04041847463284376
4 0.025518399532710286 0.9831246349299065 0.03490070093457943 0.029844480140186924
4 0.5219053493107769 0.958421444235589 0.029125548245614086 0.030349310776942362
4 0.5418526785714286 0.9385964912280701 0.02251723057644106 0.024964755639097724
4 0.5245976268796992 0.9210966870300752 0.030594063283208017 0.03157307330827075
4 0.5045279213659148 0.9393307487468671 0.022272478070175405 0.024964755639097724
4 0.4940035635964912 0.9191386669799498 0.01835643796992481 0.01884594298245612
4 0.5040384163533835 0.9094709429824561 0.015908912907268147 0.018601190476190466
4 0.5140732691102756 0.9001703477443608 0.01688792293233088 0.017132675438596423
4 0.48445821585213034 0.9288063909774436 0.015419407894736836 0.019090695488721776
4 0.468671679197995 0.9133869830827067 0.03279683583959897 0.03524436090225569
4 0.6092819940476191 0.3312431469298246 0.08101307957393489 0.0834606046365915
4 0.7184416118421052 0.20176907111528825 0.03451010338345872 0.036468123433583965
4 0.7517279526942355 0.17166451284461157 0.03402059837092741 0.036957628446115276
4 0.7831786497493733 0.14033619204260656 0.03377584586466165 0.036957628446115304
4 0.8171992481203008 0.1755805529448622 0.03818139097744366 0.04038416353383459
4 0.7847695410401001 0.20739837875939854 0.03842614348370932 0.041363173558897265
4 0.7541754777568922 0.24141897713032584 0.035489113408521344 0.035978618421052655
4 0.7212562656641603 0.27140115914786966 0.03377584586466176 0.03475485588972432
4 0.6846657659774436 0.2335868969298246 0.035978618421052655 0.036957628446115276
4 0.6690016055764411 0.08587875939849626 0.035489113408521344 0.03818139097744361
4 0.7019208176691729 0.05393855733082709 0.03671287593984962 0.03695762844611529
4 0.7375323073308271 0.09187519580200504 0.03793663847117801 0.03842614348370928
4 0.7047354714912281 0.12320351660401005 0.036957628446115276 0.03793663847117795
4 0.6366942747493733 0.11806371397243111 0.03451010338345861 0.036957628446115304
4 0.6713267543859649 0.15391995614035092 0.03720238095238093 0.03916040100250626
4 0.639876057330827 0.18610491071428575 0.036957628446115276 0.037447133458646614
4 0.6042645676691729 0.14926965852130328 0.035733865914787 0.03671287593984962
4 0.5365904996867168 0.25475798872180455 0.08297109962406007 0.08370535714285712
4 0.4607172227443609 0.32634809680451127 0.0819920895989974 0.08590812969924816
4 0.5337758458646616 0.40393464129072687 0.08321585213032573 0.0839501096491228
4 0.8930000447067239 0.05293276108726754 0.08047210300429186 0.08298685622317596
4 0.8495506974248928 0.5136914341917025 0.03883896638054363 0.0410743025751073
4 0.8238443311874106 0.4858894402718169 0.028221119456366295 0.02905937052932761
4 0.8871322871959942 0.6582897442775393 0.07097192417739628 0.0732072603719599
4 0.9247138769670958 0.6218258226037197 0.06733950286123025 0.07516317954220308
4 0.9629940092989986 0.5848030668812589 0.06957483905579398 0.07376609442060089
4 0.6586551836053411 0.7912300630563798 0.02781899109792285 0.032745270771513346
4 0.6479332807863502 0.7991990448813057 0.027239428783382813 0.031296364985163194
4 0.636486925074184 0.812239196958457 0.028108772255192815 0.03477373887240354
4 0.626779256305638 0.8204979599406528 0.02955767804154308 0.032745270771513346
4 0.6641610255934718 0.8284669417655786 0.020864243323442055 0.01970511869436209
4 0.6776358494065282 0.8426662184718101 0.019994899851632053 0.01912555637982194
4 0.6911106732195845 0.8574450574925816 0.020284681008902128 0.0185459940652819
4 0.7061792933976261 0.8730932399851632 0.017386869436201824 0.0185459940652819
4 0.7329840504451038 0.9017815745548962 0.019994899851631942 0.021443805637982205
4 0.7200887889465875 0.8859885014836795 0.01912555637982194 0.019994899851632053
4 0.7594990263353115 0.929455675074184 0.01970511869436198 0.019994899851632053
4 0.64677415615727 0.8452742488872403 0.020284681008902017 0.021443805637982205
4 0.6593796364985163 0.8596184161721068 0.022892711424332357 0.02057446216617209
4 0.6727095697329377 0.8733830211424332 0.020574462166172203 0.01970511869436209
4 0.6876332993323442 0.8881618601632046 0.021443805637982205 0.022023367952522244
4 0.7013979043026706 0.9039549332344213 0.02115402448071213 0.019415337537092014
4 0.714582946958457 0.9175746476261127 0.020284681008902017 0.02057446216617209
4 0.7747125370919881 0.9445242952522255 0.01709708827893175 0.018835775222551865
4 0.7881873609050445 0.9601724777448071 0.020864243323442055 0.022892711424332357
4 0.8038355433976261 0.9756757696587537 0.021443805637982205 0.020284681008902128
4 0.8167047245919881 0.988455118694362 0.022840550816023764 0.019183512611276043
4 0.7406632511127597 0.9459732010385756 0.021443805637982205 0.02115402448071224
4 0.7557318712908012 0.959737806008902 0.02318249258160232 0.022602930267062282
4 0.7716698349406528 0.9759655508160237 0.021443805637982205 0.020284681008902017
4 0.7855764326780416 0.9901938056379822 0.022597134643916883 0.01570613872403559
