4 0.20595703125 0.1060546875 0.05839843750000001 0.06015625000000001
4 0.27861328124999996 0.1619140625 0.04707031249999999 0.05195312500000002
4 0.22402343749999998 0.1814453125 0.035546875000000006 0.0390625
4 0.2578125 0.216015625 0.03515625 0.03789062499999998
4 0.2119140625 0.248046875 0.05390624999999999 0.05781250000000002
4 0.15751953125 0.23994140625 0.03144531250000002 0.030664062499999978
4 0.1408203125 0.1673828125 0.058203124999999994 0.060546875
4 0.13808593749999998 0.09208984375000001 0.042578124999999994 0.0451171875
4 0.08710937499999999 0.11591796875 0.049609375 0.049414062499999994
4 0.11044921875 0.22392578125 0.01894531249999999 0.0224609375
4 0.16249999999999998 0.29443359375 0.055078125000000006 0.056835937500000044
4 0.03349609375 0.13427734375 0.0248046875 0.02558593749999999
4 0.0107421875 0.14130859375 0.02109375 0.025585937500000017
4 0.03515625 0.16484375 0.034765624999999994 0.034765624999999994
4 0.047265625 0.20009765625 0.034375 0.03691406250000001
4 0.0609375 0.23476562499999998 0.03359374999999999 0.03320312499999997
4 0.073828125 0.26884765624999996 0.033984375 0.03300781250000001
4 0.48232421875 0.1900390625 0.03105468750000001 0.03007812500000001
4 0.44999999999999996 0.20234375 0.02031250000000001 0.01953125
4 0.46748046875000004 0.23457031250000002 0.03535156249999999 0.03593750000000001
4 0.43115234375 0.22353515624999998 0.021289062499999956 0.022070312499999994
4 0.43994140625 0.26318359375 0.033398437500000044 0.03496093749999998
4 0.41103515625 0.2423828125 0.020898437500000033 0.021874999999999978
4 0.46220703125 0.182421875 0.013085937499999978 0.015625
4 0.47451171875 0.1671875 0.018164062499999967 0.016406249999999983
4 0.053320312499999994 0.0169921875 0.03710937499999999 0.033984375
4 0.01650390625 0.02939453125 0.0322265625 0.0478515625
4 0.42021484375 0.01328125 0.016210937500000022 0.017187499999999998
4 0.4203125 0.030859375 0.01640625000000001 0.017578125
4 0.4275390625 0.047753906250000006 0.016015624999999978 0.0181640625
4 0.441015625 0.04501953125 0.015234374999999967 0.0166015625
4 0.4419921875 0.06181640625 0.014843749999999989 0.016210937499999994
4 0.418359375 0.05751953125 0.01679687499999999 0.017773437500000003
4 0.40615234375 0.068359375 0.01933593750000001 0.021875000000000006
4 0.39287109375 0.0814453125 0.018164062500000022 0.021484375
4 0.62119140625 0.1994140625 0.017382812499999956 0.019921875000000006
4 0.6373046875 0.2126953125 0.01953125 0.021875000000000006
4 0.6248046875 0.22402343749999998 0.020312500000000067 0.021093749999999994
4 0.6134765625 0.23349609375 0.020703124999999933 0.02167968749999999
4 0.5921875 0.2275390625 0.018750000000000044 0.01835937500000001
4 0.6056640625 0.2138671875 0.018749999999999933 0.01874999999999999
4 0.58916015625 0.19970703125 0.012304687500000022 0.0126953125
4 0.60185546875 0.19228515625 0.015039062499999978 0.01582031249999999
4 0.5780273437500001 0.21123046875 0.018164062500000022 0.0166015625
4 0.26044921875 0.32734375000000004 0.0322265625 0.03789062500000001
4 0.327734375 0.3224609375 0.023046874999999967 0.021093750000000022
4 0.3453125 0.3515625 0.041015625 0.04062500000000002
4 0.31123046875 0.33828125 0.0244140625 0.025781250000000033
4 0.29521484374999996 0.35361328125 0.02910156250000001 0.02949218749999999
4 0.2763671875 0.369140625 0.030468750000000044 0.03359374999999998
4 0.2236328125 0.3666015625 0.041015625 0.04726562500000003
4 0.24404296874999998 0.418359375 0.04199218749999997 0.04531250000000003
4 0.3759765625 0.4326171875 0.030468750000000044 0.033203125
4 0.3990234375 0.40927734375 0.030859374999999967 0.0322265625
4 0.42197265625 0.38125 0.026757812500000033 0.028906249999999967
4 0.19491062242798352 0.401073816872428 0.04099151234567902 0.04340277777777779
4 0.143872170781893 0.4697948816872428 0.057334533607681745 0.062424982853223565
4 0.09095829046639231 0.3994663065843621 0.04795739026063099 0.05358367626886146
4 0.05961183984910837 0.36691422325102885 0.047957390260631005 0.05920996227709191
2 0.636566228308026 0.3236849240780911 0.15972410520607372 0.15421637744034708
