4 0.74375 0.39775390625 0.06914062499999996 0.0712890625
4 0.8197655144978784 0.4736176184582744 0.056632337340876915 0.05828986916548795
4 0.8723921499292786 0.5299737004950494 0.05746110325318243 0.06215744342291368
4 0.9683927210365854 0.6927559705284553 0.059308307926829285 0.06761305894308944
4 0.8277994791666667 0.9799844385162602 0.04361979166666663 0.03612487296747968
4 0.541920731707317 0.9234946646341463 0.04541412601626016 0.0482723577235773
4 0.5754255589430894 0.9600165142276422 0.043191056910569126 0.048272357723577186
4 0.5041285569105691 0.9569994918699187 0.04350863821138212 0.044778963414634165
4 0.536839430894309 0.9837954141260162 0.04350863821138207 0.028502921747967536
4 0.46529630335365857 0.9837954141260162 0.04206364329268292 0.028502921747967536
