4 0.5029661945093458 0.030086339077102835 0.046774605724299145 0.05202248831775701
4 0.5787182389018692 0.08826938522196265 0.054532345210280386 0.05886755257009345
4 0.6250365070093459 0.044346889602803766 0.048143618574766345 0.054532345210280365
4 0.6236674941588786 0.13755384783878505 0.053163332359813076 0.060236565420560745
4 0.7841842508761683 0.10332852657710281 0.04289573598130847 0.04609009929906542
4 0.7607969480140186 0.0479975905373832 0.040385879088785104 0.04540559287383177
4 0.8128194363317758 0.07058630257009349 0.047687280957943945 0.04996896904205607
4 0.7947941004672898 0.019590573890186945 0.043580242406542014 0.03833235981308411
4 0.8512658805490654 0.03522013726635517 0.04609009929906549 0.04951263142523365
4 0.88505859375 0.023144531250000003 0.0224609375 0.022460937500000003
4 0.71884765625 0.1423828125 0.048632812499999956 0.054296874999999994
4 0.67099609375 0.09160156250000001 0.046679687499999956 0.0515625
4 0.67138671875 0.186328125 0.05800781250000009 0.060156249999999994
4 0.5213999807098766 0.13931487911522636 0.026523919753086433 0.02793049125514402
4 0.5388816550925926 0.1594087577160494 0.027729552469135776 0.02793049125514402
4 0.5570666152263375 0.17769418724279837 0.02793049125514413 0.028332368827160503
4 0.575854391718107 0.19608008616255146 0.027729552469135887 0.027327674897119347
4 0.594139821244856 0.21657584233539096 0.029337062757201604 0.027729552469135804
4 0.6128271283436215 0.235765496399177 0.02813143004115226 0.026724858539094648
4 0.38037109375 0.245703125 0.027929687500000022 0.028906249999999967
4 0.40068359375 0.26591796875 0.027929687500000022 0.030664062499999978
4 0.419921875 0.28701171875 0.028515625000000044 0.02910156250000001
4 0.45849609375 0.318359375 0.0126953125 0.014062499999999978
4 0.46767578125 0.32890624999999996 0.011523437500000011 0.012890624999999989
4 0.45820312500000004 0.33837890625 0.012890624999999989 0.0126953125
4 0.448828125 0.32744140625 0.012500000000000011 0.013085937499999978
4 0.8559051087540279 0.1902482209989259 0.041118421052631526 0.04657290547798065
4 0.8903103182062297 0.15657726906552097 0.043216299677765746 0.04804142051557464
4 0.9193659371643395 0.127311862244898 0.018671119763694954 0.019720059076262078
4 0.9302749060150375 0.11745183270676693 0.017412392588614378 0.022237513426423203
4 0.9408691930719655 0.10706733351235233 0.018041756176154666 0.02118857411385608
4 0.9284917091836734 0.0901794105800215 0.01636345327604727 0.017202604726100967
4 0.9163240131578947 0.10224221267454353 0.015943877551020336 0.016992816863587543
4 0.9051003625134264 0.11147287862513428 0.01573408968850698 0.016992816863587543
4 0.9429670716970998 0.08094874462943075 0.020139634801288997 0.022657089151450052
4 0.9557641313104188 0.06815168501611173 0.021398361976369462 0.02307666487647691
4 0.9687709787862513 0.05682314044038671 0.02265708915145004 0.023915816326530615
4 0.9818827201933404 0.045704383727175106 0.021188574113855996 0.024335392051557464
4 0.9235707364341086 0.19217625276854927 0.04412375415282388 0.04866590531561463
4 0.9592590669988926 0.15129689230343302 0.04412375415282388 0.04866590531561463
4 0.9865476623062016 0.11063490621539314 0.022998425387596777 0.04044893756921372
4 0.8886394310631229 0.22516092192691028 0.0430422895902548 0.04974736987818382
4 0.9904409347314507 0.19089796165559247 0.015211880537098543 0.03226657668881505
4 0.9539598906423035 0.21921286683277963 0.028334371539313397 0.033957987264673306
4 0.9251929332779624 0.2538197328349945 0.03914901716500552 0.04174453211517162
4 0.9758054748062016 0.24257250138427466 0.027469199889258 0.03352540143964566
4 0.9894676166251384 0.2632598370016611 0.01715851674972313 0.03207407599667772
4 0.9808159001245847 0.31602449300941304 0.0344619497508305 0.04373226398117386
4 0.954716915836102 0.2848577657807309 0.03806755260243633 0.042825996677740896
4 0.1386405749198718 0.7427321213942308 0.0463241185897436 0.051958133012820595
4 0.09716796875000003 0.7829527243589745 0.04788912259615384 0.051645132211538436
4 0.048183343349359 0.7170660556891026 0.0957782451923077 0.1690204326923076
2 0.651555106466877 0.35273314274447953 0.13986100157728698 0.13739649053627762
2 0.8348531151419558 0.3471879929022082 0.1540319400630915 0.1595770899053628
2 0.49043769716088326 0.5043005717665615 0.1589609621451104 0.15218355678233436
2 0.03244357638888891 0.9514612268518519 0.06488715277777782 0.08145254629629639
