4 0.38865528795116777 0.22091875663481952 0.02177050159235666 0.02218517781316348
4 0.3672994625796179 0.24009753184713378 0.020526472929936312 0.020733811040339695
4 0.3715953077794562 0.8654822035498488 0.019767277190332333 0.022717617069486384
4 0.41540785498489424 0.9687440993202416 0.02773319486404835 0.029798432779456152
4 0.43742034082326287 0.9877472384818731 0.027503068353474325 0.02059927303625375
4 0.3932744052114804 0.9873046875 0.02595118957703929 0.021484375
4 0.11181788141993958 0.8389291446374623 0.05546638972809667 0.05694155966767378
4 0.15518787764350453 0.7302091200906344 0.019472243202416917 0.02065237915407847
4 0.13335536253776434 0.7083766049848943 0.019472243202416903 0.019472243202416917
4 0.07007057212990936 0.7954116314199395 0.0451402001510574 0.047205438066465266
4 0.02670057590634441 0.7451083364803626 0.052811083836858 0.0669727152567976
