4 0.8072067967409948 0.689282268439108 0.02713604202401365 0.025125964837049763
4 0.7809082868782161 0.7147432461406518 0.026131003430531763 0.026466016295025763
4 0.7809082868782161 0.7536047384219554 0.026801029159519763 0.02780606775300165
4 0.8051967195540308 0.7788982096912521 0.02914611921097776 0.027471054888507762
4 0.6318275621783876 0.09396440823327618 0.04623177530017153 0.049246891080617486
4 0.6038539879931389 0.05862055102915953 0.04120658233276164 0.04355167238421956
4 0.5693476629502573 0.0914518117495712 0.040536556603773644 0.044221698113207544
4 0.5830831903945111 0.14321129931389365 0.04723681389365353 0.04991691680960546
4 0.5314912092624358 0.12662816252144082 0.04254663379073753 0.04422169811320753
4 0.498827454974271 0.15929191680960547 0.039531518010291644 0.04455671097770156
4 0.5329987671526586 0.19078312607204118 0.04757182675814742 0.0505869425385935
4 0.4152417452830188 0.01439885291595198 0.027806067753001706 0.027471054888507717
4 0.40770395583190394 0.07604121998284735 0.052932032590051414 0.053602058319039456
4 0.34991423670668953 0.09446692753001716 0.04053655660377353 0.04221162092624356
4 0.37671526586620924 0.12294302101200687 0.03450632504288165 0.03551136363636362
4 0.36549233490566035 0.03131700257289881 0.05427208404802747 0.05661717409948542
4 0.3194280660377359 0.06213818610634649 0.04187660806174959 0.04589676243567754
4 0.2912869854202401 0.0901117602915952 0.03785645368782159 0.03819146655231562
4 0.3194280660377359 0.12193798241852487 0.03919650514579759 0.04087156946826756
4 0.34807166595197253 0.15192163379073756 0.03283126072041165 0.03450632504288165
4 0.19848842195540306 0.06766589837049744 0.019095733276157795 0.02211084905660378
4 0.19513829331046312 0.04907268439108062 0.020435784734133766 0.021105810463121787
4 0.25929325686106347 0.3901157804459691 0.07102272727272729 0.07135774013722129
4 0.2356748499142367 0.3197630789022299 0.05393707118353344 0.05460709691252147
4 0.19346322898799312 0.2758763936535163 0.0499169168096055 0.05259701972555744
4 0.15862189108061747 0.307032590051458 0.032496247855917676 0.03517635077186959
4 0.1763775728987993 0.3639847770154374 0.07202776586620926 0.07537789451114923
4 0.13533849699828474 0.28140410591766724 0.027471054888507707 0.02948113207547165
4 0.030144457547169816 0.1504140759005146 0.044221698113207544 0.0475718267581475
4 0.009038647084048033 0.11456769939965694 0.016750643224699824 0.045561749571183516
4 0.010881217838765013 0.19363073542024012 0.021105810463121783 0.04087156946826756
4 0.0614681603773585 0.18341284305317324 0.04522673670668954 0.04656678816466553
4 0.09480194039451116 0.21741664879931388 0.04355167238421956 0.0489118782161235
4 0.03064697684391081 0.22478693181818182 0.03986653087478559 0.04355167238421956
4 0.057112993138936544 0.25326302530017153 0.03919650514579761 0.04154159519725556
4 0.01892152658662093 0.2870993246140652 0.03182622212692967 0.03350128644939965
4 0.10418230060034306 0.303347448542024 0.042881646655231545 0.04656678816466553
4 0.11976039879931388 0.3829130038593482 0.02177583619210975 0.022780874785591765
4 0.10552235205831906 0.39581099914236706 0.02077079759862778 0.024455939108061764
4 0.15476924313893653 0.4336674528301887 0.04757182675814753 0.04790683962264147
4 0.19145315180102918 0.4726964515437393 0.0485768653516295 0.05025192967409947
4 0.15175412735849056 0.5082078151801029 0.04623177530017153 0.05025192967409953
4 0.11590775085763294 0.4708538807890223 0.04757182675814749 0.04924689108061753
4 0.07955885506003431 0.4316573756432247 0.04790683962264152 0.04924689108061747
4 0.09362939536878218 0.5174206689536878 0.01909573327615781 0.023115887650085765
