2 0.7343047075835476 0.32673421433161953 0.03866082904884316 0.027363833547557836
2 0.7432167818123393 0.34355418541131105 0.038911873393316254 0.036401429948586084
2 0.7797437339331619 0.3758133836760925 0.05372348971722374 0.04267753856041129
2 0.7627982406812339 0.3574871465295629 0.05196617930591252 0.04468589331619538
2 0.7771077683161953 0.40016468508997427 0.027363833547557892 0.0225939910025707
2 0.8048481683804627 0.4173612226863753 0.04870260282776351 0.04041813946015427
2 0.7863964090616966 0.4105830253856041 0.027363833547557892 0.019832503213367603
2 0.7437188705012854 0.4270264299485861 0.03439307519280199 0.02510443444730076
2 0.7669404723650386 0.44698445533419023 0.021087724935732743 0.02083668059125965
2 0.6815853952442159 0.4453526670951157 0.023096079691516724 0.030125321336760935
2 0.6677779562982005 0.4552689187017995 0.027112789203084797 0.03188263174807193
2 0.6381547236503856 0.4778629097043702 0.03213367609254503 0.031380543059125965
2 0.6227154964652957 0.48313484093830333 0.021338769280205727 0.025857567480719768
2 0.650957985218509 0.5569418782133676 0.06225899742930596 0.0559828888174807
2 0.6204560973650386 0.5529251687017995 0.02535547879177369 0.02535547879177369
2 0.6061465697300771 0.5359796754498715 0.0253554787917738 0.02410025706940866
2 0.5656029080976863 0.5781551253213367 0.05472766709511567 0.05573184447300772
2 0.5977365841902313 0.601627771529563 0.04518798200514129 0.03439307519280199
2 0.6680290006426735 0.5894521208226221 0.054225578406169705 0.044685893316195324
2 0.6161883435089974 0.6282384720437018 0.038409784704370176 0.031380543059125965
2 0.6279874276992288 0.6407906892673522 0.033388897814909946 0.031380543059125854
2 0.6386568123393316 0.6488241082904884 0.028116966580976843 0.024853390102827833
2 0.6411672557840618 0.6731754097043702 0.052217223650385614 0.04493693766066831
2 0.648447541773779 0.7053090857969151 0.07631748071979427 0.06200795308483287
2 0.6783218187660669 0.7154763817480719 0.052217223650385614 0.042175449871465265
2 0.7150998152313623 0.6653930350257069 0.035899341259640116 0.03288680912596398
2 0.7402042496786632 0.6764389861825193 0.060501687017994854 0.04694529241645251
2 0.7771077683161953 0.6956438785347043 0.04443484897172234 0.03916291773778924
2 0.732170830655527 0.764555551092545 0.06753092866323906 0.05849333226221087
2 0.6916271690231361 0.7575263094473007 0.08033419023136246 0.07004137210796912
2 0.7531330334190232 0.782756266066838 0.06276108611825193 0.06075273136246784
2 0.7973168380462725 0.7242629338046271 0.03564829691516713 0.03112949871465298
2 0.8181535186375322 0.7430912596401028 0.0562339331619538 0.04619215938303345
2 0.8238020163881747 0.76581077281491 0.03489516388174807 0.02585756748071988
2 0.8382370661953727 0.7848901429948586 0.032635764781490995 0.02786592223650386
2 0.7744718026992288 0.8165217303984575 0.058744376606683746 0.05196617930591252
2 0.8052247348971722 0.8294505141388174 0.043430671593830295 0.04016709511568117
2 0.8186556073264781 0.8623373232647815 0.06577361825192796 0.0562339331619538
2 0.8803309433023873 0.8270992208222812 0.04843957228116702 0.03471070954907163
2 0.8905628315649867 0.8438069877320955 0.04299983421750664 0.028234830901856744
2 0.9083067390583555 0.8777405918435013 0.031343252652519915 0.02668062002652516
2 0.8979453332228117 0.8664725629973475 0.02564447944297088 0.02175895225464186
2 0.8580539207559681 0.9081772214854111 0.05051185344827591 0.04610825596816981
2 0.8399214605437666 0.8913399370026525 0.05776483753315653 0.05387931034482751
2 0.8813670838859416 0.9228127072281167 0.03807816644562334 0.029270971485411135
2 0.9167253812997347 0.9243669181034482 0.07719247347480096 0.06190939986737398
2 0.9190566976127321 0.8903037964190981 0.03212035809018565 0.027975795755968202
2 0.8186992570465685 0.4317842371323529 0.05289713541666663 0.03925398284313725
2 0.9517798330269608 0.5783882889093137 0.03183402267156854 0.02369600183823528
2 0.9485485600490196 0.5555300245098038 0.04643458946078438 0.04308363970588236
2 0.9092945772058822 0.6073500689338236 0.04164751838235292 0.03518497242647067
2 0.881768918504902 0.5798244102328431 0.05265778186274506 0.04428040747549011
2 0.8724341299019608 0.5135234757965687 0.03733915441176472 0.030397901348039158
2 0.8236060049019608 0.5398523667279411 0.037817861519607865 0.029919194240196068
2 0.8389246323529411 0.5522987515318627 0.03159466911764708 0.030397901348039214
2 0.8441904105392157 0.5782686121323529 0.05265778186274506 0.04499846813725483
2 0.8127154181985294 0.530517578125 0.036142386642156854 0.03327014399509798
2 0.858431946997549 0.48994715073529416 0.03997204350490202 0.03542432598039219
2 0.8433526731004901 0.47067918964460786 0.042844286151960786 0.034227558210784326
2 0.8265979243259804 0.4623018152573529 0.02034505208333337 0.019387637867647023
2 0.7754959405637255 0.47893688725490197 0.03494561887254899 0.03015854779411764
2 0.800149356617647 0.49856387867647056 0.03255208333333337 0.030158547794117696
2 0.92978515625 0.6302734375000001 0.029492187500000044 0.027734374999999978
2 0.9384765625 0.64013671875 0.032031249999999956 0.0283203125
2 0.95361328125 0.6521484375 0.025195312499999956 0.024218750000000067
2 0.96064453125 0.6673828125 0.029882812500000022 0.029296875
2 0.9808593750000001 0.6845703125 0.023828124999999978 0.02382812500000009
2 0.9876953125 0.7033203125 0.020703125000000044 0.023828124999999978
2 0.9740234375 0.37519531250000004 0.035937499999999956 0.03046874999999999
2 0.9634765625 0.36406249999999996 0.038281250000000044 0.03398437500000001
2 0.94970703125 0.34560546875 0.039257812500000044 0.03144531249999999
2 0.940234375 0.33349609375 0.03632812499999993 0.031054687499999956
2 0.95419921875 0.26650390625 0.033007812499999956 0.029882812499999967
2 0.91015625 0.28251953124999996 0.025390625 0.02363281249999999
2 0.923046875 0.30205078125 0.028906250000000022 0.0283203125
2 0.97998046875 0.305078125 0.03066406250000009 0.025390625
2 0.9339843750000001 0.23994140625 0.027734374999999978 0.0224609375
2 0.920703125 0.22509765625 0.028125000000000067 0.02519531250000001
2 0.91376953125 0.212109375 0.03574218750000002 0.026562500000000017
2 0.88125 0.24501953125 0.028124999999999956 0.02363281249999999
2 0.8890625 0.25732421875 0.030468750000000044 0.0263671875
2 0.89423828125 0.27685546875 0.03535156249999993 0.0361328125
