2 0.25400390625 0.031640625 0.03535156249999999 0.024609375
2 0.17832031250000002 0.10830078125 0.103125 0.08339843749999999
2 0.16982421875 0.1501953125 0.0361328125 0.028906249999999994
2 0.22304687499999998 0.18134765625 0.07617187499999997 0.0693359375
2 0.15302734375 0.2248046875 0.042382812500000006 0.03593749999999998
2 0.13251953125 0.2103515625 0.05097656250000002 0.04375000000000001
2 0.1103515625 0.17451171875 0.03984375000000001 0.035742187499999994
2 0.0982421875 0.1513671875 0.03867187500000001 0.03398437500000001
2 0.058203124999999994 0.145703125 0.0859375 0.073828125
2 0.24648437499999998 0.2322265625 0.062109374999999994 0.05156249999999998
2 0.17080078125 0.24296874999999998 0.03535156249999999 0.03242187499999999
2 0.176171875 0.2640625 0.03789062500000001 0.044531249999999994
2 0.193359375 0.279296875 0.04531249999999998 0.041015625
2 0.20869140625 0.29228515625 0.04277343749999998 0.0341796875
2 0.26835937499999996 0.253125 0.07148437499999999 0.056640625
2 0.32783203125 0.28076171875 0.06894531250000002 0.06269531250000002
2 0.344140625 0.30224609375 0.06875000000000003 0.05800781249999998
2 0.268359375 0.32412109375 0.030859375000000022 0.028710937500000033
2 0.23759765625 0.33037109375 0.04277343749999998 0.03574218750000002
2 0.2205078125 0.31767578125 0.03828125000000002 0.03457031249999998
2 0.2923828125 0.36484375 0.04257812499999997 0.033203125
2 0.31025390625000004 0.384765625 0.04082031250000001 0.032421875000000044
2 0.35986328125 0.33046875 0.07949218749999998 0.06367187499999999
2 0.3869140625 0.35136718749999996 0.08359375000000002 0.06757812499999999
2 0.39794921875 0.37763671875 0.07949218749999998 0.06191406249999998
2 0.43506955268079806 0.424110621882793 0.07427719763092272 0.06551005299251872
2 0.45406503273067333 0.4485855673316709 0.06940656172069826 0.05796056733167082
2 0.47159932200748134 0.47756585099750626 0.06940656172069826 0.060395885286783024
2 0.4617362842892768 0.5338216957605986 0.10715399002493764 0.08328787406483784
2 0.4013403990024938 0.5061808369700749 0.03165913341645887 0.02751909289276805
2 0.38441493921446385 0.48962067487531175 0.055281717581047385 0.053820526807979996
2 0.3628623753117207 0.45723094607231923 0.03458151496259354 0.028980283665835382
2 0.34666751091022446 0.4354348503740648 0.038234491895261846 0.03214619700748128
2 0.27567799251870323 0.6738524781795512 0.07939136533665833 0.07062422069825436
2 0.273242674563591 0.6420715788653366 0.025327306733167076 0.02313552057356605
2 0.24036588216957608 0.6691036081670824 0.030685006234414003 0.022161393391521234
2 0.23111167394014964 0.5769268235660848 0.03506857855361595 0.02630143391521189
2 0.24134000935162098 0.5892251792394015 0.04140040523690772 0.030928538029925123
2 0.25777840554862846 0.6051765118453865 0.043592191396508745 0.03117206982543641
2 0.2650843594139651 0.6240502259975063 0.030441474438902744 0.028006156483790567
2 0.22477984725685787 0.6494992986284289 0.029710879052369077 0.02727556109725693
2 0.21333385286783044 0.6391491973192021 0.03214619700748128 0.027519092892768104
2 0.19007656639650874 0.6124824657107233 0.03531211034912718 0.03068500623441406
2 0.1786305720074813 0.5168962359725686 0.025570838528678308 0.024109647755610975
2 0.18703241895261846 0.5278551667705735 0.029710879052369077 0.027519092892768104
2 0.2060278990024938 0.5436847334788031 0.03360738778054864 0.02849322007481303
2 0.21990921134663344 0.556226620947631 0.03652976932668331 0.02922381546134667
2 0.1697416614713217 0.5763179940773068 0.03214619700748131 0.027519092892767993
2 0.17120285224438903 0.5931216879675811 0.036042705735660846 0.02654496571072318
2 0.14368375935162095 0.5489206670822944 0.03409445137157108 0.03117206982543641
2 0.1642621960723192 0.4946130766832918 0.03238972880299251 0.02581437032418954
2 0.16024392144638405 0.4756175966334165 0.036042705735660846 0.030685006234414003
2 0.1407613778054863 0.4659980907107232 0.030685006234413975 0.025570838528678308
2 0.13138540367830423 0.454795628117207 0.02849322007481296 0.022161393391521178
2 0.10849341490024939 0.5044761144014963 0.03482504675810473 0.03092853802992518
2 0.10435337437655862 0.48828125 0.025570838528678294 0.019482543640897798
2 0.12468827930174564 0.517992129052369 0.02630143391521196 0.02435317955112215
2 0.12895008572319203 0.5334563980673317 0.03092853802992518 0.024596711346633438
2 0.012176589775561098 0.3217055018703242 0.024353179551122196 0.026788497506234465
2 0.01850841645885287 0.3430145339775561 0.03701683291770574 0.038234491895261846
2 0.023135520573566083 0.3592093983790524 0.032633260598503744 0.024353179551122206
2 0.03409445137157108 0.36858537250623447 0.03701683291770574 0.028980283665835438
2 0.041643937032418955 0.38076196228179554 0.027762624688279305 0.024596711346633438
2 0.05479465399002494 0.3941562110349127 0.03945215087281796 0.029467347256857845
2 0.07549485660847881 0.4119340321072319 0.04821929551122195 0.037260364713216976
2 0.10520573566084788 0.4130299251870324 0.03945215087281795 0.032633260598503744
2 0.11263345542394015 0.42861596009975067 0.03677330112219451 0.030685006234414003
2 0.12274002493765586 0.4417666770573566 0.03312032418952618 0.02484024314214467
2 0.014124844139650873 0.4233800264962594 0.027762624688279305 0.028980283665835438
2 0.021674329800498753 0.43494778678304247 0.03165913341645885 0.02678849750623441
2 0.05272463372817955 0.4769570215087282 0.040182746259351615 0.029467347256857845
2 0.08073079021197008 0.481097062032419 0.05041108167082294 0.04213100062344144
2 0.09449033665835412 0.750564993765586 0.03896508728179551 0.03312032418952615
2 0.09960450436408978 0.7702910692019951 0.029710879052369077 0.026301433915212002
2 0.0986303771820449 0.8007325436408979 0.07500779301745636 0.06283120324189528
2 0.05978705579800499 0.8007325436408979 0.031415601620947635 0.02776262468827928
2 0.05503818578553617 0.7816152976932669 0.026301433915211975 0.02654496571072329
2 0.039330384975062346 0.7610368609725686 0.03092853802992519 0.02630143391521189
2 0.07902606764339153 0.7419196150249376 0.028493220074812975 0.02654496571072318
2 0.06587535068578554 0.7273077072942644 0.026057902119700743 0.016803693890274363
2 0.0610047147755611 0.7057551433915212 0.043592191396508724 0.03847802369077313
2 0.0110806966957606 0.7314477478179551 0.021187266209476308 0.02849322007481303
2 0.03506857855361596 0.6900473425810474 0.028736751870324193 0.026057902119700715
2 0.029345581359102247 0.6697124376558603 0.041643937032418955 0.03799096009975067
2 0.02118726620947631 0.642923940149626 0.04091334164588529 0.045783977556109745
2 0.268859102244389 0.9511134273690773 0.03019794264339154 0.03336385598503744
2 0.29869174719451375 0.9339444357855362 0.03628623753117205 0.04140040523690769
2 0.308920082605985 0.921159016521197 0.02605790211970077 0.029467347256857845
2 0.333029730361596 0.9150707216334165 0.025083774937655845 0.032876792394014975
2 0.33242090087281795 0.889256351309227 0.023866115960099743 0.02849322007481292
2 0.45576171875000004 0.7490234375 0.04707031249999999 0.057421874999999956
2 0.44384765625 0.7830078125 0.027929687500000022 0.029296875
2 0.4125 0.7470703125 0.03125 0.033984374999999956
2 0.39892578125 0.76201171875 0.0302734375 0.03691406250000007
2 0.38544921875 0.77548828125 0.026757812499999978 0.0302734375
2 0.41484374999999996 0.8121093749999999 0.02617187500000001 0.030859375000000022
2 0.398828125 0.82080078125 0.02226562500000001 0.02402343749999991
2 0.3744140625 0.78818359375 0.02656249999999999 0.029492187500000044
2 0.36171875 0.79375 0.030859374999999967 0.03125
2 0.38662109375 0.83193359375 0.02363281249999999 0.027148437499999956
2 0.374609375 0.8439453125 0.02812500000000001 0.03281250000000002
2 0.35888671875 0.85703125 0.0283203125 0.030078124999999956
2 0.34765625 0.869140625 0.026562500000000044 0.030468750000000044
2 0.25673828125 0.87998046875 0.03847656250000003 0.0439453125
2 0.28349609374999996 0.8541015625 0.03339843749999999 0.03515625
2 0.2974609375 0.84462890625 0.02851562499999999 0.039257812500000044
2 0.3087890625 0.8319335937500001 0.027734374999999978 0.03378906250000002
2 0.32412109375 0.82646484375 0.0224609375 0.0302734375
2 0.33623046875 0.815234375 0.026757812499999978 0.030468749999999933
2 0.3482421875 0.80546875 0.02851562499999999 0.03398437500000007
2 0.25302734375 0.9552734375 0.02363281249999999 0.027734374999999978
2 0.2427734375 0.97099609375 0.03789062500000001 0.0380859375
2 0.22578125 0.975390625 0.024999999999999994 0.029296875
2 0.19912109375 0.94013671875 0.02753906249999999 0.029882812500000022
2 0.2111328125 0.93310546875 0.0234375 0.0302734375
2 0.22314453125 0.92216796875 0.02714843750000001 0.03378906250000002
2 0.18828125 0.9509765625 0.026171874999999983 0.03242187499999993
2 0.17451171875 0.9609375 0.027929687499999994 0.03125
2 0.1580078125 0.96943359375 0.030859374999999994 0.03652343749999998
2 0.1486328125 0.98232421875 0.027734375000000006 0.029492187500000044
