4 0.67158203125 0.4404296875 0.0576171875 0.056640625
4 0.580859375 0.36591796875 0.05820312500000002 0.0576171875
4 0.8619140624999999 0.41220703125 0.026953125000000022 0.028710937500000033
4 0.89384765625 0.4515625 0.027929687500000022 0.029687500000000033
4 0.97578125 0.3662109375 0.04453125000000002 0.060546875
4 0.97578125 0.475390625 0.04453125000000002 0.06093749999999998
4 0.81044921875 0.5927734375 0.034960937499999956 0.03359375000000009
4 0.684375 0.593359375 0.05781249999999993 0.056640625
4 0.5802734375 0.5708984375 0.05820312500000002 0.056640625
4 0.45361328125 0.43876953124999996 0.058789062500000044 0.06035156250000001
4 0.4580078125 0.35537109375 0.05820312500000002 0.0595703125
4 0.37734375 0.36337890625 0.05546875000000001 0.05605468750000003
4 0.29013671875 0.36572265625 0.0556640625 0.056835937500000044
4 0.287890625 0.43730468749999996 0.05625000000000002 0.05742187500000001
4 0.20654296875 0.36689453125000004 0.05644531250000001 0.05488281249999999
4 0.42236328125 0.5538085937499999 0.03183593750000002 0.030664062499999978
4 0.42197265625 0.6299804687499999 0.04433593750000003 0.04238281249999998
4 0.091796875 0.35673828125 0.02421875000000001 0.024804687499999978
4 0.053125 0.35673828124999996 0.018750000000000003 0.01933593750000001
4 0.051953124999999996 0.4095703125 0.022265624999999997 0.021093749999999967
4 0.091015625 0.41191406249999996 0.021093749999999994 0.02031250000000001
4 0.09013671875000001 0.458984375 0.023242187499999997 0.021874999999999978
4 0.05234375 0.45927734375 0.02109375000000001 0.020898437499999978
4 0.0927734375 0.5340820312500001 0.014843749999999989 0.014257812500000022
4 0.06337890625 0.53388671875 0.0162109375 0.016210937500000022
4 0.0359375 0.53369140625 0.014062499999999999 0.0126953125
4 0.015429687499999999 0.5330078125 0.012890625 0.01171875
4 0.037695312499999994 0.5938476562499999 0.027734375 0.027929687500000022
4 0.0875 0.59404296875 0.026562500000000003 0.026757812499999978
4 0.22021484375 0.6228515625 0.05097656249999999 0.04999999999999993
4 0.0873046875 0.65869140625 0.020312499999999997 0.019726562500000044
4 0.31357421875 0.622265625 0.05332031249999997 0.05039062500000002
4 0.4345271800679502 0.7382237400906002 0.03605428935447336 0.03605428935447341
4 0.42368877406568517 0.8059084796149489 0.03693905719139301 0.037381441109852864
4 0.4343059881087203 0.8728190472819932 0.036496673272933156 0.036275481313703284
4 0.5755155617408907 0.832505693319838 0.060886892712550655 0.05719677800269907
4 0.18831709682861 0.7269420546558705 0.016605516194331982 0.015814777327935126
4 0.18871246626180838 0.7539589659244266 0.01423329959514169 0.013969719973009442
4 0.18871246626180838 0.7786036605937922 0.01686909581646423 0.016341936572199733
4 0.18726277834008098 0.8037755145074224 0.017659834682860975 0.01765983468286103
4 0.11939102564102566 0.7243062584345479 0.014760458839406201 0.015287618083670629
4 0.11899565620782727 0.7477648448043186 0.015024038461538464 0.015814777327935237
4 0.2727943657219973 0.7343222840755737 0.02899375843454788 0.029520917678812375
4 0.31931616902834004 0.7331361757759784 0.026621541835357643 0.028730178812415685
4 0.32010690789473684 0.8048298329959513 0.02978449730094468 0.029257338056680182
4 0.31839364035087714 0.8781049679487181 0.028993758434547934 0.03136597503373817
4 0.27213541666666663 0.8785003373819165 0.029257338056680127 0.027412280701754388
4 0.27213541666666663 0.8066748903508772 0.02873017881241563 0.030838815789473673
4 0.3720320934547908 0.9752340587044535 0.0350560897435897 0.03426535087719307
4 0.27898848684210525 0.9649544534412956 0.023458586369770607 0.02214068825910931
4 0.2991826395917679 0.9917802694838056 0.02272847081646423 0.012533211032388691
4 0.4317328778677463 0.974706899460189 0.03479251012145751 0.03373819163292846
