4 0.3900390625 0.054101562500000006 0.026953124999999967 0.025390625000000007
4 0.434765625 0.05439453125 0.027734374999999978 0.0263671875
4 0.43183593750000004 0.1330078125 0.03203125000000001 0.03242187500000002
4 0.53681640625 0.1513671875 0.029492187499999933 0.027734374999999978
4 0.46298828125 0.18779296875 0.028710937500000033 0.03144531250000002
4 0.57978515625 0.18798828125 0.029101562500000067 0.03105468750000001
4 0.5160156250000001 0.2708984375 0.03671875000000002 0.03789062500000001
4 0.57431640625 0.30302734374999996 0.039257812500000044 0.03925781249999999
4 0.92255859375 0.12734375 0.05058593750000007 0.05
4 0.6814453125 0.38779296875 0.024218750000000067 0.02558593749999999
4 0.6978515624999999 0.4708984375 0.05117187499999998 0.04921874999999998
4 0.5972656249999999 0.43076171875 0.025781249999999978 0.02519531250000001
4 0.5697265625000001 0.38652343749999996 0.025781249999999978 0.02421875000000001
4 0.16845703125 0.39755859375 0.06816406250000001 0.06699218749999997
4 0.26826171875 0.3990234375 0.06972656249999998 0.06718750000000001
4 0.654715936302682 0.6457360512452108 0.06360751915708818 0.06136254789272033
4 0.755926724137931 0.6118744013409962 0.027313817049808398 0.02357219827586199
4 0.7922204262452108 0.7583587763409962 0.0587434147509579 0.058369252873563204
4 0.5293717073754789 0.6474197796934866 0.058369252873563204 0.05799509099616862
4 0.4036533165708812 0.6462972940613027 0.059117576628352486 0.056498443486590055
4 0.4019695881226054 0.7592941810344828 0.058743414750957845 0.05874341475095779
4 0.40084710249042144 0.8663044779693487 0.06098838601532569 0.060240062260536464
4 0.5286233836206897 0.8345007183908046 0.05537595785440608 0.055750119731800774
4 0.6584575550766283 0.8679882064176245 0.05687260536398464 0.053879310344827624
4 0.7925945881226054 0.8670528017241379 0.056498443486590055 0.0550017959770116
4 0.7923289331896552 0.9827810704022988 0.05596713362068961 0.03053160919540232
4 0.6568486590038314 0.9827810704022988 0.05739643199233713 0.03053160919540232
4 0.40361590038314177 0.9818456657088123 0.056049449233716464 0.03240241858237547
4 0.9784089616201457 0.7221798202366505 0.039275826759708754 0.0634528595266991
4 0.9865864874089806 0.6465057076759708 0.022920775182038833 0.02730108464805825
4 0.9592451077063107 0.6457732858009708 0.013747724514563187 0.015880992111650505
