4 0.6465534388260255 0.8024995579915134 0.03232187057991509 0.031493104667609684
4 0.683433521923621 0.7845429632248939 0.030388083451202252 0.029835572842998537
4 0.6183753978076378 0.7047051803394625 0.07707522984441295 0.0790090169731259
4 0.7232142857142856 0.6515260342998586 0.07679897454031115 0.07541769801980192
4 0.83053947135785 0.6022144625176803 0.07762774045261667 0.07735148514851486
4 0.9468429543847241 0.5487590611739745 0.08702042079207917 0.08260033592644977
4 0.9748621486032532 0.644018796410891 0.04636945279349369 0.0830561571782179
4 0.9002939356435643 0.6995944572135785 0.0602236562942009 0.06105242220650631
4 0.9467048267326732 0.7763934317538896 0.035913189533239076 0.03508442362093356
4 0.8722540222772277 0.8121684936350777 0.04392459335219234 0.040885785007072184
4 0.7935212606082036 0.851120491513437 0.055527316124469595 0.05525106082036779
4 0.9176980198019802 0.9081672118104667 0.04143829561527579 0.04060952970297038
4 0.983564190682461 0.8715827218882602 0.028965368635077815 0.045897056223479504
4 0.9526456970473833 0.9795584887729845 0.043927355905233445 0.03697677245403119
4 0.8421421941301273 0.9444947842998586 0.04392459335219234 0.04254331683168322
4 0.7582006387022631 0.9801109993811881 0.05781747259547387 0.03587175123762376
4 0.6330169289250354 0.9275050830975955 0.03011182814710045 0.03011182814710034
4 0.6664438207213579 0.842694704738331 0.031769359971711375 0.031769359971711486
4 0.7034620314710043 0.825428748231966 0.032874381188118806 0.030940594059405968
4 0.7229380304101838 0.8657620226308345 0.032598125884017004 0.030940594059405857
4 0.6864723302687411 0.8846855109618104 0.031493104667609684 0.029559317538896734
4 0.6153365894625177 0.8918681488684583 0.030664338755304055 0.03121684936350777
