4 0.7133425048200515 0.18213267191516708 0.0740580816195372 0.07355599293059126
4 0.8194087403598971 0.13154723650385602 0.07079450514138819 0.0682840616966581
4 0.7697019601542416 0.27991444408740357 0.056233933161953686 0.05824228791773778
4 0.6877359816838047 0.32070915006426737 0.07556434768637532 0.07405808161953725
4 0.7309156089331619 0.41660808965295626 0.07456017030848339 0.0750622589974293
4 0.8976090536632391 0.3037636568123393 0.04443484897172234 0.04167336118251924
4 0.9340104836118253 0.37983009318766064 0.040920228149100235 0.04317962724935731
4 0.9757566476542416 0.46829560973650386 0.044580454691516724 0.04387753052699228
4 0.8397433322622108 0.4252691195372751 0.046694248071979416 0.04669424807197947
4 0.8827974373393316 0.5118794183804627 0.0469452924164524 0.046694248071979416
4 0.9233410989717223 0.5979876285347043 0.04820051413881754 0.04769842544987146
4 0.7985720597686374 0.5555611343187661 0.07380703727506421 0.07280285989717228
4 0.8603515625 0.2236328125 0.04726562500000009 0.04804687499999999
4 0.95556640625 0.18271484375000002 0.042773437499999956 0.042382812500000006
4 0.91201171875 0.0955078125 0.046679687499999956 0.044531249999999994
4 0.9833984375 0.05859375 0.029296875 0.04296875
4 0.75654296875 0.00986328125 0.06035156250000007 0.018945312500000002
