4 0.67900390625 0.33349609375 0.03730468749999993 0.0361328125
4 0.60673828125 0.3751953125 0.03886718750000007 0.03476562500000002
4 0.5357421874999999 0.4185546875 0.03554687499999998 0.03515625
4 0.6494140625 0.4494140625 0.03515625 0.03476562500000002
4 0.57607421875 0.4908203125 0.033398437500000044 0.03593750000000001
4 0.50517578125 0.5401367187499999 0.04472656250000007 0.04238281249999998
4 0.6171875 0.5625 0.04062499999999991 0.039843749999999956
4 0.544921875 0.605859375 0.04257812499999991 0.042187500000000044
4 0.659765625 0.6356445312500001 0.043749999999999956 0.04238281249999998
4 0.59833984375 0.6716796875 0.021679687499999933 0.018749999999999933
4 0.55400390625 0.6640625 0.016992187499999978 0.013281249999999911
4 0.46337890625 0.6580078125 0.0439453125 0.04257812500000002
4 0.43427734375000004 0.58330078125 0.04316406249999999 0.04277343750000007
4 0.7508789062500001 0.29296875 0.03847656249999998 0.037109375
4 0.7909179687500001 0.36484375 0.03847656249999998 0.03554687500000003
4 0.8338867187500001 0.43759765625 0.025976562500000022 0.0244140625
4 0.721875 0.40693359375000004 0.03515625 0.03535156249999999
4 0.76220703125 0.4798828125 0.038867187499999956 0.037109375
4 0.87578125 0.51044921875 0.024609374999999933 0.024804687499999978
4 0.8033203124999999 0.55166015625 0.03749999999999998 0.0361328125
4 0.73193359375 0.59306640625 0.0263671875 0.025585937499999933
4 0.91748046875 0.5830078125 0.037304687500000044 0.037109375
4 0.959765625 0.65654296875 0.025390625 0.024023437500000022
4 0.8458007812499999 0.6251953125 0.03769531250000002 0.03593750000000007
4 0.88642578125 0.6978515625 0.028710937499999978 0.028124999999999956
4 0.81416015625 0.7391601562500001 0.0400390625 0.03769531250000002
4 0.7738281250000001 0.66728515625 0.03749999999999998 0.03769531250000002
4 0.70263671875 0.708984375 0.04355468749999991 0.04453124999999991
4 0.7427734374999999 0.78056640625 0.04648437500000002 0.04433593749999998
4 0.78505859375 0.8529296875000001 0.044726562499999956 0.04257812500000002
4 0.8553710937500001 0.81123046875 0.022851562499999978 0.022070312500000022
4 0.8263671875 0.92470703125 0.041015625 0.039257812500000044
4 0.897265625 0.8837890625 0.025390625 0.02578125000000009
4 0.9244140625 0.92392578125 0.030078124999999956 0.027539062500000044
4 0.94453125 0.9646484375 0.025781249999999978 0.026562499999999933
4 0.87060546875 0.99130859375 0.0400390625 0.013476562499999956
4 0.9810546875 0.88603515625 0.033984374999999956 0.04042968749999998
4 0.9708007812499999 0.8428710937499999 0.024804687499999978 0.024023437500000022
4 0.9482421875 0.80888671875 0.04296875 0.04121093749999993
4 0.92802734375 0.76865234375 0.0361328125 0.033007812499999956
4 0.9919921875 0.72626953125 0.012109374999999978 0.024023437500000022
4 0.9566406249999999 0.072265625 0.015234375000000022 0.015234374999999994
4 0.9457031250000001 0.05419921875 0.016015624999999978 0.015820312500000003
4 0.95263671875 0.030859375 0.013867187500000044 0.012890625000000003
4 0.9605468749999999 0.0451171875 0.011328125000000022 0.011328125000000001
4 0.9288085937499999 0.043359375000000006 0.016992187499999978 0.015234375000000001
