4 0.225390625 0.008984375 0.03203124999999998 0.017578125
4 0.2505859375 0.0259765625 0.015625000000000028 0.015234374999999998
4 0.2357421875 0.0341796875 0.01640625000000001 0.015625
4 0.1787109375 0.035742187499999994 0.05546875000000001 0.05468749999999999
4 0.2333984375 0.1296875 0.05625000000000002 0.055859375
4 0.1064453125 0.07802734375 0.04062500000000001 0.0416015625
4 0.03466796875 0.11953125 0.042382812500000006 0.0421875
4 0.14560546875 0.18115234375 0.0556640625 0.05527343750000002
4 0.07597656250000001 0.19306640625 0.0421875 0.04082031249999998
4 0.27949218750000004 0.2126953125 0.03242187499999999 0.03203124999999998
4 0.3173828125 0.26036611995341613 0.05246748835403725 0.05307404891304346
4 0.22397248641304346 0.28872282608695654 0.05853309394409936 0.058229813664596286
4 0.2708292895962733 0.3693953804347826 0.05822981366459626 0.057016692546583814
4 0.367578125 0.31230468749999996 0.02734375 0.02812500000000001
4 0.38466796875 0.34404296875 0.026757812500000033 0.028710937499999978
4 0.40302734375 0.37509765625 0.026757812499999978 0.0263671875
4 0.32265625 0.4611328125 0.07148437499999999 0.068359375
4 0.36416015625 0.53154296875 0.07050781249999999 0.06894531250000002
4 0.13689929096638656 0.9842272846638656 0.030888918067226892 0.027639180672268893
4 0.10463169642857142 0.9412749474789917 0.017233455882352935 0.015181853991596661
4 0.09427110688025211 0.9235285911239497 0.018259256827731093 0.016617975315125988
4 0.08462857799369748 0.9051667542016807 0.01907989758403361 0.01682313550420167
4 0.07488346901260504 0.886702337184874 0.01600249474789915 0.016002494747899165
4 0.062368697478991604 0.8712127429096639 0.012719931722689079 0.009642528886554591
