4 0.49306640625 0.0109375 0.04238281250000003 0.021875
4 0.605859375 0.059765625 0.046875 0.044140624999999996
4 0.57646484375 0.16953125000000002 0.04941406250000002 0.049218750000000006
4 0.47568359375 0.142578125 0.04824218750000003 0.04570312500000001
4 0.44248046875 0.27607421875 0.04667968750000001 0.0478515625
4 0.5431640625 0.30078125 0.048828125 0.046875
4 0.6789442950169875 0.19475509626274068 0.04976819082672712 0.048883422989807496
4 0.6447701373159682 0.32636431200453 0.04866223103057754 0.04799865515288787
4 0.6140244549830125 0.44293247451868634 0.0473350792751982 0.04445958380520948
4 0.41229021990740744 0.391894933127572 0.04822530864197533 0.0464168595679012
4 0.5135633680555556 0.4179165059156379 0.046617798353909556 0.046215920781893016
4 0.4804084683641976 0.55053610468107 0.04983281893004127 0.04902906378600813
4 0.38003954475308643 0.525217817644033 0.0464168595679012 0.04701967592592582
4 0.5806375628140703 0.5760246545226131 0.046325376884422065 0.04691425879396982
