4 0.10029296875 0.948046875 0.024023437499999994 0.023828124999999978
4 0.0767578125 0.9712890624999999 0.0234375 0.023046875000000022
4 0.83896484375 0.7294921875 0.031445312500000044 0.02890624999999991
4 0.8412109375000001 0.7865234375 0.029687499999999978 0.028515625000000044
4 0.2688528536414566 0.4120546656162465 0.029543067226890707 0.032552083333333315
4 0.36267944677871156 0.16982886904761907 0.08096988795518206 0.07549894957983191
4 0.6136587447478992 0.05740108543417371 0.07303702731092443 0.07385766806722689
4 0.7627418154761905 0.05699076505602245 0.07905505952380953 0.07522540266106442
4 0.7616476278011204 0.2134596025910364 0.0637364320728292 0.06483061974789914
4 0.6094187675070029 0.21127122724089636 0.06510416666666663 0.06045386904761904
4 0.6534598214285714 0.41588432247899165 0.06783963585434172 0.059359681372549045
4 0.8014487044817926 0.41643141631652664 0.06510416666666663 0.06428352591036413
4 0.49220391281512604 0.4130120798319328 0.07139574579831931 0.06838672969187676
4 0.7995479689564068 0.5585679491413473 0.06656621532364593 0.061406043593130843
4 0.6514510402906208 0.5584389448480844 0.06605019815059443 0.06372812087186264
4 0.4917437252311757 0.5605030135402906 0.07121036988110957 0.06837227542932622
4 0.9245797734026746 0.5194441864784547 0.02089524517087671 0.016251857355126242
4 0.9563797246471025 0.20898727711738485 0.08333430070579495 0.0976504457652303
