4 0.1642578125 0.743359375 0.0625 0.06015625000000002
4 0.1654296875 0.8890625 0.06328125000000001 0.059374999999999956
4 0.3447265625 0.95419921875 0.027734374999999978 0.027148437499999956
4 0.34501953125 0.986328125 0.028710937499999978 0.0234375
4 0.162109375 0.5962890624999999 0.06406250000000002 0.06289062499999998
4 0.02802734375 0.59443359375 0.0541015625 0.06191406249999998
4 0.028417968749999998 0.74287109375 0.0533203125 0.06230468750000007
4 0.02744140625 0.88955078125 0.0548828125 0.060742187500000044
4 0.01806640625 0.38388671875 0.0240234375 0.018164062499999967
4 0.0623046875 0.38271484375 0.02578125 0.0205078125
