4 0.33662109375000004 0.2861328125 0.02753906249999999 0.025390625
4 0.33984375 0.2576171875 0.018359374999999956 0.017578125
4 0.3390625 0.232421875 0.017968749999999978 0.01874999999999999
4 0.33740234375 0.31904296875 0.024804687499999978 0.024804687499999978
4 0.3375 0.35009765625 0.02617187500000001 0.0244140625
4 0.33740234375 0.38193359375 0.027539062500000044 0.024804687500000033
4 0.16835053369341565 0.5679173096707819 0.02933706275720166 0.026724858539094676
4 0.0236328125 0.62587890625 0.047265625 0.044726562499999956
4 0.16298828124999998 0.039453125 0.0650390625 0.06289062499999999
4 0.18359375 0.219921875 0.10664062499999999 0.09882812500000002
4 0.026953125 0.03828125 0.05390625 0.0625
4 0.41298828125 0.12451171875 0.02949218749999999 0.02753906249999999
4 0.41328125 0.15517578124999998 0.03125 0.024804687500000006
