4 0.5620936173036093 0.16016869028662423 0.0145136677282377 0.013891653397027609
4 0.581790737791932 0.541567144373673 0.04644373673036095 0.041467622080679334
4 0.8065452494692145 0.42369542860934184 0.019075106157112498 0.01762373938428874
4 0.8239616507430998 0.41135881104033967 0.013269639065817351 0.012025610403397058
4 0.5003538096695227 0.6400847230722154 0.048290238678090625 0.04326996634026936
4 0.6100826193390454 0.6808445532435741 0.04733399632802937 0.043030905752754034
4 0.6027912714198287 0.7677430768053856 0.038010633414932715 0.034663785189718466
4 0.5132630813953488 0.7496940024479803 0.03729345165238679 0.033946603427172595
4 0.4685587515299877 0.7871069843941249 0.03729345165238679 0.03418566401468781
4 0.5277262469400246 0.8346800413096696 0.038010633414932715 0.03370754283965727
4 0.48087037178702574 0.8670727509179927 0.037532512239902116 0.033946603427172595
4 0.3951671511627907 0.8391026621787026 0.03681533047735619 0.032990361077111396
4 0.3227317931456548 0.8137622399020807 0.04446526927784583 0.042074663402692836
4 0.33277233782129745 0.9034099602203183 0.03729345165238679 0.03442472460220314
4 0.4109451499388005 0.9288699127906976 0.03681533047735619 0.032273179314565525
4 0.38034539473684215 0.9777578029375765 0.03729345165238679 0.032990361077111396
4 0.2608151009791922 0.9717812882496941 0.045421511627907 0.04159654222766218
4 0.2548385862913097 0.8931303549571603 0.045421511627906974 0.04303090575275392
