4 0.6792968749999999 0.42470703125 0.021093750000000022 0.018164062499999967
4 0.8498046875 0.260546875 0.020703124999999933 0.015234375000000022
4 0.83125 0.2861328125 0.014062499999999978 0.013671875
4 0.8533203125 0.308203125 0.015625 0.013671875
4 0.84306640625 0.30146484375000004 0.009179687499999978 0.008007812499999989
4 0.837890625 0.29619140624999996 0.008984375000000044 0.007617187500000011
4 0.838671875 0.32499999999999996 0.016406250000000067 0.014843749999999989
4 0.8171875 0.303515625 0.016406250000000067 0.015625
4 0.6787109375 0.37333984375 0.016406249999999956 0.015039062499999978
4 0.97734375 0.28603515625 0.013281250000000022 0.013476562500000011
4 0.98583984375 0.29677734375 0.013867187500000044 0.013085937500000033
4 0.6616093528995757 0.62320986562942 0.03646570014144268 0.03646570014144279
4 0.6334313118811881 0.6504210130834511 0.03425565770862804 0.03397940240452624
4 0.6100877386845827 0.6770796499292786 0.032874381188118806 0.031493104667609684
4 0.5845341230551626 0.7041526697312588 0.035913189533238965 0.03536067892503536
4 0.5591186350777935 0.7302587959688827 0.03315063649222072 0.029559317538896734
4 0.5310787217114568 0.7422759016973126 0.017956594766619483 0.01547029702970304
4 0.542681444483734 0.7541548797736917 0.018509105374823198 0.01657531824611025
4 0.5303880834512023 0.7668626237623762 0.020442892503536036 0.01657531824611036
4 0.5182328500707214 0.7544311350777935 0.018232850070721285 0.013812765205091893
4 0.5029006806930694 0.7675532620226307 0.019061615983026914 0.018509105374823198
4 0.5143652758132956 0.7820566654879774 0.020442892503536036 0.014917786421499324
4 0.5005525106082037 0.7965600689533239 0.022100424328147128 0.019061615983026803
4 0.48439157531824606 0.7815041548797736 0.024586722065063682 0.020442892503536036
4 0.48356280940594054 0.8189367485855727 0.024586722065063682 0.023481700848656195
4 0.4683086688701923 0.7677330603966346 0.018310546875 0.016667292668269273
4 0.8857421875 0.924609375 0.030078124999999956 0.030468749999999933
4 0.86650390625 0.94794921875 0.030664062499999978 0.027148437500000067
4 0.84521484375 0.967578125 0.02597656249999991 0.023828124999999978
4 0.8279296875 0.986328125 0.02734375 0.02304687499999991
4 0.966015625 0.967578125 0.021093750000000022 0.019140625000000022
4 0.98408203125 0.9839843749999999 0.023632812499999933 0.019921874999999978
4 0.946875 0.98193359375 0.020703125000000044 0.019335937499999956
