4 0.9447265625 0.01650390625 0.020312499999999956 0.0181640625
4 0.9642578125 0.00634765625 0.022656250000000044 0.012304687500000001
4 0.98193359375 0.01953125 0.0244140625 0.022656250000000003
4 0.9935546875 0.037109375 0.008984375000000044 0.01953125
4 0.97822265625 0.051660156250000006 0.022070312500000022 0.0208984375
4 0.959765625 0.06757812499999999 0.021093750000000022 0.018359374999999997
4 0.94365234375 0.048925781249999994 0.023242187500000067 0.0208984375
4 0.96162109375 0.0337890625 0.0224609375 0.020703125000000003
4 0.9267578125 0.03076171875 0.0234375 0.020898437500000002
4 0.9083984375 0.0142578125 0.0234375 0.018359375
4 0.8884765625 0.02861328125 0.021484375 0.0189453125
4 0.90498046875 0.046777343750000006 0.023242187500000067 0.0201171875
4 0.923046875 0.06357421875 0.0234375 0.021289062499999997
4 0.940234375 0.08310546875 0.023046875000000022 0.02011718750000001
4 0.9095703125 0.091015625 0.028515625000000044 0.023828125000000006
4 0.9287109375 0.11249999999999999 0.02304687499999991 0.020312499999999997
4 0.90283203125 0.12607421875 0.03066406250000009 0.025195312499999997
4 0.88291015625 0.1015625 0.027539062500000044 0.026953124999999994
4 0.8896484375 0.06962890625 0.030078124999999956 0.0302734375
4 0.8685546875 0.048046875 0.028515625000000044 0.029687500000000006
