3 0.4019293670438472 0.25067958804809054 0.12099982319660535 0.11188339816124465
3 0.4403288543140028 0.3831440063649222 0.12155233380480907 0.11050212164073547
3 0.48411532001414426 0.5146415311173974 0.1234861209335219 0.11492220650636487
3 0.21973899398868457 0.8194892591937765 0.08591539957567182 0.06768254950495045
3 0.25661907708628007 0.9288863596181046 0.087296676096181 0.06602501768033942
3 0.5783254673753666 0.7747834952346041 0.14175907258064513 0.11713022360703818
3 0.6227146719208211 0.9076647269061584 0.13889525293255134 0.11942127932551327
3 0.930145711143695 0.8377875274926686 0.1277263563049854 0.12056680718475077
3 0.8777378115835777 0.6500641495601174 0.11455278592375362 0.11168896627565983
3 0.8074310392228738 0.43155471041055715 0.12629444648093846 0.11054343841642228
3 0.7586029142228738 0.2817769428152493 0.11627107771261003 0.11455278592375365
