4 0.5747412420382165 0.7125174164012739 0.03815021231422511 0.03752819798301488
4 0.558776207537155 0.7494236000530785 0.038564888535031816 0.03504014065817407
4 0.5363836916135881 0.7099256900212314 0.03649150743099794 0.03483280254777066
4 0.5217663548301485 0.7446548235138004 0.03545481687898089 0.03462546443736736
4 0.5359690153927814 0.7794876260615711 0.03732085987261147 0.03421078821656043
4 0.4380859375 0.62822265625 0.027734375000000033 0.026757812499999978
4 0.41552734375 0.6107421875 0.023242187499999956 0.0234375
4 0.40283203125 0.6324218749999999 0.0244140625 0.021093750000000022
4 0.420703125 0.65283203125 0.029296875 0.023632812500000044
4 0.40390625 0.6717773437500001 0.01953125 0.018164062500000022
4 0.39042968749999996 0.65478515625 0.02421875000000001 0.0244140625
4 0.36708984375 0.63583984375 0.028710937500000033 0.0224609375
4 0.34589843750000004 0.6513671875 0.01640625000000001 0.017578125
4 0.365234375 0.6651367187499999 0.025000000000000022 0.022851562499999978
4 0.38369140625 0.6826171875 0.01777343749999999 0.017578125
4 0.36337890625 0.69169921875 0.01933593750000001 0.0166015625
4 0.33085937499999996 0.65986328125 0.010546875000000011 0.0107421875
4 0.33837890625 0.6670898437499999 0.011914062500000044 0.010351562500000022
4 0.345703125 0.67353515625 0.012109374999999978 0.010351562500000022
4 0.33984375 0.6810546875000001 0.012499999999999956 0.010156249999999978
4 0.331640625 0.67509765625 0.010937499999999989 0.009960937499999933
4 0.3236328125 0.66748046875 0.012500000000000011 0.0107421875
4 0.3349609375 0.7513671875 0.023046875000000022 0.01953125
4 0.31181640625 0.76044921875 0.024023437500000022 0.0205078125
4 0.28525390625 0.7890625 0.010351562499999967 0.010546874999999956
4 0.2783203125 0.796875 0.012499999999999956 0.009765625
4 0.27099609375 0.80341796875 0.011132812499999978 0.009570312500000067
4 0.2607421875 0.80302734375 0.01171875 0.009960937499999933
4 0.26728515625 0.76943359375 0.018945312499999978 0.0185546875
4 0.26972656250000004 0.72998046875 0.02031250000000001 0.02089843750000009
4 0.25107421875 0.7126953125 0.022851562500000006 0.021484375
4 0.23183593749999998 0.7341796875 0.023046874999999994 0.023828124999999978
4 0.2505859375 0.7521484375 0.024999999999999967 0.022265625000000067
4 0.2283203125 0.7673828125 0.017578125 0.019140625000000022
4 0.24296874999999998 0.78408203125 0.02070312499999999 0.0205078125
4 0.21240234375 0.7540039062499999 0.02128906250000001 0.018945312499999978
4 0.07068297628951747 0.377788321547421 0.021123648086522458 0.02112364808652245
4 0.5484232088414634 0.8935546875 0.026438643292682862 0.025009527439024404
4 0.5681926448170732 0.9080840320121952 0.020722179878048808 0.018340320121951192
4 0.5848656631097562 0.9224942835365855 0.01929306402439024 0.01953125
4 0.6146389100609757 0.9546493902439025 0.020722179878048697 0.02096036585365857
4 0.632860137195122 0.9722751524390245 0.021436737804878092 0.02286585365853655
4 0.596774961890244 0.9739424542682928 0.022151295731707266 0.021913109756097504
4 0.6156154725609757 0.9894483612804879 0.022675304878048697 0.017197027439024293
4 0.5689072027439025 0.9398818597560976 0.020245807926829285 0.02096036585365857
4 0.5516387195121951 0.925828887195122 0.020007621951219523 0.021913109756097615
4 0.5306783536585367 0.9133241234756098 0.023342225609756073 0.021674923780487743
4 0.331078506097561 0.874976181402439 0.03429878048780488 0.033584222560975596
4 0.3596608231707318 0.8978420350609757 0.037633384146341486 0.036918826219512146
4 0.40181974085365857 0.9285680259146343 0.02286585365853655 0.021674923780487743
4 0.41932641006097565 0.8860518292682927 0.010241996951219523 0.010956554878048808
4 0.41051352896341464 0.8786680640243903 0.009765625000000056 0.010480182926829285
4 0.4022961128048781 0.8710461128048781 0.009527439024390238 0.010956554878048808
4 0.3955078125 0.877000762195122 0.011671112804878037 0.01143292682926833
4 0.40455887957317077 0.8854563643292683 0.010241996951219523 0.011671112804877981
4 0.3339367378048781 0.9259479801829269 0.03620426829268292 0.038347942073170715
4 0.30642625762195125 0.9027248475609757 0.03787157012195119 0.03763338414634143
4 0.1568454649390244 0.9779916158536586 0.04263528963414637 0.03763338414634154
4 0.20221989329268295 0.9814453125 0.025247713414634165 0.023580411585365835
4 0.11647294207317074 0.9423828125000001 0.02191310975609756 0.018816692073170715
4 0.03548971036585366 0.8431783536585367 0.02572408536585366 0.02477134146341453
4 0.02572408536585366 0.8298399390243902 0.02143673780487805 0.017149390243902496
4 0.012742949695121951 0.8192406631097562 0.018816692073170733 0.01452934451219512
4 0.06704935213414635 0.9286871189024392 0.021674923780487805 0.01953125
4 0.08372237042682927 0.9429782774390245 0.02215129573170732 0.020483993902439046
4 0.10015720274390244 0.9577458079268293 0.02262766768292683 0.021913109756097504
4 0.08503239329268293 0.976681592987805 0.022389481707317083 0.020722179878048808
4 0.06824028201219513 0.9603658536585367 0.020722179878048787 0.021913109756097615
4 0.05144817073170732 0.945360137195122 0.020483993902439032 0.02096036585365857
4 0.03537061737804878 0.9626286204268293 0.021198551829268296 0.02119855182926822
4 0.017625762195121953 0.9459556021341464 0.020483993902439025 0.01976943597560976
4 0.05323456554878049 0.9772770579268293 0.021198551829268296 0.020960365853658458
4 0.06850228658536586 0.9900438262195123 0.02315167682926829 0.016006097560975485
2 0.32822265625 0.42099609375 0.03925781249999999 0.027929687499999967
