4 0.18193359375 0.013671875 0.027148437499999983 0.023828125
4 0.20263671875 0.03359375 0.025976562500000022 0.0234375
4 0.016992187500000002 0.0220703125 0.021875000000000002 0.0203125
4 0.03740234375 0.17080078125 0.0240234375 0.01972656249999999
4 0.0501953125 0.19130859374999998 0.01953125 0.020117187499999994
4 0.07880859375 0.21142578125 0.027929687499999994 0.024804687499999978
4 0.0595703125 0.23398437500000002 0.028125000000000004 0.026953124999999994
4 0.0373046875 0.21298828125 0.022265625 0.0205078125
4 0.01826171875 0.19208984375 0.0291015625 0.024804687500000006
4 0.019140625 0.23359375 0.029296875 0.026953124999999994
4 0.03896484375 0.25263671875 0.029101562499999997 0.027929687499999994
4 0.23955078125 0.029980468750000003 0.0302734375 0.0251953125
