4 0.5555664062500001 0.36650390624999996 0.04550781250000002 0.04667968750000001
4 0.4814453125 0.40419921875 0.044140625000000044 0.04433593750000003
4 0.61162109375 0.45185546875 0.0341796875 0.0341796875
4 0.57392578125 0.4921875 0.03339843749999993 0.03125
4 0.599604405216285 0.5381033317430025 0.03478848600508899 0.0345399968193385
4 0.547297431615776 0.5648159192111959 0.043982585877862634 0.044728053435114434
4 0.7007395038167938 0.6167501590330788 0.025842875318066172 0.027333810432569994
4 0.6579993638676844 0.645326415394402 0.021867048346056017 0.021370069974554706
4 0.6198562738549618 0.6604842557251909 0.027085321246819394 0.02435194020356224
4 0.7149033874045801 0.8256053196564885 0.03230359414758266 0.03205510496183206
4 0.6490537531806615 0.8509512166030534 0.018885178117048373 0.020127624045801484
4 0.6632176367684478 0.8779122932569974 0.01739424300254444 0.018885178117048373
4 0.6786239662849873 0.9071097725826971 0.01789122137404575 0.019630645674300173
4 0.6302928196564885 0.8950580470737913 0.019133667302798973 0.017891221374045863
4 0.6141410225826971 0.86722725826972 0.020624602417302795 0.018885178117048373
4 0.645326415394402 0.9236343034351144 0.03081265903307895 0.03280057251908397
4 0.6936575620229007 0.9365557410941475 0.018139710559796463 0.018388199745547062
4 0.6606085003180662 0.9535772503180662 0.030564169847328237 0.03205510496183206
4 0.751182808524173 0.8961762484096691 0.04075222646310428 0.04249165076335881
4 0.7885804309796438 0.7872137404580153 0.03255208333333337 0.03280057251908397
4 0.8249840966921119 0.8575361800254453 0.03230359414758266 0.03280057251908397
4 0.8610150286259541 0.9330768924936386 0.04124920483460559 0.04075222646310428
4 0.8174051765267175 0.9569318543256997 0.04746143447837148 0.046218988549618256
4 0.772058385019084 0.9766196525127226 0.04572697996183206 0.042854444974554706
