4 0.7588867187499999 0.0751953125 0.04238281249999998 0.044921875
4 0.70732421875 0.10234375 0.0458984375 0.047265625000000006
4 0.6732421875 0.034765625 0.044140625000000044 0.044921875
4 0.79404296875 0.14521484375 0.048632812499999956 0.050195312500000006
4 0.74287109375 0.16962890625 0.04355468750000002 0.043554687499999994
4 0.82060546875 0.193359375 0.04355468750000002 0.04218749999999999
4 0.76884765625 0.220703125 0.04667968750000007 0.04570312500000001
4 0.9353515625 0.08505859375 0.046875 0.0486328125
4 0.9583984375 0.12890625 0.037890624999999956 0.03828124999999999
4 0.8910156250000001 0.10917968750000001 0.03945312499999998 0.037109375000000014
4 0.90390625 0.0236328125 0.045703124999999956 0.046093749999999996
4 0.85810546875 0.047265625000000006 0.04707031249999993 0.04687500000000001
4 0.9142578125 0.15439453125 0.04726562499999998 0.0478515625
4 0.7013305322128851 0.4766117384453782 0.04212622549019607 0.045135241596638676
4 0.64384765625 0.5109375 0.04433593749999998 0.044921875000000056
4 0.5876953125 0.5459960937499999 0.04414062499999993 0.04433593749999998
4 0.61943359375 0.60966796875 0.04277343750000007 0.04277343750000007
4 0.971875 0.44257812500000004 0.023828124999999978 0.02421875000000001
4 0.99013671875 0.471484375 0.015820312500000044 0.025781249999999978
4 0.9462890625 0.83505859375 0.030468750000000044 0.0302734375
4 0.97958984375 0.8169921874999999 0.031054687499999956 0.03164062499999998
4 0.9931640625 0.85458984375 0.009765625 0.017382812499999956
4 0.93427734375 0.89755859375 0.018945312499999978 0.019335937499999956
4 0.9439453124999999 0.916015625 0.019140625000000022 0.01953125
4 0.953515625 0.93828125 0.016406249999999956 0.015625
