4 0.07021484375 0.7632812499999999 0.0181640625 0.017187500000000022
4 0.080078125 0.7837890625 0.01835937500000001 0.016406249999999956
4 0.15107421875 0.822265625 0.011132812500000006 0.010546874999999956
4 0.2515625 0.50263671875 0.010937499999999989 0.011132812499999978
4 0.254296875 0.51923828125 0.010156250000000033 0.009960937499999933
4 0.2724609375 0.5096679687500001 0.011328125000000022 0.010351562500000022
4 0.266015625 0.4947265625 0.008203125000000033 0.0078125
4 0.26103515624999996 0.48291015625 0.011523437500000011 0.009570312499999956
4 0.32177734375 0.46406250000000004 0.034960937499999956 0.03593750000000001
4 0.3953125 0.5095703125 0.016015624999999978 0.016796874999999933
4 0.37314453125 0.5072265625 0.013085937500000033 0.01171875
4 0.34931640625000004 0.5337890625 0.03535156249999999 0.034375000000000044
4 0.46181640625 0.5447265625 0.016992187500000033 0.014062499999999978
4 0.451171875 0.47998046875 0.023828124999999978 0.024023437500000022
4 0.3779296875 0.19277343749999998 0.035937499999999956 0.033593750000000006
4 0.4447265625 0.19619140624999998 0.03789062500000001 0.034570312500000006
4 0.39296875 0.230078125 0.03671874999999997 0.03515625
4 0.321875 0.2328125 0.025390625 0.02656249999999999
4 0.30107421875 0.2474609375 0.0244140625 0.02421875000000001
4 0.33984375 0.26318359375 0.026953125000000022 0.0244140625
4 0.31572265625 0.27734375 0.0244140625 0.0234375
4 0.28994140625 0.29443359375 0.02363281249999999 0.022070312500000022
4 0.27646484375 0.2671875 0.02128906250000001 0.021484375
4 0.3376953125 0.3296875 0.0390625 0.03984375000000001
4 0.22958984375000002 0.3076171875 0.032617187500000006 0.030859375000000022
4 0.262890625 0.3677734375 0.032812499999999994 0.033203125
4 0.2833984375 0.406640625 0.03945312499999998 0.03867187499999997
4 0.33037109375 0.38330078125 0.029882812500000022 0.029492187500000044
4 0.37919921874999996 0.353515625 0.03886718750000001 0.038281250000000044
4 0.4166015625 0.4150390625 0.033203125 0.03359374999999998
4 0.44716796875 0.34072265625 0.03652343750000003 0.03691406250000001
4 0.4255859375 0.2962890625 0.029296875 0.029687500000000033
4 0.48066406250000004 0.26904296875 0.03242187499999999 0.03378906250000002
4 0.50234375 0.3080078125 0.04023437499999999 0.0390625
4 0.526953125 0.3560546875 0.038281250000000044 0.037109375
4 0.56064453125 0.41962890625000004 0.040820312499999956 0.04316406249999999
4 0.6322265625 0.37744140625 0.047656249999999956 0.049023437500000044
4 0.60029296875 0.31494140625 0.0537109375 0.049023437500000044
4 0.5673828125 0.25380859375 0.048828125 0.047460937499999994
4 0.6376953125 0.21474609375 0.046093750000000044 0.0439453125
4 0.5125 0.13876953125 0.05585937499999999 0.05488281249999999
4 0.57548828125 0.10664062499999999 0.05605468749999998 0.052734374999999986
4 0.6708007812500001 0.27558593750000004 0.03652343749999998 0.03398437500000001
4 0.70322265625 0.33779296875 0.050585937499999956 0.04746093749999997
4 0.7560546875 0.44033203125 0.04804687499999993 0.04433593750000003
4 0.68623046875 0.478125 0.04824218749999998 0.04960937500000001
4 0.7384765625 0.54951171875 0.03437499999999993 0.03300781250000007
4 0.537890625 0.51279296875 0.018359375000000067 0.017773437500000044
4 0.81953125 0.50400390625 0.03476562500000002 0.035351562500000044
4 0.787109375 0.52216796875 0.02890624999999991 0.027148437500000067
4 0.75966796875 0.62109375 0.0146484375 0.016406249999999956
4 0.744140625 0.62880859375 0.015234374999999911 0.0146484375
4 0.81171875 0.64306640625 0.018359375000000067 0.01699218750000009
4 0.79482421875 0.65146484375 0.019335937499999956 0.017382812499999956
4 0.77880859375 0.6599609375 0.0185546875 0.016796874999999933
4 0.77861328125 0.014843750000000001 0.03847656249999998 0.028515625
4 0.7583984375 0.22226562500000002 0.043749999999999956 0.043359375000000006
4 0.94775390625 0.201171875 0.025195312499999956 0.02656249999999999
4 0.90888671875 0.245703125 0.04121093749999993 0.04179687500000001
4 0.85859375 0.2697265625 0.0390625 0.03867187500000002
4 0.7989257812499999 0.298828125 0.04355468750000002 0.041796874999999956
4 0.9064453125 0.36025390625 0.03242187499999993 0.03300781250000001
4 0.95625 0.33193359375 0.04375000000000007 0.0419921875
4 0.85078125 0.39169921875 0.041015625 0.04121093749999999
4 0.98330078125 0.44580078125 0.029492187500000044 0.0615234375
4 0.810546875 0.19189453125 0.045703124999999956 0.04511718749999999
4 0.8607421875 0.16640624999999998 0.045703124999999956 0.043359375000000006
4 0.8056640625 0.1072265625 0.03867187499999991 0.041406250000000006
4 0.90048828125 0.03544921875 0.049023437500000044 0.0482421875
4 0.960546875 0.012304687500000001 0.04296875 0.0234375
4 0.9908203125 0.0884765625 0.014453124999999956 0.041796875
4 0.057421875 0.4638671875 0.017187499999999994 0.016406249999999956
4 0.0390625 0.4734375 0.016796875000000003 0.017187500000000022
