4 0.12548828125 0.54365234375 0.02089843749999999 0.019335937500000067
4 0.0779296875 0.540234375 0.017578125 0.015234375000000022
4 0.08955078125 0.57763671875 0.0224609375 0.02207031249999991
4 0.13076171875 0.57724609375 0.015039062499999992 0.015429687499999956
4 0.12099609375 0.6148437499999999 0.025585937500000003 0.025781249999999978
4 0.08603515625 0.6154296875 0.01816406250000001 0.014062499999999978
4 0.342578125 0.84580078125 0.017578125 0.017773437500000044
4 0.40947265624999996 0.88896484375 0.01972656249999999 0.018164062500000022
4 0.41552734375 0.9144531250000001 0.015429687499999956 0.015234375000000022
4 0.34921875 0.8611328125 0.009765625 0.010937499999999933
4 0.320703125 0.8494140625 0.017578125 0.016015624999999978
4 0.32099609375000004 0.86689453125 0.011914062499999989 0.0107421875
4 0.3357421875 0.86376953125 0.012109374999999978 0.011523437499999956
4 0.3037109375 0.8539062500000001 0.015234375000000022 0.013281250000000022
4 0.30712890625 0.870703125 0.011132812499999978 0.010937500000000044
4 0.3228515625 0.8794921875 0.010156250000000033 0.010546874999999956
4 0.332421875 0.87744140625 0.009374999999999967 0.0087890625
4 0.33466796875 0.8858398437499999 0.011132812499999978 0.011132812499999978
4 0.32490234375 0.88994140625 0.008398437500000022 0.008007812499999933
4 0.8619140624999999 0.34384765625 0.019140625000000022 0.018164062499999967
4 0.86689453125 0.3638671875 0.015039062499999978 0.014843749999999989
4 0.79833984375 0.34892578124999996 0.0224609375 0.02128906250000001
4 0.79423828125 0.29931640625 0.0361328125 0.034960937499999956
4 0.84345703125 0.28154296874999996 0.025195312500000067 0.02363281249999999
4 0.73125 0.27158203125 0.03632812499999993 0.03535156249999999
4 0.74912109375 0.315625 0.025585937500000044 0.025000000000000022
4 0.70732421875 0.351953125 0.0205078125 0.01874999999999999
4 0.6865234375 0.304296875 0.020312499999999956 0.01953125
4 0.67744140625 0.27177734375 0.0185546875 0.018945312499999978
4 0.64580078125 0.28017578125 0.0205078125 0.01972656249999999
4 0.64833984375 0.3103515625 0.0185546875 0.019140625000000022
4 0.66533203125 0.33828125 0.0185546875 0.01953125
4 0.7744140625 0.38544921875 0.022656250000000044 0.0224609375
4 0.8044921875 0.37910156250000004 0.021093750000000022 0.02070312499999999
4 0.64189453125 0.97021484375 0.03769531250000002 0.03652343750000009
4 0.6944335937499999 0.9630859375 0.04042968749999998 0.03867187500000002
4 0.82470703125 0.9375976562499999 0.040820312499999956 0.03769531250000002
4 0.77099609375 0.9443359375 0.04238281250000009 0.038281250000000044
4 0.7837890625 0.98671875 0.033984374999999956 0.022656250000000044
4 0.83173828125 0.985546875 0.0283203125 0.025000000000000022
4 0.88828125 0.9354492187500001 0.0390625 0.03769531250000002
4 0.9359375 0.93037109375 0.039843749999999956 0.03847656249999998
4 0.97646484375 0.9044921875 0.027539062500000044 0.027734374999999978
4 0.98271484375 0.9373046875 0.028710937499999978 0.026953125000000022
4 0.9869140625 0.9798828125 0.022265624999999956 0.024609375000000044
4 0.95458984375 0.9849609375 0.0263671875 0.024609375000000044
4 0.3728515625 0.9822265625 0.029296875 0.029687499999999978
4 0.34501953125 0.98671875 0.028710937499999978 0.022656250000000044
4 0.0193359375 0.9737304687499999 0.038281249999999996 0.04042968749999998
