4 0.34501953125 0.0185546875 0.025976562500000022 0.024218749999999997
4 0.3798828125 0.01572265625 0.026953125000000022 0.0251953125
4 0.38759765625 0.0412109375 0.02714843750000001 0.02578125
4 0.39560546875 0.06875 0.02714843750000001 0.026953125
4 0.35380859374999996 0.0546875 0.02519531250000001 0.024218750000000004
4 0.43173828125 0.0560546875 0.0205078125 0.01992187499999999
4 0.45322265625 0.0505859375 0.01972656249999999 0.019921875
4 0.21845703125 0.09033203125 0.028710937500000006 0.02714843750000001
4 0.14345703125 0.06669921875 0.015429687500000011 0.0166015625
4 0.145703125 0.02392578125 0.017968750000000006 0.017773437500000003
4 0.0607421875 0.06171875 0.046484375 0.044140624999999996
4 0.09150390625 0.12490234375 0.0224609375 0.02324218750000001
4 0.08935546875 0.15888671875 0.027929687499999994 0.0224609375
4 0.0359375 0.1412109375 0.016796875 0.014453125000000011
4 0.011132812499999999 0.15371093749999998 0.017578125 0.016015625000000006
4 0.014062499999999999 0.09013671875 0.02734375 0.047460937499999994
4 0.15537109375000002 0.1080078125 0.026757812500000006 0.02968749999999999
4 0.1603515625 0.14765625 0.017187499999999994 0.016015625000000006
4 0.20009765625 0.1763671875 0.0361328125 0.03437499999999999
4 0.24580078125 0.2060546875 0.0166015625 0.01679687499999999
4 0.32177734375 0.2212890625 0.015820312500000044 0.014843749999999989
4 0.24667968750000002 0.24306640625 0.029296875000000028 0.02949218749999999
4 0.1951171875 0.25751953125 0.031640625000000006 0.0302734375
4 0.6449218750000001 0.0228515625 0.04140624999999998 0.040234375
4 0.65400390625 0.0779296875 0.04121093749999993 0.041796875000000004
4 0.71240234375 0.0677734375 0.0380859375 0.03749999999999999
4 0.702734375 0.0173828125 0.037109375 0.03359375
4 0.8104492187500001 0.15097656250000002 0.016992187499999978 0.016015625000000006
4 0.848046875 0.14423828125 0.018359374999999956 0.016992187500000006
4 0.8421875000000001 0.10273437499999999 0.03554687499999998 0.0359375
4 0.83798828125 0.0501953125 0.040820312499999956 0.03945312499999999
4 0.7901367187499999 0.059863281250000004 0.03769531250000002 0.0373046875
4 0.7955078125 0.1103515625 0.036328125000000044 0.03554687499999999
4 0.9279296875 0.0427734375 0.03984375000000007 0.040624999999999994
4 0.97138671875 0.035546875 0.04042968749999998 0.0390625
4 0.97802734375 0.08388671875 0.0380859375 0.03769531250000001
4 0.93212890625 0.090234375 0.041210937500000044 0.03984375
4 0.14033203125 0.38798828125 0.038085937499999986 0.0380859375
4 0.08427734375 0.4140625 0.038476562500000006 0.04062500000000002
4 0.02900390625 0.51953125 0.0560546875 0.056640625
4 0.01533203125 0.44560546875 0.0306640625 0.06308593750000002
4 0.6903320312500001 0.31083984375 0.04042968749999998 0.03964843750000002
4 0.74150390625 0.30126953125 0.0400390625 0.039257812500000044
4 0.749609375 0.348046875 0.040234375000000044 0.03984375000000001
4 0.76005859375 0.41357421875 0.03886718750000007 0.039257812500000044
4 0.6982421875 0.356640625 0.039843749999999956 0.04062500000000002
4 0.7091796875 0.42207031250000004 0.041015625 0.03828124999999999
4 0.71748046875 0.46884765625 0.03964843750000002 0.03886718750000001
4 0.76875 0.45986328125 0.04062500000000002 0.04042968750000003
4 0.84287109375 0.27919921875 0.019726562500000044 0.018164062499999967
4 0.813671875 0.28427734375 0.019140625000000022 0.01777343749999999
4 0.8837890625 0.22158203125 0.013671875 0.013867187499999989
4 0.9005859375 0.21982421875 0.014453125000000067 0.013867187499999989
4 0.9491210937500001 0.229296875 0.015039062499999978 0.015625
4 0.95283203125 0.25263671875 0.014257812500000022 0.013867187500000017
4 0.37529296875 0.17685546875 0.014257812500000022 0.013867187499999989
4 0.40400390625000004 0.19179687499999998 0.015429687500000011 0.014062500000000006
