4 0.553081191588785 0.7147768204828661 0.02981405763239875 0.029509832554517113
4 0.5264614972741433 0.7182754088785046 0.029509832554517113 0.028597157320872202
4 0.6190980334890965 0.7152331580996885 0.04198306074766356 0.04198306074766356
4 0.6659486954828661 0.7080838687694704 0.04259151090342672 0.042287285825545196
4 0.6686867211838006 0.7810978874610592 0.03711545950155759 0.036811234423676065
4 0.67796558605919 0.8472668419003115 0.040461935358255485 0.04015771028037385
4 0.5999318535825545 0.7879429517133956 0.039549260124610575 0.03894080996884741
4 0.5520164038161994 0.7961570288161994 0.0380281347352025 0.039549260124610575
4 0.6049515673676013 0.8586752823208723 0.036811234423675954 0.03924503504672894
4 0.6111881814641744 0.9262132496105919 0.03833235981308414 0.0380281347352025
4 0.6942416277258567 0.906894957165109 0.03711545950155759 0.0371154595015577
4 0.7000219042056075 0.9786920755451713 0.037723909657320864 0.03833235981308403
4 0.6395632544781932 0.9851751119548287 0.037279741043613646 0.025743526090342694
4 0.7943316783489096 0.9145005841121495 0.0657126168224299 0.06753796728971961
4 0.5892261730919004 0.9891300379672897 0.03639140381619932 0.01783367406542058
4 0.8050069363317758 0.9863920122663552 0.06576737733644855 0.02330972546728971
4 0.7709063473520249 0.8001119548286605 0.06692951713395634 0.06814641744548289
4 0.8936611662772586 0.7640612830996885 0.025859131619937692 0.026467581775700966
