4 0.5966796875 0.0478515625 0.037890624999999956 0.037109375
4 0.5887695312500001 0.0095703125 0.03847656249999998 0.017578125
4 0.6484375 0.04013671875 0.037109375 0.0369140625
4 0.65322265625 0.1201171875 0.039257812500000044 0.03828124999999999
4 0.5931640625 0.12978515624999998 0.037890624999999956 0.039648437499999994
4 0.7994140624999999 0.10078125 0.03867187500000002 0.040624999999999994
4 0.8083984375 0.0228515625 0.06992187500000002 0.044140625
4 0.7173828125 0.029980468750000003 0.038281250000000044 0.0388671875
4 0.7310546875 0.10986328125 0.037890624999999956 0.03925781249999999
4 0.75146484375 0.19697265625 0.05332031249999991 0.055273437499999994
4 0.7341796875 0.27509765625 0.05585937499999993 0.05683593750000002
4 0.6292968750000001 0.2154296875 0.05703124999999998 0.05390624999999999
4 0.6200195312500001 0.28925781250000004 0.05527343750000002 0.05585937499999999
4 0.27177734374999996 0.50361328125 0.02714843750000001 0.028320312500000056
4 0.31474609375 0.48505859375000004 0.022070312500000022 0.01933593750000001
4 0.3396484375 0.48124999999999996 0.01953125 0.01874999999999999
4 0.32978515625 0.50986328125 0.015039062499999978 0.013867187500000044
4 0.36220703125 0.50703125 0.024804687500000033 0.023828124999999978
4 0.3703125 0.53232421875 0.02734375 0.025585937500000044
4 0.2765625 0.53740234375 0.026953125000000022 0.025585937499999933
4 0.203125 0.45107421875 0.027734374999999978 0.027929687499999967
4 0.2083984375 0.490234375 0.03515625 0.033203125
4 0.22568359375 0.51982421875 0.0146484375 0.015039062499999978
4 0.20771484375 0.52236328125 0.015039062500000006 0.0146484375
4 0.15966796875 0.46533203125 0.0361328125 0.035351562500000044
4 0.06552734375 0.2021484375 0.028320312499999993 0.02734375
4 0.0701171875 0.22998046875 0.026953124999999994 0.02558593749999999
2 0.342578125 0.6197265625 0.019140625000000022 0.07148437500000004
2 0.35234375 0.6107421875000001 0.013281250000000022 0.05312499999999998
2 0.36796874999999996 0.61630859375 0.02226562500000001 0.06855468750000004
2 0.37734375 0.60732421875 0.017968750000000033 0.050976562500000044
2 0.38720703125 0.6087890625 0.016210937500000022 0.051953125000000044
2 0.42919921875 0.7230468750000001 0.05332031250000002 0.04335937499999998
2 0.42197265625 0.73251953125 0.05996093750000003 0.048632812499999956
2 0.4150390625 0.7421875 0.052734375 0.04335937500000009
2 0.4650390625 0.7992187500000001 0.0234375 0.03359374999999998
2 0.3642578125 0.7017578125 0.04453125000000002 0.04296875
2 0.359765625 0.7113281250000001 0.04375000000000001 0.04257812500000002
2 0.9080078125 0.672265625 0.0234375 0.052734375
2 0.4499674112175873 0.6144526846110484 0.020918475197294284 0.06759970405862448
2 0.4399485625704622 0.6164344348928974 0.01849633596392336 0.06715931510710249
2 0.43014990839909806 0.6186363796505072 0.01959730834272827 0.06759970405862459
