4 0.7448485700514138 0.4432187901670951 0.020585636246786554 0.01933041452442158
4 0.7289072541773779 0.4340556715938303 0.018828325835475557 0.019079370179948596
4 0.7143466821979434 0.4267753856041131 0.019832503213367603 0.01907937017994854
4 0.6951417898457584 0.5293270003213367 0.020083547557840586 0.01832623714652959
4 0.6792004739717223 0.520414926092545 0.019330414524421524 0.01958145886889462
4 0.6638867689588689 0.5128835957583547 0.02033459190231368 0.0215898136246786
4 0.6112929787917738 0.6006235941516709 0.020083547557840586 0.019832503213367603
4 0.6266066838046271 0.6087825353470437 0.020083547557840586 0.01907937017994865
4 0.6416693444730077 0.6176946095758356 0.02209190231362468 0.017322059768637543
4 0.8219990204752274 0.5050358632457027 0.036929663801819945 0.03613972446916075
4 0.7954373104145601 0.5503586324570273 0.037917087967644036 0.035942239635995965
4 0.7686781155207278 0.5963725985844286 0.03811457280080888 0.036337209302325646
4 0.7472510111223458 0.635079625884732 0.03870702730030329 0.036732178968655216
4 0.839377685793731 0.6722067745197169 0.07050208543983816 0.06951466127401418
4 0.7871601998141264 0.7285301463754648 0.016336547397769463 0.01597351301115235
4 0.8966796875 0.57470703125 0.06914062500000007 0.07050781250000004
