2 0.43182488207547165 0.400501179245283 0.03537735849056606 0.10023584905660377
2 0.4585421580188679 0.5178729363207547 0.02616450471698112 0.09397110849056606
2 0.2436984080188679 0.565964033018868 0.02690153301886794 0.06412146226415094
2 0.27194222922848665 0.8956961702522255 0.03564308234421365 0.06085404302670616
2 0.2842579284124629 0.8965655137240356 0.0341941765578635 0.0527401706231454
4 0.571875 0.30742187499999996 0.026562500000000044 0.02617187500000001
4 0.60478515625 0.30283203125 0.025195312500000067 0.02519531250000001
4 0.6400390625000001 0.3009765625 0.03476562500000002 0.03476562500000002
4 0.6788085937499999 0.293359375 0.03457031249999998 0.03593750000000001
4 0.6827148437499999 0.3310546875 0.03457031249999998 0.036328125000000044
4 0.68916015625 0.369921875 0.03378906250000002 0.03476562500000002
4 0.6449218750000001 0.33818359375 0.03281250000000002 0.03261718749999998
4 0.6087890625 0.334375 0.02734375 0.02617187500000001
4 0.57587890625 0.33837890625 0.025585937499999933 0.026757812499999978
4 0.57978515625 0.37080078125000004 0.026757812499999978 0.02753906249999999
4 0.6123046875 0.3669921875 0.02695312499999991 0.027734374999999978
4 0.6495117187499999 0.3740234375 0.03574218750000002 0.035937499999999956
4 0.6552734375 0.40849609375 0.026171874999999956 0.027929687500000022
4 0.693359375 0.4033203125 0.025390625 0.027734374999999978
4 0.7079101562500001 0.4212890625 0.012304687500000022 0.014062500000000033
4 0.6169921875 0.39990234375 0.026953125000000022 0.029101562499999956
4 0.5841796875 0.40263671875 0.026562499999999933 0.027929687500000022
4 0.7637695312499999 0.381640625 0.016210937500000022 0.017187500000000022
4 0.74326171875 0.38232421875 0.015820312500000044 0.016210937500000022
4 0.74482421875 0.401953125 0.0166015625 0.016015625000000033
4 0.7029895231213872 0.5121929190751445 0.03770773121387283 0.03635296242774566
4 0.6280256502890174 0.5214505057803467 0.03590137283236994 0.03590137283236994
4 0.63671875 0.5950596098265895 0.03883670520231208 0.03770773121387283
4 0.7122471098265895 0.5855762283236994 0.03861091040462428 0.036804552023121384
4 0.7877754696531791 0.5756412572254335 0.03793352601156075 0.038159320809248554
4 0.778292088150289 0.5037256141618497 0.03883670520231208 0.037030346820809246
4 0.5887464360744299 0.7617844012605042 0.014068127250900342 0.016881752701080388
4 0.71123046875 0.80830078125 0.0166015625 0.016210937500000022
4 0.6617187499999999 0.80703125 0.010156249999999978 0.010546874999999956
4 0.6636718749999999 0.8224609375 0.010156249999999978 0.01171875
4 0.65302734375 0.8232421875 0.0107421875 0.01171875
4 0.6509765625 0.8078125 0.010546874999999956 0.011328125000000022
4 0.64033203125 0.8094726562500001 0.0107421875 0.011132812499999978
4 0.641796875 0.8221679687500001 0.010156249999999978 0.011132812499999978
4 0.6693359375 0.8666015625 0.013671875 0.014453124999999956
4 0.6708984375 0.8804687499999999 0.013281249999999911 0.013281250000000022
4 0.71357421875 0.85732421875 0.0166015625 0.017382812499999956
4 0.73798828125 0.8536132812499999 0.015429687500000067 0.016210937500000022
4 0.7431640625 0.80537109375 0.020703125000000044 0.020898437499999978
4 0.7771484375 0.8005859375 0.01953125 0.019140625000000022
4 0.764453125 0.8509765625000001 0.014843749999999933 0.017187500000000022
4 0.787890625 0.84833984375 0.015625 0.0166015625
4 0.7912109375 0.87568359375 0.016015624999999978 0.016992187499999978
4 0.76728515625 0.8783203125000001 0.015039062499999978 0.017187500000000022
4 0.74140625 0.880859375 0.016796874999999933 0.01718749999999991
4 0.71796875 0.8829101562499999 0.016015624999999978 0.016210937500000022
4 0.8416992187500001 0.86474609375 0.022070312500000022 0.021679687500000044
4 0.83857421875 0.83037109375 0.020117187500000022 0.022851562499999978
4 0.8345703125 0.79609375 0.020703125000000044 0.021093750000000022
4 0.98857421875 0.8583984375 0.018945312499999978 0.025390625
4 0.9517578125 0.858203125 0.016406249999999956 0.016015624999999978
4 0.9375976562499999 0.8349609375 0.024804687499999978 0.024218749999999956
4 0.9205078124999999 0.80947265625 0.017968749999999978 0.019335937499999956
4 0.9494140625 0.80576171875 0.016796874999999933 0.017773437500000044
4 0.9306640625 0.7803710937499999 0.0234375 0.024023437500000022
4 0.9292968749999999 0.860546875 0.017968749999999978 0.017187500000000022
4 0.8884765625 0.865625 0.013281250000000022 0.012890625000000044
4 0.871875 0.8673828125 0.012109374999999978 0.012109374999999978
4 0.87685546875 0.8453125 0.015820312500000044 0.015625
4 0.874609375 0.82138671875 0.016796875000000044 0.017382812499999956
4 0.87109375 0.79013671875 0.022656250000000044 0.023242187499999956
4 0.87333984375 0.49287109375000004 0.03847656249999998 0.03691406250000001
4 0.94775390625 0.483984375 0.03652343750000009 0.036328125000000044
4 0.8767578125 0.68359375 0.03359374999999998 0.03554687500000009
4 0.88330078125 0.73017578125 0.0341796875 0.03730468749999993
4 0.80498046875 0.69677734375 0.06308593750000002 0.06269531250000004
4 0.9383789062500001 0.6499999999999999 0.03378906250000002 0.03359374999999998
4 0.9826171875 0.6439453125 0.030859375000000022 0.032421875000000044
4 0.9576171875 0.7099609375 0.044921875 0.047656249999999956
4 0.991796875 0.7728515625 0.012499999999999956 0.024609375000000044
4 0.98916015625 0.79853515625 0.017773437500000044 0.020117187500000022
4 0.98447265625 0.82548828125 0.0224609375 0.0244140625
4 0.8862220014450866 0.4069725433526012 0.016708815028901758 0.018740968208092457
