2 0.4353841145833333 0.2102322048611111 0.02766927083333337 0.0656467013888889
2 0.5219184027777778 0.3876410590277778 0.048828125 0.11664496527777773
2 0.654296875 0.7248263888888888 0.05208333333333326 0.09982638888888884
2 0.7259114583333333 0.8873155381944444 0.06293402777777779 0.11338975694444442
4 0.24404296875 0.25146484375 0.03261718750000003 0.03339843750000002
4 0.258984375 0.29130859375 0.034765624999999994 0.0341796875
4 0.3279296875 0.228515625 0.011328125000000022 0.010156249999999978
4 0.3388671875 0.22451171874999998 0.010937500000000044 0.011132812500000006
4 0.1962890625 0.266015625 0.03515625 0.03359375000000003
4 0.21123046875 0.30712890625 0.03339843750000002 0.033398437500000044
4 0.35087890625 0.2208984375 0.0107421875 0.010546874999999983
4 0.36171875 0.216796875 0.010546875000000011 0.010546875000000011
4 0.36474609375 0.22783203125 0.012304687500000022 0.011523437499999983
4 0.3533203125 0.231640625 0.01171875 0.011328124999999994
4 0.342578125 0.23544921875 0.012109374999999978 0.011523437500000011
4 0.33193359375 0.23896484375 0.011523437500000011 0.011132812500000006
4 0.36591796875 0.25849609375 0.0126953125 0.012304687500000022
4 0.3705078125 0.2703125 0.012109375000000033 0.011328125000000022
4 0.3748046875 0.28300781249999996 0.015234375000000022 0.012890624999999989
4 0.3546875 0.26171875 0.009765625 0.010546874999999956
4 0.34580078125 0.26484375000000004 0.010351562499999967 0.010546875000000011
4 0.33408203125 0.2681640625 0.0126953125 0.012500000000000011
4 0.33291015625 0.2826171875 0.012304687499999967 0.01171875
4 0.34296875000000004 0.27880859375 0.010546875000000011 0.011914062500000044
4 0.35146484375 0.2759765625 0.010351562499999967 0.011328124999999967
4 0.3611328125 0.27314453125000004 0.011328125000000022 0.011523437500000011
4 0.36142578125 0.2875 0.012304687499999967 0.013671875
4 0.34931640625 0.29121093750000004 0.013085937499999978 0.012890624999999989
4 0.33662109375 0.29541015625 0.0126953125 0.012304687500000022
4 0.38427734375 0.3369140625 0.031445312500000044 0.030078124999999956
4 0.351171875 0.34765625 0.027734375000000033 0.030078124999999956
4 0.3955078125 0.37187499999999996 0.030078124999999956 0.03007812500000001
4 0.36152343750000004 0.38291015625 0.03007812500000001 0.02949218749999999
4 0.27763671875 0.34580078125 0.0302734375 0.030664062500000033
4 0.22529296875 0.3634765625 0.03144531250000002 0.03125
4 0.1513671875 0.36064453125 0.028906250000000022 0.028710937499999978
4 0.16513671875 0.41181640625000004 0.0283203125 0.02910156250000001
4 0.23505859375 0.4021484375 0.03652343749999998 0.03476562500000002
4 0.2951171875 0.39091796875 0.033203125 0.03457031249999998
4 0.30751953125 0.42656249999999996 0.03183593749999997 0.03203125000000001
4 0.32080078125 0.45947265625 0.033398437500000044 0.033398437500000044
4 0.2701171875 0.478125 0.03750000000000003 0.03671874999999997
4 0.24755859375 0.44169921874999996 0.03652343749999998 0.03730468749999999
4 0.17705078125 0.46396484375 0.035742187499999994 0.03496093750000001
4 0.18857421875 0.50625 0.03496093750000001 0.03437499999999999
4 0.37978515625 0.442578125 0.03261718750000003 0.03125
4 0.4146484375 0.4314453125 0.030859374999999967 0.03164062499999998
4 0.42587890625 0.46669921875 0.030664062500000033 0.03105468750000001
4 0.3904296875 0.47832031249999996 0.030859375000000022 0.03007812500000001
4 0.33544921875 0.7876953124999999 0.03378906250000002 0.03164062499999998
4 0.35029296875000004 0.8271484375 0.02910156250000001 0.028515625000000044
4 0.39091796875 0.8263671875 0.0283203125 0.028906250000000022
4 0.4501953125 0.82578125 0.029296875 0.030468750000000044
4 0.46708984375 0.883984375 0.024804687499999978 0.024609374999999933
4 0.50888671875 0.87138671875 0.024023437499999967 0.024023437500000022
4 0.50634765625 0.9154296875000001 0.028710937500000033 0.027734374999999978
4 0.36728515625 0.86669921875 0.0400390625 0.0400390625
4 0.39013671875 0.9105468750000001 0.03261718749999998 0.030859375000000022
4 0.41162109375 0.94970703125 0.0322265625 0.031054687499999956
4 0.46015625 0.93046875 0.03125 0.030859375000000022
4 0.48154296875 0.97314453125 0.03183593749999997 0.03183593749999991
4 0.43486328125 0.98583984375 0.03261718749999998 0.0244140625
4 0.52919921875 0.958984375 0.0322265625 0.032031249999999956
2 0.8748046875 0.04130859375 0.018359375000000067 0.042773437500000004
