2 0.03916015625 0.0203125 0.0783203125 0.028515625
2 0.1705078125 0.18251953124999998 0.12460937500000001 0.0697265625
2 0.6133736091794157 0.4714392819888734 0.1238699582753825 0.0486243915159944
2 0.5359548852573017 0.6541203059805285 0.12332666898470096 0.04617958970792768
2 0.7235255128650904 0.7614199408901252 0.12414160292072318 0.055415507649513196
2 0.720129954798331 0.7835589794853963 0.11626390820584143 0.05405728442280944
2 0.7127955493741307 0.8020308153685674 0.10213838664812247 0.045907945062586886
2 0.7042387430458971 0.8188727833796939 0.1138191063977747 0.053513995132127956
2 0.6994849617524339 0.8378879085535466 0.10539812239221136 0.048624391515994514
2 0.6729996088317107 0.8577179676634213 0.12196844575799715 0.04699452364394996
2 0.46413631889763773 0.9179687499999999 0.10888287401574809 0.040907972440944906
2 0.620232529527559 0.979484498031496 0.07843257874015752 0.03598671259842523
2 0.6048843503937007 0.9851516363188976 0.08710629921259849 0.025790477362204856
2 0.82861328125 0.48017578125000004 0.12441406250000009 0.05058593750000001
2 0.83818359375 0.460546875 0.12441406249999998 0.04570312500000001
2 0.9121519804822042 0.1603894589552239 0.11615599885189443 0.03834493398392652
2 0.9471333237657864 0.29403612944890933 0.07982921928817444 0.03565406142365096
2 0.9429848952353617 0.3087238088404133 0.08005345866819746 0.037223737083811714
2 0.9834657093140069 0.3907068473737084 0.029162331371986316 0.027180055252583213
2 0.9753930916331802 0.5961392705941446 0.04530756673363956 0.030377708811710646
2 0.9729264584529276 0.6102629879448909 0.05024083309414473 0.029474024110218155
2 0.9687780299225028 0.6251390284156142 0.058537690154994326 0.0309719431687715
2 0.9645174817020665 0.6409916313863375 0.06705878659586684 0.03442298722732495
2 0.9636205241819746 0.6577086771670493 0.06885270163605062 0.040051395665901324
2 0.9786445626435132 0.8223575631458093 0.038804624712973634 0.027159873708381244
2 0.9766264082233065 0.8412048830367393 0.04284093355338692 0.028527733926521304
2 0.9721416206228473 0.8584825272675085 0.051810508754305484 0.03303494546498287
