2 0.5228030453821656 0.14949077760084925 0.12668358545647557 0.06510416666666667
2 0.5157535496284501 0.17240163880042464 0.12295149946921446 0.0636527998938429
2 0.5028985867834395 0.18992170912951167 0.11009653662420382 0.0559812898089172
2 0.5043499535562632 0.21179587977707007 0.12502488057324845 0.0619940950106157
2 0.5048682988322717 0.2368837911358811 0.1144506369426751 0.060750066348195325
2 0.4943977242569002 0.25274515658174096 0.08977740180467086 0.04810244161358809
2 0.4925316812632697 0.27036889596602975 0.10346171709129515 0.05556661358811038
2 0.63740234375 0.0123046875 0.0712890625 0.02421875
2 0.6041015624999999 0.02392578125 0.13320312499999998 0.045507812499999994
2 0.5943359374999999 0.037402343750000004 0.12539062499999998 0.056445312500000004
2 0.58310546875 0.05712890625 0.12480468749999996 0.054101562500000006
2 0.24941406249999998 0.07763671875 0.136328125 0.0556640625
2 0.26611328125 0.24951171875 0.08066406250000002 0.03925781250000002
2 0.153515625 0.2837890625 0.06484375 0.02851562499999999
2 0.3637328395953757 0.40685964595375723 0.08760838150289013 0.039739884393063585
2 0.76708984375 0.45595703125 0.09238281249999991 0.04160156249999997
2 0.76181640625 0.470703125 0.0927734375 0.044140625000000044
2 0.7546875 0.484765625 0.08554687500000002 0.03945312500000003
2 0.8863281249999999 0.33662109375 0.09609374999999998 0.04628906249999998
2 0.8927734375 0.32060546874999996 0.09062500000000007 0.04511718749999999
2 0.93681640625 0.09892578125000001 0.1142578125 0.053710937500000014
2 0.9288085937499999 0.11611328125 0.09707031249999998 0.0458984375
2 0.941094406512605 0.6590675332633054 0.08397890406162467 0.038023021708683435
