2 0.5285910728193146 0.3627884053738318 0.10678300233644861 0.047763337227414326
2 0.6752275603582555 0.38438838590342683 0.10495765186915884 0.058715440031152644
2 0.6788782612928349 0.36598276869158874 0.0933970989096573 0.05050136292834889
2 0.4876727998442368 0.14678860007788164 0.09491822429906549 0.04046193535825546
2 0.32293492017133957 0.19820263823987538 0.10678300233644855 0.04654643691588786
2 0.060546875 0.2328125 0.09687499999999999 0.04804687499999999
2 0.0548828125 0.24921875 0.09765625 0.044921875
2 0.21796875000000002 0.393359375 0.11406250000000001 0.06289062499999998
2 0.20361328125 0.41083984375 0.11308593749999998 0.0595703125
2 0.19550781250000002 0.42978515625 0.11992187500000001 0.06269531249999999
2 0.18759765625000002 0.45234375 0.1126953125 0.06640625
2 0.5202113190021231 0.6365279989384289 0.09703423566878983 0.04395567940552014
2 0.28851098062632696 0.6692874203821656 0.11756070859872611 0.04602906050955413
2 0.28353486597664546 0.6848377786624205 0.11258459394904458 0.041467622080679445
2 0.04240064357749469 0.7313851844479831 0.08355725849256901 0.03752819798301488
2 0.64619140625 0.60087890625 0.04941406250000002 0.028710937499999978
2 0.81474609375 0.6005859375 0.10527343750000007 0.04843749999999991
2 0.87919921875 0.018359375 0.10175781249999993 0.036328124999999996
2 0.9177734375 0.22802734375 0.10429687500000007 0.0439453125
2 0.89384765625 0.3451171875 0.09121093749999998 0.03632812499999999
