2 0.31518617448586117 0.09903699389460155 0.10468549164524421 0.04644320372750642
2 0.14541015625 0.1009765625 0.05058593750000001 0.02968749999999999
2 0.034960937500000004 0.13808593749999998 0.06953125 0.042578124999999994
2 0.61669921875 0.74052734375 0.054492187499999956 0.04746093750000002
2 0.7773889089595375 0.8729001083815029 0.06096459537572252 0.044707369942196595
2 0.7877246658236994 0.9818743226156069 0.037831918352601246 0.03234510476878616
2 0.9386233291184971 0.9662944815751444 0.06415959176300579 0.06350478684971106
2 0.8859962066473988 0.7451002528901733 0.09438222543352603 0.05960982658959535
2 0.9728425307080925 0.5643176481213872 0.05040868858381509 0.05886470375722552
2 0.9774713240606936 0.5437590317919074 0.04115110187861282 0.045294436416185024
