2 0.127734375 0.34169921875 0.09648437499999998 0.06191406250000003
2 0.25107421875 0.47587890625 0.09980468749999999 0.06503906250000002
2 0.047656250000000004 0.41162109375 0.0671875 0.043164062500000044
2 0.0375 0.42099609375 0.05546875 0.03144531249999999
2 0.23798828125 0.7120117187499999 0.09316406249999998 0.06972656249999998
2 0.161328125 0.8207031250000001 0.073828125 0.07265624999999998
2 0.02978515625 0.588671875 0.0583984375 0.06679687499999998
2 0.02373046875 0.6033203125 0.0435546875 0.05546875000000007
2 0.036523437500000006 0.93271484375 0.072265625 0.060351562499999956
2 0.42605452674897115 0.9499019418724279 0.07253890174897121 0.06892200360082301
2 0.4698591820987654 0.7673490547839507 0.0886140046296297 0.07073045267489708
2 0.6637314618644068 0.8722854872881356 0.1122983213820079 0.08225024445893081
