2 0.5548828125 0.07900390625 0.08203125 0.0744140625
2 0.5611328124999999 0.3701171875 0.06679687499999998 0.059765625000000044
2 0.2923828125 0.30849609375 0.06328125000000001 0.06308593749999997
2 0.38134765625 0.4767578125 0.025976562500000022 0.041015625
2 0.36113281249999996 0.46259765625 0.03828124999999999 0.05800781249999998
2 0.9052734375 0.33583984375 0.049609374999999956 0.03457031250000003
2 0.6754444106397774 0.5792822061891516 0.05079754867872044 0.053513995132127956
2 0.5142233136300417 0.6046809805285118 0.04780945757997218 0.05650208623087616
2 0.3907608223226704 0.6906565107788595 0.05188412726008346 0.07361569888734354
2 0.37758605702364395 0.6924222009735743 0.04074669680111265 0.06030511126564664
