2 0.7254243281471005 0.2684980551626591 0.07790399575671858 0.06740629420084865
2 0.6038719943422913 0.07691500176803397 0.04364833804809054 0.041162040311173966
2 0.3724609375 0.14072265625 0.04648437499999997 0.03535156249999999
2 0.5449156149839745 0.42456680689102566 0.06760817307692302 0.05164513221153849
2 0.6344338441506411 0.5076685196314102 0.04319411057692313 0.03317808493589752
2 0.7817007211538461 0.4458508613782051 0.05665314503205132 0.046011117788461564
2 0.6971905048076923 0.49686999198717946 0.04475911458333337 0.04475911458333337
2 0.7910907451923077 0.5843537159455128 0.04225510817307687 0.03818609775641024
2 0.7843612279647436 0.5918657351762822 0.04695012019230771 0.03881209935897434
2 0.0810546875 0.194140625 0.041406250000000006 0.05585937500000002
2 0.0716796875 0.200390625 0.04140624999999999 0.05195312500000002
2 0.06220703125 0.20771484375 0.038476562500000006 0.0517578125
2 0.054589843750000006 0.215234375 0.04199218750000001 0.05546875000000001
2 0.96376953125 0.1177734375 0.06855468750000004 0.057421875
