3 0.5474043203259005 0.08843669596912522 0.14204545454545453 0.12194468267581475
3 0.6618112135506004 0.42679968910806176 0.1289799528301887 0.12194468267581476
3 0.7643251500857633 0.7470719875643225 0.1303200042881647 0.12127465694682682
3 0.8063692645797598 0.8968227379931389 0.12127465694682671 0.11055424528301883
1 0.2431640625 0.66669921875 0.0234375 0.013085937499999978
1 0.24658203125 0.6791015625 0.021289062499999983 0.012499999999999956
1 0.25 0.685546875 0.025781249999999978 0.012890625000000044
1 0.26328125 0.728125 0.024999999999999967 0.014453124999999956
1 0.2646484375 0.7412109375 0.025000000000000022 0.014843750000000044
1 0.48330078125 0.27714843749999996 0.01933593750000001 0.012500000000000011
1 0.48388671875 0.2865234375 0.026757812499999978 0.013671875
1 0.4935546875 0.31083984374999996 0.021875000000000033 0.013867187499999989
1 0.49628906250000004 0.319921875 0.02031250000000001 0.012109375000000033
1 0.49863281249999997 0.32685546875 0.021874999999999978 0.012304687500000022
1 0.501953125 0.3349609375 0.019921875000000033 0.012499999999999956
1 0.61328125 0.6846679687499999 0.018359374999999956 0.010351562500000022
1 0.615234375 0.6916015625 0.01718749999999991 0.010156249999999978
1 0.62236328125 0.7162109375 0.019335937500000067 0.012499999999999956
1 0.0814453125 0.2265625 0.03085937500000001 0.01679687499999999
1 0.12939453125 0.33359375 0.01777343749999999 0.03632812499999999
1 0.12197265624999999 0.34228515625 0.016210937499999994 0.025585937500000044
1 0.11357421875 0.36279296875 0.0185546875 0.027539062500000044
1 0.08623046875 0.1404296875 0.0205078125 0.01171875
1 0.05859375 0.0990234375 0.020703124999999996 0.013281250000000008
1 0.089453125 0.10703125 0.012499999999999997 0.01992187499999999
1 0.0689453125 0.1294921875 0.020312499999999997 0.012890624999999989
1 0.07744140625 0.15195312500000002 0.0205078125 0.012109375000000006
