3 0.8465708083190394 0.04471751715265867 0.10921419382504283 0.0887784090909091
3 0.9678454652658661 0.40854148799313894 0.06030231560891941 0.0686776372212693
3 0.9797635479202401 0.47570989225986277 0.03656665415951976 0.06029896548027447
3 0.8103894189536878 0.788278569897084 0.0670025728987993 0.08375321612349917
3 0.694642474271012 0.8247949721269296 0.07001768867924518 0.08509326758147506
3 0.59765625 0.8561186749571184 0.0690126500857633 0.08475825471698117
3 0.34371369656133827 0.933826092007435 0.06534618959107807 0.07079170539033453
4 0.06975972877358488 0.43495725235849053 0.05417158018867925 0.061541863207547176
4 0.05207104952830187 0.37544221698113206 0.05269752358490567 0.05969929245283023
4 0.03253979952830187 0.31666420990566035 0.053434551886792456 0.061541863207547176
4 0.020415683962264144 0.25867850825471694 0.04083136792452829 0.06032576650943394
1 0.3626492985338726 0.28533398634984836 0.0353497851365015 0.015798786653185015
1 0.373905934024267 0.23497535389282104 0.011651605156723976 0.018958543983822046
1 0.3521826023761375 0.2384313384732053 0.013626453488372103 0.02310572548028314
1 0.38002796385237614 0.2309269148129424 0.01086166582406467 0.021920816481294236
1 0.3868411905965622 0.2280633847320526 0.012244059656218442 0.02606799797775533
1 0.4006651289180991 0.22480488498483317 0.014218907987866514 0.021920816481294236
1 0.4131066734074823 0.22154638523761377 0.01105915065722951 0.0229082406471183
1 0.4374960503033367 0.29540571284125383 0.013626453488372103 0.024093149646107148
1 0.43157150530839233 0.29817050050556115 0.012046574823053602 0.023303210313447897
1 0.4052072800808898 0.30547743933265925 0.013823938321536944 0.02211830131445902
1 0.38930975101112236 0.30903216632962593 0.013626453488372103 0.020933392315470145
1 0.4405570652173913 0.3488253602123357 0.011849089989888761 0.023105725480283112
1 0.4326576718907988 0.34833164812942363 0.013428968655207263 0.02527805864509608
1 0.4264368996461072 0.3507014661274014 0.01481136248736098 0.0248830889787664
1 0.4191299608190091 0.3521826023761375 0.012441544489383172 0.022710755813953487
1 0.4588244122851365 0.40303494691607683 0.015206332153690605 0.034362360970677464
1 0.4527023824570273 0.4071821284125379 0.017181180485338732 0.03870702730030329
1 0.4409520348837209 0.4124154764914055 0.018168604651162767 0.04008942113245706
1 0.4327564143073812 0.4111318250758342 0.017971119817997983 0.03910199696663297
1 0.42367211198179977 0.40570099216380184 0.019550998483316484 0.042459239130434756
1 0.4179450518200202 0.4087620070778564 0.018761059150657233 0.03396739130434778
1 0.40500979524772496 0.4142915824064712 0.018168604651162823 0.035152300303336714
1 0.39237076592517695 0.4162664307381193 0.02014345298281095 0.03791708796764409
1 0.41893247598584427 0.49032324317492415 0.018366089484327552 0.03396739130434773
1 0.4850898950960566 0.4869660010111223 0.016786210819009106 0.031992542972699656
1 0.487360970677452 0.47600559277047527 0.01619375631951464 0.032190027805864496
1 0.47837541076845297 0.488842106926188 0.017576150151668357 0.03219002780586444
1 0.46998230535894847 0.48864462209302323 0.018563574317492393 0.03455984580384219
1 0.46316907861476236 0.49101444009100104 0.01994596814964611 0.033769906471183
1 0.4573432760364004 0.49308803083923153 0.01974848331648127 0.03278248230535896
1 0.4512212462082912 0.4954578488372093 0.019748483316481324 0.03238751263902928
1 0.4115267947421638 0.4914094097573306 0.01974848331648127 0.03811457280080882
1 0.40441734074823055 0.4935817429221435 0.017773634984833198 0.035349785136501444
1 0.77890625 0.1947265625 0.024609375000000044 0.012890624999999989
1 0.7341796875 0.6695312499999999 0.010546875000000067 0.025000000000000022
1 0.75146484375 0.6689453125 0.0107421875 0.028515625000000044
1 0.7599609375 0.66474609375 0.010546875000000067 0.026757812499999978
1 0.7686523437499999 0.662109375 0.010351562500000022 0.02695312499999991
1 0.7772460937500001 0.658203125 0.010351562500000022 0.02695312499999991
1 0.7850585937500001 0.65673828125 0.009179687499999978 0.029101562499999956
1 0.79365234375 0.6533203125 0.009179687499999978 0.02734375
1 0.8033203124999999 0.6514648437499999 0.010156249999999978 0.027929687500000022
1 0.81181640625 0.64794921875 0.009570312500000067 0.031054687499999956
1 0.830078125 0.6431640624999999 0.010937500000000044 0.028906250000000022
1 0.71708984375 0.67861328125 0.009570312500000067 0.0283203125
1 0.7083984375 0.683203125 0.008984375000000044 0.026171874999999956
1 0.70048828125 0.68564453125 0.0087890625 0.027539062500000044
1 0.691015625 0.68798828125 0.010546874999999956 0.031054687499999956
1 0.6834960937500001 0.69130859375 0.011132812499999978 0.031054687499999956
1 0.64775390625 0.7037109375 0.0107421875 0.030468750000000044
1 0.63935546875 0.70615234375 0.0087890625 0.029101562499999956
1 0.509765625 0.74853515625 0.010546874999999956 0.025585937500000044
1 0.54423828125 0.73251953125 0.010351562500000022 0.029101562499999956
1 0.5702148437500001 0.7293945312500001 0.011132812499999978 0.028710937499999978
1 0.57880859375 0.72275390625 0.009570312500000067 0.027539062500000044
