2 0.671875 0.4248046875 0.08085937499999996 0.021874999999999978
2 0.575 0.5275390625 0.05625000000000002 0.016796874999999933
2 0.43095703124999996 0.6001953125 0.05058593750000001 0.017578125
2 0.59287109375 0.7673828125 0.08613281250000004 0.022265625000000067
2 0.7035633572319202 0.7078251636533666 0.06965009351620943 0.02167432980049877
2 0.298828125 0.5711914062500001 0.053515624999999956 0.020117187500000022
2 0.38876953125 0.82978515625 0.08769531250000001 0.029882812500000022
2 0.38603515625 0.9396484375 0.08652343750000002 0.027734374999999978
2 0.10604160082174463 0.6380274178255374 0.06296420670037928 0.0217288242730721
2 0.93681640625 0.56220703125 0.08378906250000007 0.028710937499999978
2 0.91630859375 0.64267578125 0.06582031249999998 0.0185546875
