2 0.48447265625 0.60380859375 0.06230468750000001 0.03144531249999993
2 0.5353515625 0.6537109375000001 0.04140624999999998 0.019140625000000022
2 0.44921875 0.70947265625 0.045703124999999956 0.015039062500000089
2 0.4375 0.7796875 0.064453125 0.020703125000000044
2 0.49531250000000004 0.83955078125 0.060546875000000056 0.016992187499999978
2 0.3125 0.85576171875 0.06210937500000002 0.03457031249999998
2 0.23076171874999998 0.75947265625 0.06074218749999999 0.015039062499999978
2 0.27998046875 0.91396484375 0.06269531250000002 0.0244140625
2 0.32080078125 0.9453125 0.027929687500000022 0.012890625000000044
2 0.15068359375 0.91455078125 0.0646484375 0.02207031249999991
2 0.08232421875 0.96240234375 0.043554687499999994 0.01894531250000009
2 0.01123046875 0.90654296875 0.0201171875 0.013476562500000067
2 0.3099936777456648 0.6600885115606936 0.06367413294797686 0.02777276011560703
2 0.02628251445086707 0.7183435693641618 0.05215859826589595 0.022353684971098242
2 0.7481525551102204 0.6065607778056112 0.029746993987975867 0.049121680861723416
2 0.7028471004509018 0.6574437938376754 0.06047250751503008 0.01624342434869741
2 0.6165416771042085 0.6916919777054108 0.05420998246492992 0.019374686873747438
2 0.8123434368737474 0.7450212925851702 0.06145102705410821 0.022701653306613223
2 0.811560621242485 0.7568613790080161 0.06066821142284562 0.01937468687374755
2 0.648637117985972 0.8069615794088176 0.07025770290581168 0.01780905561122248
2 0.8143004759519038 0.8506035508517034 0.048534569138276584 0.02211454158316639
2 0.6983459105711423 0.885340994488978 0.06751784819639273 0.016830536072144353
2 0.56806640625 0.78310546875 0.05292968749999993 0.0302734375
2 0.5609645953757225 0.9307035765895952 0.06028721098265888 0.02574060693641622
2 0.44180139089595377 0.9911319093208093 0.03827221820809246 0.013829931358381509
