2 0.7174435908084165 0.1021984011627907 0.02162929125138424 0.045205218715393125
2 0.7177680301771872 0.22959492663344408 0.03439057308970106 0.030497300664451832
2 0.9206507821151717 0.08857194767441862 0.015789382613510483 0.03439057308970099
2 0.9843490448504983 0.1726017441860465 0.015140503875968991 0.040230481727574735
2 0.9142701411960134 0.2579292981727575 0.015140503875969102 0.016654554263565907
2 0.9875209804125139 0.3340027598975637 0.02105178917497219 0.0390257302048726
2 0.19900538340336135 0.5345448726365547 0.04308363970588236 0.028517266281512632
2 0.051495207457983194 0.504386324842437 0.07631959033613445 0.046161042542016806
2 0.43658088235294124 0.8432083771008403 0.06688222163865548 0.034877232142857095
4 0.02420890231092437 0.7709919905462185 0.045135241596638655 0.048828125
4 0.09765625 0.8010479582457983 0.046366202731092446 0.04657136292016806
4 0.1512030593487395 0.8224871980042017 0.04308363970588236 0.04349396008403361
4 0.12853285845588236 0.876136587447479 0.04657136292016806 0.04369912027310918
4 0.20772469143907563 0.8658785779936975 0.028517266281512604 0.028927586659663884
4 0.25491153492647056 0.8814707523634454 0.0387752757352941 0.0391855961134453
4 0.23624195772058826 0.9276317949054622 0.040416557247899165 0.03877527573529416
4 0.18946543461134455 0.9074235162815126 0.03959591649159666 0.03898043592436973
4 0.10606781775210083 0.9290679162289917 0.045955882352941166 0.0453404017857143
4 0.053546809348739496 0.9068080357142858 0.04431460084033614 0.04308363970588236
4 0.07519120929621849 0.8541844472163866 0.04410944065126051 0.04328879989495793
4 0.01261735162815126 0.8219742975315126 0.02523470325630252 0.044519761029411686
4 0.37509765625 0.91875 0.02128906250000001 0.020312500000000067
4 0.39921874999999996 0.92802734375 0.02031250000000001 0.020117187500000022
4 0.36455078125 0.969921875 0.04746093750000002 0.04843750000000002
4 0.3037109375 0.9443359375 0.048046875000000044 0.04843749999999991
4 0.16962890625 0.9554687500000001 0.039648437499999994 0.03945312499999998
4 0.21572265625 0.97470703125 0.04121093749999999 0.038867187499999956
4 0.27724609375 0.9904296875 0.04316406249999999 0.015234375000000022
4 0.44892578125 0.94765625 0.0419921875 0.04296875
4 0.49482421875000004 0.96611328125 0.04277343750000001 0.04160156250000002
4 0.5361328125 0.98310546875 0.033203125 0.029882812500000022
4 0.4291015625 0.98603515625 0.04414062499999999 0.024023437500000022
