4 0.5470703125 0.5708984375 0.044921875 0.044921875
4 0.49423828125 0.57177734375 0.045117187500000044 0.045117187500000044
4 0.5236328125 0.61689453125 0.044921875 0.04472656250000007
4 0.5001953125 0.6638671875 0.044921875000000056 0.044921875
4 0.464453125 0.6169921875 0.044921875 0.04531249999999998
4 0.44072265625 0.6638671875 0.04550781250000002 0.04453125000000002
4 0.46123046875 0.74208984375 0.04628906249999998 0.0419921875
4 0.43798828125 0.78857421875 0.04550781250000002 0.04433593750000009
4 0.06259765625 0.49736328125 0.0408203125 0.04160156250000002
4 0.02021484375 0.478125 0.038867187500000004 0.04062499999999997
4 0.04375 0.54130859375 0.041015625 0.04121093749999993
4 0.010546874999999999 0.522265625 0.020703125 0.04296875
4 0.01015625 0.63427734375 0.019921875000000002 0.0478515625
4 0.13515625 0.5314453125 0.04726562499999999 0.04726562499999998
4 0.18515625 0.5533203125 0.048828125 0.048828125
4 0.1640625 0.6025390625 0.04843750000000002 0.04921875000000009
4 0.11376953125 0.58017578125 0.04863281250000001 0.0478515625
4 0.11591796875 0.6846679687499999 0.03144531250000002 0.03183593750000002
4 0.08486328125 0.669921875 0.0314453125 0.03085937499999991
4 0.0564453125 0.6583984375 0.025390625 0.025390625
4 0.40742187500000004 0.740625 0.04375000000000001 0.044921875
4 0.383984375 0.7879882812500001 0.04453125000000002 0.04433593749999998
4 0.36025390625 0.8357421875 0.04433593750000003 0.04609374999999993
4 0.41328125 0.83564453125 0.04648437500000002 0.0458984375
4 0.39082031250000004 0.88330078125 0.04570312500000001 0.044726562499999956
4 0.337109375 0.8826171875 0.04453125000000002 0.04609374999999993
4 0.283984375 0.571484375 0.017187500000000022 0.017968749999999978
4 0.3001953125 0.57900390625 0.017968750000000033 0.0185546875
4 0.3162109375 0.58642578125 0.017968749999999978 0.017382812499999956
4 0.3330078125 0.59326171875 0.017187500000000022 0.01816406249999991
4 0.34970703125 0.60107421875 0.01777343749999999 0.01699218750000009
4 0.34257812499999996 0.6169921875 0.01835937500000001 0.017968749999999978
4 0.32539062500000004 0.61083984375 0.01835937500000001 0.01816406249999991
4 0.3091796875 0.60400390625 0.01874999999999999 0.0185546875
4 0.29453125 0.595703125 0.017578125 0.017578125
4 0.2783203125 0.58798828125 0.016406249999999956 0.017382812499999956
4 0.296875 0.52236328125 0.021484375 0.0185546875
4 0.28984374999999996 0.53916015625 0.02226562500000001 0.021289062499999956
4 0.39853515625 0.03974609375 0.02714843750000001 0.0279296875
4 0.42568359375 0.048828125 0.02167968749999999 0.0234375
4 0.44658203125 0.0583984375 0.0224609375 0.0234375
4 0.4685546875 0.069140625 0.021484375 0.023828125
4 0.38652343749999996 0.0681640625 0.02851562499999999 0.02734375
4 0.42822265625 0.00810546875 0.0400390625 0.0162109375
4 0.47470703125 0.017871093749999997 0.04238281250000003 0.0341796875
4 0.5158203125 0.030957031250000003 0.03242187499999993 0.0341796875
4 0.27685546875 0.01640625 0.04941406250000002 0.032031250000000004
4 0.33759765625000004 0.0330078125 0.04863281250000001 0.048046875
4 0.5740234375 0.0197265625 0.018359375000000067 0.018750000000000003
4 0.59423828125 0.028125 0.01894531250000009 0.018359375000000004
4 0.61484375 0.0369140625 0.01953125 0.018359375000000004
4 0.63623046875 0.04521484375 0.01816406249999991 0.017773437499999996
4 0.62666015625 0.0662109375 0.019335937500000067 0.018359375000000004
4 0.60615234375 0.0580078125 0.019335937500000067 0.01992187499999999
4 0.58525390625 0.05 0.019726562499999933 0.018749999999999996
4 0.56435546875 0.04033203125 0.0185546875 0.017382812500000004
4 0.6890624999999999 0.04541015625 0.028906250000000022 0.030664062500000002
4 0.7256835937499999 0.0595703125 0.029882812500000022 0.030078125000000004
4 0.71123046875 0.09716796875 0.0283203125 0.02910156250000001
4 0.674609375 0.08232421875000001 0.029687499999999978 0.029101562499999997
4 0.76337890625 0.0833984375 0.011914062499999933 0.01171875
4 0.75810546875 0.093359375 0.011132812499999978 0.009765625
4 0.2728515625 0.62529296875 0.017968750000000033 0.018945312499999978
4 0.29052734375 0.6337890625 0.0185546875 0.018750000000000044
4 0.3083984375 0.6419921875 0.017968749999999978 0.018359374999999956
4 0.32695312499999996 0.64951171875 0.01874999999999999 0.019726562500000044
4 0.31904296875 0.667578125 0.018945312499999978 0.018750000000000044
4 0.3013671875 0.6602539062499999 0.019140624999999967 0.018164062500000022
4 0.2828125 0.65166015625 0.01953125 0.018164062500000022
4 0.26435546875000004 0.6435546875 0.01777343749999999 0.01718749999999991
4 0.25341796875 0.68251953125 0.022851562499999978 0.025195312499999956
4 0.2767578125 0.6929687499999999 0.02226562500000001 0.023046875000000022
4 0.30087890625 0.7033203125 0.0244140625 0.022656249999999933
4 0.2900390625 0.72724609375 0.023828124999999978 0.022070312500000022
4 0.26708984375 0.7169921875 0.022070312500000022 0.022656249999999933
4 0.24238281250000002 0.70556640625 0.02421875000000001 0.02207031249999991
4 0.21718749999999998 0.75068359375 0.039453125000000006 0.03886718750000007
4 0.25927734375 0.769921875 0.03964843750000002 0.040234375000000044
4 0.23935546875000002 0.8130859374999999 0.04003906250000003 0.04062500000000002
4 0.19716796874999998 0.7947265625 0.040429687500000006 0.041015625
4 0.17841796875 0.8373046875 0.0400390625 0.039843749999999956
4 0.21904296875 0.8492187499999999 0.0302734375 0.030859375000000022
4 0.04264820931849791 0.6886191759388038 0.022818150208623083 0.023904728789986063
4 0.07089925243393602 0.7026088751738525 0.03096748956884561 0.03178242350486782
4 0.10241003129346314 0.7167343967315716 0.03259735744089012 0.03178242350486782
4 0.02001953125 0.74501953125 0.0244140625 0.0244140625
4 0.04453125 0.75390625 0.021484375 0.022656250000000044
4 0.06572265625000001 0.7646484375 0.023632812500000003 0.02304687499999991
4 0.0892578125 0.77451171875 0.022656250000000003 0.0244140625
4 0.010937500000000001 0.772265625 0.020703125 0.023046875000000022
4 0.03115234375 0.7828125 0.0244140625 0.024218749999999956
4 0.053515625 0.79267578125 0.0234375 0.023242187500000067
4 0.076171875 0.80224609375 0.02460937499999999 0.0224609375
4 0.63759765625 0.6351562500000001 0.0576171875 0.05429687500000002
4 0.77001953125 0.6851562499999999 0.05917968749999991 0.05625000000000002
4 0.83525390625 0.71328125 0.06035156250000007 0.05859375
4 0.7037109374999999 0.6620117187500001 0.05898437499999998 0.05722656250000002
4 0.28798828125 0.98515625 0.011914062499999989 0.011328125000000022
4 0.30087890625 0.9861328125 0.011914062499999989 0.010937499999999933
4 0.28671875 0.99423828125 0.012500000000000011 0.007617187499999956
4 0.29853515625 0.9943359375 0.012304687500000022 0.007421875000000022
4 0.42744140625 0.99150390625 0.0146484375 0.013085937499999978
4 0.44248046875 0.99248046875 0.013476562500000011 0.011132812499999978
4 0.50634765625 0.99453125 0.0146484375 0.007031250000000044
4 0.3611328125 0.98515625 0.013671875 0.01171875
4 0.37568359375000004 0.98701171875 0.013476562500000011 0.012304687500000022
4 0.359375 0.9939453125 0.015625 0.008203124999999978
4 0.37412109375 0.99501953125 0.013476562500000011 0.006054687500000044
4 0.8158203125 0.8232421875 0.010937500000000044 0.011328124999999911
4 0.8263671875 0.8233398437499999 0.01171875 0.011132812499999978
