2 0.3063420581210191 0.033588773885350316 0.027575968683651753 0.06634819532908705
2 0.27223493895966033 0.20526472929936307 0.028612659235668747 0.06178675690021232
2 0.06707387871549894 0.14409998673036095 0.018038415605095538 0.04063826963906583
2 0.20464271496815287 0.13580646231422505 0.02239251592356689 0.04478503184713377
2 0.19914825504246286 0.2297306263269639 0.022599854033970274 0.045199708067940575
2 0.1119625796178344 0.23470674097664543 0.021563163481953293 0.04188229830148621
2 0.13611746947983017 0.32469148089171973 0.02177050159235669 0.04810244161358812
2 0.257202925955414 0.3388941414543524 0.02135582537154987 0.06033539012738853
2 0.05235287287685775 0.329771264596603 0.02716129246284501 0.03545481687898089
2 0.01494140625 0.0439453125 0.0162109375 0.034375
2 0.066015625 0.43056640625 0.02304687500000001 0.04316406249999999
2 0.17978515625 0.42412109374999996 0.02753906249999999 0.06269531249999999
2 0.11083984375 0.52900390625 0.03144531249999999 0.0498046875
2 0.06484375 0.523828125 0.026562500000000003 0.030078124999999956
2 0.05810546875 0.5931640625 0.039257812499999996 0.033984374999999956
2 0.24335937500000002 0.57451171875 0.01835937500000001 0.04316406249999993
2 0.27333984375 0.5017578125 0.02324218750000001 0.050781249999999944
2 0.4048828125 0.33828125 0.01874999999999999 0.068359375
2 0.7702763728323698 0.8586750361271676 0.028675939306358367 0.033417630057803516
2 0.03466796875 0.70859375 0.0431640625 0.020312499999999956
