2 0.56123046875 0.05556640625 0.04355468750000002 0.07753906249999999
2 0.6400390625 0.15966796875 0.043749999999999956 0.0400390625
2 0.6345703125 0.17001953125000002 0.03984375000000007 0.037695312499999994
2 0.26220703125 0.0646484375 0.03300781249999998 0.044140624999999996
2 0.46064453125 0.37939453125 0.0341796875 0.04238281249999998
2 0.7240234375 0.2009765625 0.044921875 0.036718749999999994
2 0.7286132812499999 0.1869140625 0.04355468750000002 0.03789062500000001
2 0.8060546875 0.20556640625 0.042187500000000044 0.03847656249999998
2 0.6822265625 0.27685546875 0.039843749999999956 0.04238281249999998
2 0.7609375 0.37285156249999996 0.03945312499999998 0.04375000000000001
2 0.748828125 0.37998046875 0.0390625 0.04238281250000003
2 0.8576171875 0.42470703125 0.056640625 0.06191406250000003
2 0.8927734375 0.52255859375 0.041015625 0.031054687499999956
2 0.96142578125 0.5743164062499999 0.04355468749999991 0.04160156250000002
2 0.95107421875 0.6759765625 0.037304687500000044 0.03945312499999998
