2 0.35625 0.64111328125 0.060546875 0.056835937500000044
2 0.1248046875 0.3822265625 0.06914062499999998 0.06132812500000001
4 0.169140625 0.30478515625 0.021484375 0.020898437500000033
4 0.18408203125 0.31650390625 0.020117187500000022 0.0205078125
4 0.15859374999999998 0.3189453125 0.021093749999999994 0.02031250000000001
4 0.1724609375 0.33134765625 0.02031250000000001 0.020117187500000022
4 0.1607421875 0.34589843750000004 0.021484375 0.02070312499999999
4 0.14375 0.3365234375 0.023046874999999994 0.023828125000000033
2 0.260546875 0.84814453125 0.05351562499999998 0.048632812499999956
2 0.09130859375 0.6990234375 0.0630859375 0.05195312499999993
2 0.1875 0.91767578125 0.04609374999999999 0.04863281250000007
2 0.17568359375 0.9652343750000001 0.04707031249999999 0.05234375000000002
2 0.166796875 0.9744140625 0.045312500000000006 0.04726562499999998
2 0.4271484375 0.89853515625 0.04140625000000003 0.037304687500000044
2 0.40849609375 0.98232421875 0.03847656249999998 0.031445312500000044
