2 0.46005859375 0.11015625 0.03730468749999999 0.03203124999999998
2 0.45419921875 0.1162109375 0.03457031250000003 0.03359374999999999
2 0.36113281249999996 0.145703125 0.04414062499999999 0.03437500000000002
2 0.3646484375 0.22470703125000002 0.05820312499999997 0.044335937500000006
2 0.359375 0.24033203125000002 0.053906250000000044 0.04003906250000003
2 0.4748046875 0.31708984375 0.05195312499999993 0.04824218749999998
2 0.5755859375 0.13486328125 0.0546875 0.0458984375
2 0.5570312500000001 0.258203125 0.04140624999999998 0.038671874999999994
2 0.6056640625 0.36591796875000004 0.05507812499999998 0.04277343750000001
2 0.3271484375 0.02548828125 0.03554687499999998 0.0412109375
2 0.2689453125 0.08896484375 0.03437499999999999 0.0361328125
2 0.03291015625 0.09599609375 0.0326171875 0.0439453125
2 0.08056640625 0.38935546875 0.035742187499999994 0.0400390625
2 0.1703125 0.36162109374999996 0.04999999999999999 0.05683593749999999
2 0.6150390625 0.02685546875 0.026953125000000022 0.0486328125
2 0.79423828125 0.10537109375 0.05996093749999998 0.0548828125
2 0.7234375 0.2171875 0.04414062499999993 0.03398437500000001
2 0.7178710937499999 0.2259765625 0.04160156250000002 0.03398437500000001
2 0.71435546875 0.23349609375 0.040820312499999956 0.03300781250000001
2 0.8208984375 0.24912109375 0.033203125 0.04277343750000001
2 0.73408203125 0.33330078125 0.05019531249999998 0.03769531250000002
2 0.72587890625 0.34091796875 0.04433593749999998 0.0302734375
2 0.7141364454732511 0.48774541323731135 0.06403249314128945 0.0559949417009602
2 0.48225308641975306 0.5311481910150891 0.05090449245541845 0.07850008573388201
2 0.9361328125 0.36015625 0.060546875 0.056640625
2 0.89521484375 0.5693359375 0.05722656250000002 0.033203125
2 0.7498046875 0.9229492187499999 0.033203125 0.03652343749999998
