2 0.6982421875 0.034375 0.044921875 0.028125
2 0.5583984375 0.0140625 0.06601562500000002 0.028125
2 0.93564453125 0.34375 0.06816406249999996 0.03515625
4 0.47073259602194784 0.2483603395061728 0.04768947187928668 0.045546124828532236
4 0.5232445987654322 0.2704636059670782 0.04768947187928674 0.04634987997256515
4 0.5010073731138546 0.3243152006172839 0.0466177983539095 0.04581404320987653
4 0.4486293295610425 0.30060442386831276 0.048493227023319596 0.04715363511659809
4 0.42719585905349794 0.3547239368998628 0.04688571673525377 0.04822530864197533
4 0.47890410665294925 0.37709512174211246 0.04742155349794236 0.04956490054869683
4 0.5966542352537723 0.3002025462962963 0.04768947187928674 0.04581404320987653
4 0.6488983196159122 0.32243977194787377 0.048225308641975384 0.04634987997256518
4 0.6273308899176955 0.3758894890260631 0.04688571673525377 0.04393861454046638
4 0.5744170096021948 0.35392018175582995 0.04608196159122091 0.04233110425240055
4 0.5521797839506173 0.40723593964334703 0.04501028806584362 0.04393861454046638
4 0.6056295010288066 0.4296071244855967 0.047421553497942415 0.04581404320987653
4 0.7081082818930041 0.36624442729766804 0.026791838134430757 0.027863511659807938
4 0.7544581618655692 0.38191765260631 0.040187757201646135 0.03991983882030181
4 0.7355699159807956 0.4278656550068587 0.04045567558299046 0.04018775720164608
4 0.6896219135802468 0.4083076131687243 0.03965192043895749 0.04018775720164608
4 0.6699299125514403 0.45546124828532236 0.04045567558299035 0.03965192043895749
4 0.7164137517146776 0.4752872085048011 0.040187757201646135 0.04018775720164608
4 0.8759591478052127 0.4182205932784636 0.023308899176954667 0.0230409807956104
4 0.9003397205075445 0.4282675325788752 0.023844735939643313 0.023844735939643313
4 0.8639028206447188 0.46966092249657065 0.04688571673525377 0.046617798353909445
4 0.8033532664609053 0.4440747170781893 0.04688571673525377 0.04581404320987659
4 0.7766953875171467 0.5078392918381345 0.048225308641975384 0.047957390260631005
4 0.8380486968449932 0.53181798696845 0.04768947187928674 0.045546124828532264
4 0.9488329475308641 0.44755765603566533 0.04259902263374482 0.04206318587105623
4 0.9859650955932784 0.46593819658779145 0.02416355881344312 0.04077985682441704
4 0.9737493569958848 0.5134655778463648 0.04152734910836753 0.04259902263374482
4 0.9294088648834019 0.4944433727709191 0.04179526748971196 0.039919838820301756
4 0.89892578125 0.53984375 0.02597656249999991 0.025781249999999978
4 0.92568359375 0.54853515625 0.021679687500000044 0.021289062500000067
4 0.9473632812499999 0.55849609375 0.022851562499999978 0.0224609375
4 0.96884765625 0.5689453124999999 0.021679687500000044 0.023046875000000022
4 0.8869140625 0.56953125 0.02734375 0.026562499999999933
4 0.38955016705974843 0.8555670204402515 0.023032134433962292 0.02395341981132082
4 0.40966489779874216 0.8635514937106918 0.023953419811320764 0.02395341981132082
4 0.3376953125 0.8591796875 0.013671875 0.013281250000000022
4 0.32392578125 0.85283203125 0.014257812500000022 0.013085937499999978
4 0.309765625 0.8470703125 0.013671875 0.013671875
4 0.072265625 0.243359375 0.01679687499999999 0.015625
4 0.04814453125 0.272265625 0.015820312499999996 0.016015624999999978
4 0.21611328125 0.862890625 0.014257812499999994 0.015625
4 0.25380859375 0.87861328125 0.04199218749999997 0.04042968749999998
4 0.23212890625 0.926953125 0.041601562499999994 0.04140624999999998
4 0.20322265625 0.89091796875 0.0146484375 0.014257812500000022
4 0.29990234375 0.9001953125 0.04238281250000003 0.04218749999999993
4 0.27900390625000004 0.94833984375 0.04121093749999999 0.0400390625
4 0.476171875 0.958984375 0.04062499999999997 0.040234375000000044
4 0.51904296875 0.97802734375 0.041210937500000044 0.039257812500000044
4 0.5619140625 0.9875 0.040234375000000044 0.021093750000000022
4 0.40595703125000004 0.94921875 0.04082031250000001 0.039843749999999956
4 0.36152343750000004 0.93173828125 0.04218749999999999 0.041210937500000044
4 0.3439453125 0.97392578125 0.04062500000000002 0.03964843750000002
4 0.3869140625 0.985546875 0.04257812500000002 0.025000000000000022
4 0.457421875 0.98984375 0.04218749999999999 0.016406249999999956
4 0.09111328125 0.37285156249999996 0.009179687500000006 0.008984374999999989
4 0.09931640625 0.36943359375 0.008398437499999994 0.0087890625
4 0.106640625 0.36552734374999996 0.009765625 0.009570312500000011
4 0.11484375 0.3607421875 0.010156249999999992 0.010156250000000033
4 0.1236328125 0.35771484374999996 0.011328125000000008 0.011523437500000011
4 0.13671875 0.35126953125000004 0.010546875000000011 0.009570312500000011
4 0.1466796875 0.3451171875 0.009765625 0.010937499999999989
4 0.1634765625 0.28173828125 0.012500000000000011 0.012304687500000022
4 0.15712890625 0.2701171875 0.013476562500000011 0.013281249999999967
4 0.054589843750000006 0.2302734375 0.010351562500000001 0.011328124999999994
4 0.048828125 0.2400390625 0.010156250000000006 0.010546874999999983
4 0.04326171875 0.251171875 0.009960937499999996 0.011328124999999994
4 0.053125 0.25634765625 0.010546874999999997 0.009570312499999956
