3 0.8287438118811881 0.08589329915134374 0.1348125884016973 0.12818246110325318
3 0.8826135961810466 0.20440682461103254 0.07293140028288536 0.07679897454031115
1 0.9623046875000001 0.008203125 0.030859375000000022 0.011328125
1 0.96337890625 0.016406249999999997 0.0322265625 0.012890625
1 0.96416015625 0.0248046875 0.03183593750000002 0.012890625
1 0.9654296875 0.03212890625 0.032031249999999956 0.011523437499999997
1 0.966796875 0.041113281249999994 0.033203125 0.010351562500000001
1 0.9678710937499999 0.048242187500000006 0.03183593750000002 0.011328125000000001
1 0.9685546875 0.05537109375 0.03164062499999998 0.0126953125
1 0.969140625 0.06552734375 0.032031249999999956 0.011914062500000003
