4 0.5619140625000001 0.0095703125 0.04062500000000002 0.01796875
4 0.5427734375 0.0412109375 0.04140624999999998 0.042187499999999996
4 0.49951171875 0.02216796875 0.042773437499999956 0.041210937499999996
4 0.45673828125 0.01181640625 0.04160156250000002 0.0216796875
4 0.384765625 0.07548828125 0.030859375000000022 0.031054687500000004
4 0.37138671874999996 0.10703125 0.03144531249999999 0.030468750000000003
4 0.231640625 0.01201171875 0.031640625000000006 0.0220703125
4 0.26220703125 0.02080078125 0.03144531250000002 0.031054687500000004
4 0.29306640625 0.03466796875 0.03105468750000001 0.0330078125
4 0.32373046875 0.048046875 0.031054687499999956 0.031640625000000006
4 0.35458984375 0.06181640625 0.029882812499999967 0.0322265625
4 0.34052734375 0.09267578125 0.0302734375 0.0322265625
4 0.3095703125 0.07988281250000001 0.030859375000000022 0.030468750000000003
4 0.2796875 0.06552734375 0.03007812500000001 0.030273437499999993
4 0.2486328125 0.051562500000000004 0.030859374999999967 0.030468750000000003
4 0.21816406249999998 0.037890625 0.030859374999999994 0.0296875
4 0.44443359375 0.1125 0.05058593750000001 0.05000000000000002
4 0.49453125000000003 0.1345703125 0.05039062500000002 0.048828125000000014
4 0.47421875 0.18017578125 0.04999999999999999 0.0498046875
4 0.455078125 0.22626953125000002 0.049609374999999956 0.04863281250000001
4 0.4248046875 0.15810546874999998 0.050000000000000044 0.048242187500000006
4 0.4056640625 0.20400390625 0.04999999999999999 0.04863281250000001
4 0.6351562500000001 0.03154296875 0.04726562499999998 0.0470703125
4 0.6853515625 0.0537109375 0.04843750000000002 0.049609375000000004
4 0.66318359375 0.1033203125 0.0478515625 0.04960937499999998
4 0.6141601562500001 0.0806640625 0.04746093750000002 0.04687499999999999
4 0.5556640625 0.15849609375 0.02382812500000009 0.025585937500000017
4 0.5845703124999999 0.17050781250000002 0.030859375000000022 0.031640625000000006
4 0.6166015625000001 0.18466796875000002 0.030859375000000022 0.031835937499999994
4 0.6024414062500001 0.21630859375 0.029882812500000022 0.03105468750000001
4 0.5708984374999999 0.20175781250000002 0.03164062499999998 0.030859374999999994
4 0.54208984375 0.1896484375 0.0244140625 0.024609375000000017
4 0.52021484375 0.24501953125 0.023242187500000067 0.024804687500000033
4 0.54296875 0.25439453125 0.02382812500000009 0.025195312499999983
4 0.56513671875 0.26533203125 0.023632812499999933 0.025976562500000022
4 0.58896484375 0.275 0.023242187499999956 0.025781250000000033
4 0.5763671875 0.303515625 0.024218750000000067 0.0234375
4 0.553515625 0.29384765625 0.023046875000000022 0.02363281249999999
4 0.53115234375 0.28330078125 0.023632812500000044 0.02558593749999999
4 0.508984375 0.27314453125 0.023437500000000056 0.0244140625
4 0.79775390625 0.02333984375 0.019726562500000044 0.0185546875
4 0.79052734375 0.0396484375 0.0205078125 0.020703125000000003
4 0.78408203125 0.071875 0.017382812499999956 0.01796874999999999
4 0.79951171875 0.07929687499999999 0.018164062500000022 0.018359374999999997
4 0.81669921875 0.08720703125000001 0.016210937500000022 0.019335937499999997
4 0.83310546875 0.09375 0.017382812499999956 0.017578125
4 0.85009765625 0.10146484375 0.015039062500000089 0.01699218749999999
4 0.8435546875 0.117578125 0.016015624999999978 0.01796874999999999
4 0.8252929687499999 0.1107421875 0.018945312499999978 0.017578125
4 0.81044921875 0.10361328125 0.017382812499999956 0.019726562500000003
4 0.7947265625 0.09541015625 0.017187500000000022 0.020117187499999994
4 0.7767578125 0.08779296875 0.016796875000000044 0.0185546875
4 0.82685546875 0.15029296875 0.019335937500000067 0.0205078125
4 0.80810546875 0.14169921875 0.01894531250000009 0.0205078125
4 0.7904296875 0.13388671875 0.018750000000000044 0.02011718750000001
4 0.77060546875 0.12490234375 0.019726562500000044 0.02089843749999999
4 0.76357421875 0.14453125 0.019335937499999956 0.021874999999999978
4 0.7818359375 0.15234375 0.018750000000000044 0.02070312499999999
4 0.79970703125 0.16044921875 0.019726562500000044 0.021679687500000017
4 0.81806640625 0.168359375 0.020117187500000022 0.02031250000000001
4 0.7521484375 0.18212890625 0.024609374999999933 0.02519531250000001
4 0.77626953125 0.19326171874999998 0.023242187499999956 0.025976562499999994
4 0.8005859375 0.2048828125 0.024609374999999933 0.025390625
4 0.78974609375 0.2275390625 0.023242187500000067 0.02421875000000001
4 0.766796875 0.21787109375000002 0.022656249999999933 0.024804687500000006
4 0.74296875 0.2072265625 0.021874999999999978 0.024609375000000017
4 0.71669921875 0.25068359375000004 0.040820312499999956 0.03886718750000001
4 0.7583984375 0.269921875 0.040234375000000044 0.04023437499999999
4 0.7392578125 0.3125 0.039843749999999956 0.040234375000000044
4 0.6973632812499999 0.29462890625000004 0.04042968749999998 0.04121093749999999
4 0.6783203124999999 0.33681640625 0.04062500000000002 0.03847656250000003
4 0.71875 0.34931640625 0.030078124999999956 0.0302734375
4 0.83642578125 0.3828125 0.04355468749999991 0.04531249999999998
4 0.86142578125 0.33583984375 0.0439453125 0.04355468749999997
4 0.96142578125 0.24287109375 0.0458984375 0.04238281249999998
4 0.90791015625 0.24140625 0.04472656250000007 0.04414062500000002
4 0.88466796875 0.288671875 0.0439453125 0.04375000000000001
4 0.93681640625 0.28857421875 0.04628906249999998 0.04355468750000002
4 0.9138671875 0.33505859375 0.04570312500000007 0.04316406249999999
4 0.89052734375 0.38193359375 0.046679687499999956 0.04433593750000003
4 0.04716796875 0.2908203125 0.013867187499999996 0.014062499999999978
4 0.03388671875 0.2875 0.0134765625 0.014453125000000011
4 0.028417968749999998 0.34462890625 0.011132812499999999 0.011523437500000011
4 0.01669921875 0.34130859375 0.0099609375 0.0107421875
4 0.00556640625 0.33828125 0.009960937500000001 0.009765625
4 0.023632812500000003 0.365234375 0.014453125 0.014453124999999956
4 0.01025390625 0.3609375 0.013476562499999999 0.014453125000000011
4 0.9306640625 0.56826171875 0.018750000000000044 0.0185546875
4 0.9328125 0.5486328125 0.017968749999999978 0.01953125
4 0.93515625 0.52978515625 0.018750000000000044 0.0185546875
4 0.93740234375 0.51044921875 0.019335937499999956 0.019335937500000067
4 0.94248046875 0.49345703124999996 0.013867187500000044 0.013867187499999989
4 0.927734375 0.49228515625 0.012109375000000089 0.013867187499999989
4 0.9166015625 0.50419921875 0.016796875000000044 0.017382812500000067
4 0.9144531250000001 0.5197265625 0.017187500000000022 0.016406250000000067
4 0.91337890625 0.53564453125 0.015429687500000067 0.015429687499999956
4 0.9123046875 0.5509765625 0.014843749999999933 0.016406250000000067
4 0.9103515625 0.5666015625 0.015625 0.017578125
4 0.86806640625 0.5607421875 0.0126953125 0.012500000000000067
4 0.869921875 0.5453125000000001 0.012890624999999933 0.012109374999999978
4 0.8711914062499999 0.53125 0.012304687500000022 0.013281249999999911
4 0.873046875 0.515625 0.014062500000000089 0.012499999999999956
4 0.8748046875 0.50048828125 0.015234375000000022 0.014257812499999967
4 0.8763671875 0.48681640625 0.012890625000000044 0.012304687500000022
4 0.8622070312500001 0.48564453125 0.012304687500000022 0.0126953125
4 0.8603515625 0.49892578125000003 0.013671875 0.014257812500000022
4 0.85888671875 0.5142578124999999 0.013867187500000044 0.014062499999999978
4 0.85673828125 0.5291015625 0.0146484375 0.015234375000000022
4 0.8563476562500001 0.5435546875 0.014257812500000022 0.012499999999999956
4 0.8544921875 0.5583984375 0.013281249999999911 0.013671875
4 0.80078125 0.4857421875 0.010937500000000044 0.010937499999999989
4 0.79873046875 0.49853515625 0.0126953125 0.011914062500000044
4 0.7972656250000001 0.50947265625 0.013281250000000022 0.0107421875
4 0.79521484375 0.5212890625 0.011523437500000067 0.011328125000000022
4 0.7951171875 0.53310546875 0.014062499999999978 0.011523437499999956
4 0.7931640625 0.5435546875 0.012500000000000067 0.01171875
4 0.7918945312500001 0.5545898437500001 0.011132812499999978 0.010351562500000022
4 0.78046875 0.5523437499999999 0.010937499999999933 0.009375000000000022
4 0.78125 0.54267578125 0.01171875 0.011914062499999933
4 0.782421875 0.5316406250000001 0.011328125000000022 0.011328125000000022
4 0.78369140625 0.5204101562500001 0.0126953125 0.013085937499999978
4 0.7853515625 0.5083984374999999 0.01171875 0.011328125000000022
4 0.786328125 0.49697265625 0.011328125000000022 0.011914062499999989
4 0.78798828125 0.4849609375 0.011523437499999956 0.010937499999999989
4 0.993359375 0.57666015625 0.009375000000000022 0.0146484375
4 0.753125 0.47353515625 0.0078125 0.009570312500000011
4 0.742578125 0.471875 0.008593749999999956 0.009765625
4 0.941015625 0.16337890625 0.043749999999999956 0.04277343749999998
4 0.987890625 0.16435546875 0.020312499999999956 0.042382812500000006
4 0.96416015625 0.1169921875 0.04355468750000002 0.043359375000000006
4 0.984765625 0.071484375 0.026562500000000044 0.04453125
