4 0.8490234375000001 0.3173828125 0.017968749999999978 0.016406249999999956
4 0.78271484375 0.2267578125 0.04628906250000009 0.041406250000000006
4 0.7341796875 0.0576171875 0.029687499999999978 0.028125000000000004
4 0.77646484375 0.07177734375 0.021679687500000044 0.0205078125
4 0.7638671875 0.10273437499999999 0.021874999999999978 0.020312499999999997
4 0.7500976562499999 0.13349609375 0.022070312500000022 0.020507812499999986
4 0.737890625 0.16552734375 0.022656250000000044 0.0205078125
4 0.725 0.19667968749999998 0.020703125000000044 0.021093749999999994
4 0.7124999999999999 0.22724609375 0.019921874999999978 0.019726562500000017
4 0.7166992187500001 0.10146484375 0.027929687500000022 0.0283203125
4 0.80986328125 0.0794921875 0.020117187500000022 0.02109375000000001
4 0.79814453125 0.108984375 0.019335937500000067 0.01953125
4 0.7859375 0.13837890625 0.020703124999999933 0.020117187499999994
4 0.7735351562499999 0.1689453125 0.020117187500000022 0.019921874999999978
4 0.6984375 0.14609375000000002 0.02734375 0.027734375000000006
4 0.6805664062500001 0.189453125 0.024804687499999978 0.025000000000000022
