4 0.2265625 0.5591796875 0.027734374999999978 0.02734375
4 0.2630859375 0.5833984375 0.010937499999999989 0.010937500000000044
4 0.2587890625 0.59345703125 0.010546874999999956 0.009570312500000067
4 0.2111328125 0.59775390625 0.028124999999999983 0.029101562499999956
4 0.17431640625 0.58251953125 0.026757812499999978 0.027539062500000044
4 0.190234375 0.54375 0.028515625000000017 0.030078125000000067
4 0.03671875 0.48408203125 0.03203125 0.03339843749999993
4 0.008984375 0.46650390625 0.01796875 0.04160156250000002
4 0.01767578125 0.52998046875 0.0314453125 0.0302734375
4 0.07431640625 0.5201171874999999 0.017382812499999997 0.017968749999999978
4 0.09501953125000001 0.5279296875 0.017773437500000003 0.018750000000000044
4 0.1154296875 0.53740234375 0.017578125 0.017382812500000067
4 0.13662109375 0.5448242187500001 0.01777343749999999 0.016992187499999978
4 0.065234375 0.540625 0.017187499999999994 0.017578125
4 0.08623046875000001 0.548828125 0.017773437500000003 0.01796875000000009
4 0.1060546875 0.55810546875 0.01914062500000001 0.01816406249999991
4 0.12685546875 0.56708984375 0.01738281250000001 0.016992187499999978
4 0.5228427211934157 0.6645715449245542 0.08278677983539101 0.08814514746227708
4 0.5367744770233196 0.7836612654320987 0.08600180041152261 0.08841306584362141
2 0.5359375 0.20888671875 0.04218749999999993 0.02128906250000001
2 0.55849609375 0.09287109375 0.0400390625 0.03378906250000001
2 0.5658203125000001 0.02294921875 0.026953125000000022 0.030664062500000002
2 0.610546875 0.02900390625 0.03125 0.0494140625
2 0.74521484375 0.0744140625 0.021679687500000044 0.044921875
2 0.77421875 0.01357421875 0.016406250000000067 0.0271484375
2 0.8958696965628357 0.8813943340494091 0.01783196831364131 0.03923033029001077
2 0.975798872180451 0.9001703477443608 0.024964755639097724 0.05202738990332978
2 0.8017578125 0.8404296875 0.018750000000000044 0.037109375
2 0.7332899305555556 0.9374437371399178 0.018687307098765427 0.03878118569958844
2 0.7279670728980322 0.7087502795169947 0.042975737924865864 0.02620471824686943
