2 0.7944763078902229 0.14388132504288165 0.02981614493996565 0.11758951543739277
2 0.44140625 0.560546875 0.012109374999999978 0.02890624999999991
2 0.43125 0.5583984375 0.012500000000000011 0.033203125
2 0.43544921875 0.625390625 0.009960937499999989 0.039843749999999956
2 0.42587890625 0.6267578125 0.011132812500000033 0.04023437499999993
4 0.33544921875 0.21240234375 0.05917968750000002 0.05722656250000002
4 0.27001953125 0.18701171875 0.05917968750000002 0.05878906249999999
4 0.137890625 0.13505859375 0.05781250000000002 0.054101562500000006
4 0.20361328125 0.161328125 0.05722656250000002 0.056640625
4 0.047265625 0.069921875 0.04375 0.043359375
4 0.024023437499999998 0.1166015625 0.0453125 0.04375000000000001
4 0.01181640625 0.1638671875 0.0232421875 0.043359375000000006
4 0.00869140625 0.07109375 0.016992187500000002 0.04140625
4 0.2580078125 0.288671875 0.015625 0.016015625000000033
4 0.23867187499999998 0.2794921875 0.015234374999999994 0.014062499999999978
4 0.315234375 0.32373046875 0.011328125000000022 0.013085937499999978
4 0.32646484374999996 0.32412109375 0.011914062499999989 0.0126953125
4 0.14931640625 0.5115234375 0.0146484375 0.014843749999999933
4 0.16416015625000002 0.513671875 0.014257812499999994 0.01601562500000009
4 0.1611328125 0.5294921875 0.014453125000000011 0.014453125000000067
4 0.14707031250000002 0.52705078125 0.016015625000000006 0.015429687500000067
4 0.1453125 0.54208984375 0.014453124999999983 0.0146484375
4 0.159375 0.5435546875 0.014453124999999983 0.014843750000000044
4 0.0875 0.5096679687500001 0.01601562499999999 0.016210937500000022
4 0.0857421875 0.525390625 0.015625 0.016406249999999956
4 0.08251953125 0.54130859375 0.01582031249999999 0.015820312499999933
4 0.08115234375 0.55693359375 0.015820312500000003 0.015429687500000067
4 0.0796875 0.57294921875 0.01601562499999999 0.016992187499999978
4 0.078125 0.58720703125 0.015625 0.0146484375
4 0.1396484375 0.59697265625 0.015625 0.014257812500000022
4 0.154296875 0.5982421875 0.014453125000000011 0.014843750000000044
4 0.155078125 0.58525390625 0.014843750000000017 0.013476562500000067
4 0.15478515625 0.57099609375 0.016210937500000022 0.015820312499999933
4 0.15771484375 0.55732421875 0.015429687500000011 0.015429687500000067
4 0.14326171875 0.5556640625 0.0146484375 0.014062500000000089
4 0.14208984375 0.5693359375 0.0146484375 0.014843750000000044
4 0.141015625 0.5833984375000001 0.01640625000000001 0.013281250000000022
4 0.07138671875 0.50771484375 0.0166015625 0.017382812499999956
4 0.06982421875 0.52451171875 0.0166015625 0.015820312500000044
4 0.06708984375 0.54072265625 0.0166015625 0.0166015625
4 0.065625 0.5552734374999999 0.016796874999999996 0.015234375000000022
4 0.06367187499999999 0.57041015625 0.016406249999999997 0.015820312500000044
4 0.06240234375 0.586328125 0.015820312500000003 0.016406249999999956
4 0.02490234375 0.5109375 0.022851562500000002 0.021874999999999978
4 0.0068359375 0.49931640625 0.012890625 0.013476562500000067
4 0.00556640625 0.5138671875 0.0111328125 0.015234375000000022
4 0.00478515625 0.5287109375000001 0.0095703125 0.014062499999999978
4 0.021875 0.5355468750000001 0.02265625 0.021093750000000022
4 0.0197265625 0.5583984375 0.018750000000000003 0.017968749999999978
4 0.0171875 0.57783203125 0.021484375 0.017382812500000067
