4 0.79853515625 0.67998046875 0.015820312499999933 0.015429687500000067
4 0.78125 0.67548828125 0.016406249999999956 0.017382812500000067
4 0.763671875 0.6708984375 0.017578125 0.017578125
4 0.7453125 0.6646484375 0.019140625000000022 0.01953125
4 0.7267578125 0.660546875 0.019140625000000022 0.01953125
4 0.7078125 0.65556640625 0.019921874999999978 0.018164062500000022
4 0.70244140625 0.69951171875 0.021289062500000067 0.0205078125
4 0.724609375 0.70439453125 0.020703125000000044 0.0205078125
4 0.7453125 0.70966796875 0.021093750000000022 0.0224609375
4 0.766015625 0.71552734375 0.020703125000000044 0.022070312500000022
4 0.78740234375 0.72119140625 0.0205078125 0.021679687500000044
4 0.8083984375 0.72646484375 0.021874999999999978 0.0224609375
4 0.80126953125 0.751171875 0.025195312499999956 0.024609374999999933
4 0.7751953125 0.74541015625 0.025781249999999978 0.024804687499999978
4 0.74951171875 0.73857421875 0.02402343749999991 0.024023437500000022
4 0.723828125 0.73173828125 0.025000000000000022 0.024023437500000022
4 0.69775390625 0.725 0.02402343749999991 0.024218749999999956
4 0.65869140625 0.76435546875 0.025195312499999956 0.025585937499999933
4 0.68486328125 0.7706054687499999 0.0244140625 0.024023437500000022
4 0.6826171875 0.81123046875 0.039843749999999956 0.0400390625
4 0.71025390625 0.77763671875 0.025195312500000067 0.0263671875
4 0.736328125 0.78447265625 0.024609375000000044 0.024023437500000022
4 0.761328125 0.7904296875 0.026171874999999956 0.026171874999999956
4 0.78740234375 0.796875 0.024804687499999978 0.024609375000000044
4 0.77236328125 0.8335937499999999 0.0400390625 0.04062500000000002
4 0.72724609375 0.822265625 0.04238281249999998 0.0390625
4 0.63828125 0.799609375 0.041015625 0.03945312499999998
4 0.66025390625 0.86806640625 0.031054687499999956 0.0302734375
4 0.6939453125 0.8763671875000001 0.030468750000000044 0.030859375000000022
4 0.72802734375 0.885546875 0.031054687499999956 0.03125
4 0.7619140625 0.89375 0.03242187499999993 0.03203125000000007
4 0.7529296875 0.92919921875 0.03281249999999991 0.029492187500000044
4 0.7193359375 0.9201171875 0.032031249999999956 0.03203125000000007
4 0.68515625 0.9109375 0.032031249999999956 0.030468749999999933
4 0.65146484375 0.9029296875 0.0322265625 0.032421875000000044
4 0.61787109375 0.89384765625 0.03144531249999993 0.03144531249999993
4 0.62646484375 0.86015625 0.031445312500000044 0.033203125
4 0.5928710937499999 0.85078125 0.03183593750000002 0.030468749999999933
4 0.5830078125 0.8857421875 0.03125 0.03085937499999991
4 0.8832031250000001 0.9087890625 0.03281250000000002 0.032031249999999956
4 0.823046875 0.56376953125 0.023046875000000022 0.0244140625
4 0.3041507633587786 0.26016817748091603 0.014412372773536908 0.015406329516539419
4 0.7660921596692112 0.533257792620865 0.01590330788804073 0.01789122137404575
4 0.748822161259542 0.5241879373409669 0.01764273218829515 0.018139710559796463
4 0.7398765505725191 0.5424518924936387 0.018636688931297773 0.019382156488549684
4 0.756649570610687 0.5518944815521629 0.01689726463104335 0.018885178117048373
4 0.7488221612595419 0.5689159907760815 0.015157840330788819 0.01615179707379133
4 0.7319248966284987 0.5592249125318066 0.014660861959287619 0.013666905216284997
4 0.7233520197201018 0.5783585798346056 0.01640028625954204 0.019630645674300284
4 0.7409947519083969 0.5861859891857506 0.01689726463104324 0.019382156488549684
4 0.8520694179389312 0.5796010257633588 0.02385496183206104 0.02410345101781164
4 0.8415086275445292 0.6019650524809159 0.02509740776081426 0.02360647264631044
4 0.830078125 0.6264412372773536 0.026091364503816772 0.026836832061068683
4 0.8121869036259541 0.5880496580788803 0.022612515903307928 0.02460042938931306
4 0.8007564010814249 0.6116561307251909 0.02410345101781175 0.02360647264631044
4 0.8518209287531806 0.6389899411577609 0.012921437659033086 0.01565481870229013
4 0.925373727735369 0.7607496421755725 0.044231075063613234 0.044479564249363834
4 0.9059915712468194 0.816411219783715 0.03429150763358779 0.0350369751908397
4 0.8967974713740459 0.8550512881679388 0.03280057251908397 0.03379452926208659
4 0.8740607108778626 0.9461225747455471 0.03155812659033075 0.03255208333333337
4 0.8427113152035624 0.9886713780216285 0.0255148695928753 0.018750993956743067
4 0.874612356870229 0.9921502266221374 0.02421278625954204 0.011793296755725269
4 0.9100916428117047 0.9554409192111959 0.03255208333333337 0.03379452926208648
4 0.9197827210559797 0.9186645197201018 0.03304906170483457 0.03280057251908397
4 0.9467437977099236 0.9645107744910941 0.03230359414758277 0.03354604007633588
4 0.9823349037849873 0.9728550413486006 0.03142394243002544 0.030852417302798973
4 0.9866834645356234 0.9362674936386768 0.022726820928753222 0.03371501272264632
4 0.9553166746183206 0.9276101304071247 0.03304906170483457 0.03429150763358779
4 0.9418982585877862 0.826226542620865 0.03255208333333337 0.03329755089058517
4 0.9787989026717556 0.835544887086514 0.03180661577608135 0.03354604007633588
4 0.9698532919847327 0.87306675413486 0.03280057251908397 0.03304906170483468
4 0.9332011370865139 0.8632514312977099 0.03255208333333337 0.03329755089058528
4 0.975998429548346 0.7730523417620865 0.04409689090330793 0.04373906647582704
4 0.9845141539440203 0.7290672709923665 0.026836832061068794 0.026339853689567483
4 0.9559378975826971 0.7219853291984732 0.026836832061068683 0.027582299618320594
4 0.9266161736641221 0.7141579198473282 0.026836832061068683 0.026836832061068683
4 0.9559378975826972 0.5897890823791347 0.019879134860050884 0.020624602417302795
4 0.9766867445928753 0.59575282283715 0.020127624045801484 0.020624602417302795
4 0.9691078244274809 0.6245775683842238 0.020873091603053506 0.022115537531806617
4 0.9632683285623409 0.6473143288804071 0.021618559160305306 0.022364026717557217
4 0.95506818543257 0.6778784987277353 0.020624602417302795 0.022364026717557217
4 0.9345678276081424 0.67191475826972 0.020376113231552195 0.022364026717557217
4 0.9422709923664121 0.6408536100508906 0.021867048346056017 0.02335798346055984
4 0.9473650206743003 0.6186138279262086 0.021121580788803995 0.02360647264631044
