4 0.7045483299595141 0.42245223937246956 0.05614245951416996 0.06998038967611336
2 0.14199958240534521 0.4506281319599109 0.040454482182628065 0.11222856347438759
2 0.1713617065701559 0.5667716453229399 0.0313195991091314 0.08264894209354123
2 0.3443244485294118 0.9539866727941176 0.05353860294117646 0.08812040441176472
4 0.6338047853309481 0.46906445661896246 0.055204606440071635 0.07022864490161007
4 0.5751062164579606 0.27899290026833634 0.018168604651162767 0.02410834078711982
4 0.5951965004472273 0.2660652392665474 0.019216793381037545 0.02620471824686943
4 0.6072506708407871 0.28650491949910556 0.016771019677996435 0.026554114490160985
4 0.6198289355992845 0.30519761851520577 0.018168604651162767 0.026903510733452596
4 0.5875097830948122 0.29978197674418605 0.018518000894454323 0.025156529516994652
4 0.6006121422182469 0.31829997763864043 0.01886739713774599 0.025156529516994652
4 0.6131904069767442 0.3387396578711986 0.01886739713774599 0.02620471824686943
4 0.633105992844365 0.32668548747763865 0.018168604651162767 0.02865049194991054
4 0.5754556127012522 0.36494437611806796 0.016771019677996435 0.026204718246869374
4 0.5586845930232558 0.37560096153846156 0.016072227191413213 0.02445773703041143
4 0.5253172517889088 0.3244144118962433 0.013626453488372103 0.02201196332737032
4 0.5427870639534884 0.31288433586762077 0.015024038461538436 0.02201196332737032
4 0.5534436493738819 0.3298300536672629 0.016771019677996435 0.023758944543828264
4 0.5644496310375671 0.3474745639534884 0.01712041592128799 0.02410834078711982
4 0.5475039132379249 0.35830584749552774 0.016072227191413213 0.024108340787119875
4 0.5364979315742398 0.3408360353309481 0.01712041592128799 0.022710755813953487
4 0.4890625 0.34355468749999996 0.012109374999999978 0.01640625000000001
4 0.4958984375 0.3552734375 0.012109374999999978 0.016015624999999978
4 0.50517578125 0.3693359375 0.015429687500000067 0.019921874999999978
4 0.5140625 0.3841796875 0.014843750000000044 0.019921875000000033
4 0.5236328125 0.40009765625000004 0.014843749999999933 0.02167968749999999
4 0.47343749999999996 0.3548828125 0.012500000000000011 0.016015625000000033
4 0.4806640625 0.36513671875 0.013281250000000022 0.01777343749999999
4 0.48974609375 0.37861328125000004 0.015429687499999956 0.02128906250000001
4 0.499609375 0.39501953125 0.016796875000000044 0.0224609375
4 0.50927734375 0.41083984375 0.017773437500000044 0.0244140625
4 0.44140625 0.3763671875 0.013671875 0.02070312499999999
4 0.449609375 0.3896484375 0.012890624999999989 0.020312499999999956
4 0.45869140625 0.4041015625 0.014257812500000022 0.021093750000000022
4 0.467578125 0.4177734375 0.013671875 0.019140625000000022
4 0.4755859375 0.4306640625 0.013281250000000022 0.018750000000000044
4 0.4623046875 0.439453125 0.012890624999999989 0.018359374999999956
4 0.45419921875 0.4265625 0.013476562500000011 0.021093750000000022
4 0.4453125 0.41259765625 0.014453124999999956 0.021289062499999956
4 0.4361328125 0.3986328125 0.012109375000000033 0.01953125
4 0.4279296875 0.38496093750000004 0.013281250000000022 0.02070312499999999
4 0.39521484375 0.4072265625 0.016992187499999978 0.021484375
4 0.40546875 0.4236328125 0.016015624999999978 0.021874999999999978
4 0.415234375 0.43964843750000004 0.016015624999999978 0.02070312499999999
4 0.42558593749999996 0.45625000000000004 0.014843749999999989 0.02265624999999999
4 0.41005859375 0.46699218750000004 0.014257812499999967 0.02265624999999999
4 0.37919921874999996 0.41816406250000004 0.01582031249999999 0.02070312499999999
4 0.38896484375 0.43427734375000004 0.016210937500000022 0.02167968749999999
4 0.3994140625 0.4501953125 0.016406249999999956 0.022265624999999956
4 0.29736328125 0.4755859375 0.020898437499999978 0.028124999999999956
4 0.313671875 0.50009765625 0.021093750000000022 0.02910156250000001
4 0.32626953125 0.51806640625 0.02128906250000001 0.021679687500000044
4 0.3056640625 0.5345703125 0.021484375 0.02734375
4 0.2923828125 0.512890625 0.02226562500000001 0.02812500000000001
4 0.34443359375 0.4375 0.012304687500000022 0.018359374999999956
4 0.3529296875 0.45244140625 0.014453125000000011 0.018945312499999978
4 0.3609375 0.46640625 0.012890624999999989 0.019140624999999967
4 0.37021484375 0.47968750000000004 0.014257812499999967 0.01835937500000001
4 0.379296875 0.49423828125 0.015234374999999967 0.021679687500000044
4 0.33046875 0.44677734375 0.014453125000000011 0.0185546875
4 0.3392578125 0.45878906249999996 0.014843749999999989 0.01874999999999999
4 0.34746093749999996 0.47353515625 0.014453125000000011 0.020898437500000033
4 0.35771484375 0.48740234375 0.014257812500000022 0.020898437500000033
4 0.365234375 0.50126953125 0.017968749999999978 0.022851562499999978
4 0.46669921875 0.51123046875 0.018945312500000033 0.019335937499999956
4 0.4390625 0.528515625 0.017968750000000033 0.019921874999999978
4 0.4568359375 0.55576171875 0.019140625000000022 0.0205078125
4 0.48369140625 0.53818359375 0.0185546875 0.019726562500000044
4 0.50146484375 0.56591796875 0.018945312500000033 0.0205078125
4 0.5177734375 0.59267578125 0.018749999999999933 0.0205078125
4 0.47431640625 0.58271484375 0.0185546875 0.020117187500000022
4 0.49150390625 0.6103515625 0.018945312499999978 0.01953125
4 0.40029296875 0.60400390625 0.04550781249999997 0.0537109375
4 0.3349609375 0.6796875 0.025000000000000022 0.02890624999999991
4 0.34951171875 0.7029296875 0.02558593749999999 0.029687499999999978
4 0.43427734375000004 0.74482421875 0.04316406249999999 0.05644531250000007
4 0.49013671875000003 0.7093750000000001 0.04355468750000002 0.05625000000000002
4 0.79462890625 0.48496093749999997 0.029101562500000067 0.03554687499999998
4 0.7564453125 0.50947265625 0.037890624999999956 0.04511718749999993
4 0.81904296875 0.523828125 0.027539062499999933 0.037109375
4 0.78759765625 0.5438476562500001 0.029101562499999956 0.03574218750000002
4 0.755859375 0.56357421875 0.02890624999999991 0.035351562500000044
4 0.7251953125 0.58427734375 0.029296875 0.03691406250000007
4 0.7146484375 0.5362304687499999 0.037109375 0.04550781250000002
4 0.67265625 0.5634765625 0.03789062500000007 0.045703124999999956
4 0.693359375 0.6044921875 0.029296875 0.03554687500000009
4 0.6650390625 0.6224609375 0.020703125000000044 0.028124999999999956
4 0.7015625 0.7227539062499999 0.046875 0.05722656250000002
4 0.7236328125 0.783984375 0.04726562500000009 0.05820312500000002
4 0.7765625 0.749609375 0.04726562499999998 0.057812500000000044
4 0.75478515625 0.6880859375 0.046679687499999956 0.057812500000000044
4 0.8076171875 0.65390625 0.046875 0.057812500000000044
4 0.7033203125 0.0384765625 0.016796874999999933 0.024609375
4 0.6859375 0.048828125 0.018359374999999956 0.026562500000000003
4 0.8299804687500001 0.7152343750000001 0.04550781250000002 0.05625000000000002
4 0.86455078125 0.7884765625 0.03574218750000002 0.04296875
4 0.82568359375 0.8134765625 0.034960937499999956 0.04335937500000009
4 0.9033203125 0.7634765625 0.034375000000000044 0.04414062499999993
4 0.74775390625 0.8631835937500001 0.0341796875 0.04355468750000002
4 0.78701171875 0.83779296875 0.033398437500000044 0.043164062500000044
4 0.8233398437499999 0.9484375 0.016992187499999978 0.022656249999999933
4 0.8060546875000001 0.95888671875 0.016015624999999978 0.021679687500000044
4 0.7890625 0.96748046875 0.015625 0.020117187500000022
4 0.77431640625 0.97744140625 0.015429687499999956 0.0205078125
4 0.76123046875 0.9873046875 0.013867187500000044 0.018750000000000044
4 0.83623046875 0.96630859375 0.0166015625 0.02207031249999991
4 0.8194335937499999 0.97783203125 0.018164062500000022 0.023242187500000067
4 0.79921875 0.98740234375 0.018750000000000044 0.021289062499999956
4 0.778125 0.99365234375 0.017968749999999978 0.0087890625
4 0.6437800480769231 0.8490728021978022 0.024682348901098883 0.032194368131868156
4 0.616951407967033 0.8662431318681318 0.02554086538461542 0.03391140109890112
4 0.6608430631868132 0.8760087568681318 0.024467719780219777 0.03240899725274715
4 0.6668526785714286 0.9076665521978022 0.019316620879120894 0.026184752747252737
4 0.6808035714285714 0.9306318681318682 0.02017513736263743 0.027472527472527486
4 0.6592333447802199 0.9441535027472527 0.020389766483516536 0.027472527472527486
4 0.6458190247252747 0.9202223557692308 0.021033653846153744 0.021677541208791173
4 0.6345509958791209 0.8941449175824177 0.02554086538461542 0.03391140109890112
4 0.5731670673076923 0.8897450206043956 0.019960508241758212 0.026828640109890056
4 0.576171875 0.91796875 0.022106799450549497 0.02961881868131866
4 0.5521334134615384 0.9032666552197803 0.01953125 0.026828640109890167
4 0.552991929945055 0.9326708447802199 0.02253605769230771 0.03026270604395609
4 0.5994591346153846 0.9382512019230769 0.02661401098901106 0.03369677197802201
4 0.6167367788461539 0.9665822458791209 0.025111607142857206 0.035843063186813184
4 0.5718792925824177 0.9568166208791209 0.025540865384615308 0.03562843406593408
4 0.5893501030219781 0.9816170157967032 0.02442479395604391 0.03285971840659341
4 0.6988324175824177 0.9676553914835165 0.014165521978022011 0.019101991758241788
4 0.6873497596153846 0.9737723214285715 0.013521634615384692 0.019316620879120894
4 0.6997982486263736 0.9030520260989012 0.01652644230769229 0.024682348901098883
4 0.86826171875 0.57373046875 0.015820312500000044 0.017773437500000044
4 0.8578125 0.5572265625 0.016406249999999956 0.018359374999999956
4 0.97060546875 0.95732421875 0.025585937500000044 0.029882812500000022
4 0.9443359375 0.97216796875 0.025390625 0.0263671875
4 0.9275390625 0.9193359375 0.014843749999999933 0.016796875000000044
4 0.912890625 0.92890625 0.014453125000000067 0.016796874999999933
4 0.898046875 0.9403320312500001 0.014453124999999956 0.018945312499999978
4 0.88291015625 0.9498046875 0.013476562499999956 0.018750000000000044
4 0.91796875 0.9060546875 0.012890625000000044 0.016406250000000067
4 0.90205078125 0.9150390625 0.0146484375 0.01953125
4 0.88759765625 0.92431640625 0.0146484375 0.019726562500000044
4 0.87275390625 0.9337890625 0.015820312499999933 0.01953125
4 0.9021484375 0.8796875 0.012890624999999933 0.01953125
4 0.88798828125 0.88916015625 0.015039062499999978 0.02011718749999991
4 0.873828125 0.8962890625 0.014062499999999978 0.020312500000000067
4 0.859375 0.9041992187500001 0.014062500000000089 0.015039062499999978
4 0.892578125 0.864453125 0.014062500000000089 0.01953125
4 0.878125 0.873828125 0.015234375000000022 0.019140625000000022
4 0.863671875 0.882421875 0.014453124999999956 0.020312499999999956
4 0.8494140625 0.890625 0.013671875 0.018750000000000044
4 0.7044921875 0.134375 0.008984375000000044 0.013671875
4 0.6974609375 0.123828125 0.008593750000000067 0.014453124999999983
4 0.69111328125 0.11376953125 0.009960937499999933 0.013867187499999989
