2 0.6900954716193657 0.6071121139398998 0.060321890651085064 0.09129799666110183
2 0.7443851732053423 0.7015077212020033 0.04434474123539234 0.0655389190317196
2 0.7895450751252087 0.778132825542571 0.044018676961602665 0.06619104757929883
2 0.8358462020033389 0.8573664440734557 0.04206229131886485 0.06293040484140233
2 0.42687295305676853 0.12139510553129548 0.05941821324599711 0.10917030567685589
4 0.74150390625 0.0296875 0.012304687500000022 0.016406249999999997
4 0.728515625 0.0365234375 0.013671875 0.017578125
4 0.72265625 0.0197265625 0.015234374999999911 0.019921875
4 0.7090820312499999 0.02744140625 0.015039062499999978 0.0185546875
4 0.7154296874999999 0.04365234375 0.014062499999999978 0.0189453125
4 0.6943359375 0.03681640625 0.012890625000000044 0.0162109375
4 0.70244140625 0.0505859375 0.011132812499999978 0.016406250000000004
4 0.6792968749999999 0.04462890625 0.014062499999999978 0.0166015625
4 0.68935546875 0.05869140625 0.013867187500000044 0.017773437500000003
4 0.71015625 0.09833984375 0.014843749999999933 0.020117187499999994
4 0.72119140625 0.115234375 0.017382812499999956 0.02265624999999999
4 0.7040039062500001 0.1267578125 0.016210937500000022 0.023046874999999994
4 0.69462890625 0.10888671875 0.015039062499999978 0.020117187499999994
4 0.6778320312499999 0.11826171875 0.015039062499999978 0.0205078125
4 0.68681640625 0.13896484375 0.016210937500000022 0.0224609375
4 0.72587890625 0.17832031250000002 0.024023437500000022 0.024999999999999994
4 0.7010742187500001 0.19589843750000002 0.022851562499999978 0.025781250000000006
4 0.71640625 0.21962890624999998 0.021484375 0.025976562499999994
4 0.7412109375 0.2025390625 0.024218749999999956 0.02617187500000001
4 0.756640625 0.227734375 0.0234375 0.028124999999999983
4 0.73291015625 0.242578125 0.023242187499999956 0.02421875000000001
4 0.661328125 0.1271484375 0.016015624999999978 0.017968750000000006
4 0.6693359375 0.14921875 0.016406249999999956 0.021484375
4 0.64619140625 0.13984375 0.014257812500000022 0.01953125
4 0.6412109374999999 0.0888671875 0.015234375000000022 0.01679687499999999
4 0.63564453125 0.071875 0.011914062500000044 0.014453124999999997
4 0.62412109375 0.07988281250000001 0.0126953125 0.016406249999999997
4 0.61240234375 0.08662109374999999 0.011914062500000044 0.015429687499999997
4 0.623828125 0.10126953125 0.016796874999999933 0.0205078125
4 0.7977539062500001 0.04306640625 0.016210937500000022 0.0185546875
4 0.8095703125 0.060351562500000004 0.01718749999999991 0.020703125000000003
4 0.78203125 0.05361328125 0.016796874999999933 0.019726562500000003
4 0.79248046875 0.07041015625 0.0166015625 0.02011718750000001
4 0.7665039062500001 0.06474609375000001 0.016210937500000022 0.019726562500000003
4 0.77666015625 0.0814453125 0.015820312499999933 0.020312499999999997
4 0.76025390625 0.09169921875 0.0166015625 0.0205078125
4 0.7494140625000001 0.0744140625 0.016015624999999978 0.019140624999999994
4 0.77900390625 0.00712890625 0.0185546875 0.0142578125
4 0.84736328125 0.0103515625 0.013476562500000067 0.01875
4 0.8556640625 0.024511718749999998 0.013281250000000022 0.0189453125
4 0.8689453125 0.01669921875 0.014062499999999978 0.0189453125
4 0.84267578125 0.0326171875 0.011523437499999956 0.019921875000000002
4 0.8337890625 0.01826171875 0.012500000000000067 0.0181640625
4 0.822265625 0.10302734375 0.015234374999999911 0.01738281250000001
4 0.83134765625 0.1193359375 0.014257812500000022 0.019140624999999994
4 0.81875 0.12607421875 0.013671875 0.01816406250000001
4 0.8087890625 0.1115234375 0.012890624999999933 0.01953125
4 0.80537109375 0.135546875 0.0126953125 0.017578125
4 0.7921875 0.14384765625 0.013671875 0.019726562500000017
4 0.7951171875 0.11982421874999999 0.013671875 0.019335937499999997
4 0.782421875 0.12822265625 0.013281250000000022 0.020117187499999994
4 0.7689453125 0.13681640625 0.013671875 0.0185546875
4 0.77919921875 0.1517578125 0.013476562499999956 0.01874999999999999
4 0.76708984375 0.16103515625 0.013085937500000089 0.01972656249999999
4 0.75712890625 0.14560546875 0.012304687500000022 0.0166015625
4 0.8700195312500001 0.14111328125 0.013085937499999978 0.016992187499999978
4 0.87939453125 0.15703125 0.012304687499999911 0.016406249999999983
4 0.869140625 0.1638671875 0.012890625000000044 0.016406249999999983
4 0.8583007812500001 0.14833984375 0.013085937499999978 0.01738281250000001
4 0.845703125 0.15625 0.014453124999999956 0.01953125
4 0.83115234375 0.1650390625 0.015429687499999956 0.01874999999999999
4 0.8418945312499999 0.1814453125 0.014257812500000022 0.01953125
4 0.8552734375 0.17148437500000002 0.016015624999999978 0.019140624999999994
4 0.8169921875 0.173828125 0.016796875000000044 0.019140625000000022
4 0.82763671875 0.1896484375 0.015429687499999956 0.019921875000000006
4 0.8125 0.1955078125 0.016406249999999956 0.019140624999999994
4 0.8037109375 0.18115234375 0.015625 0.01972656249999999
4 0.788671875 0.19033203125 0.014843750000000044 0.01777343749999999
4 0.7986328125 0.20537109375 0.015234375000000022 0.019335937499999983
4 0.85927734375 0.26162109375 0.036914062499999956 0.04511718749999999
4 0.81708984375 0.28876953125000004 0.03847656249999998 0.04472656250000001
4 0.7755859375 0.316015625 0.03828124999999993 0.04570312500000001
4 0.7326779249237805 0.34398818597560976 0.03870522103658536 0.04495760289634143
4 0.669921875 0.21064453125 0.014062500000000089 0.016992187500000006
4 0.678125 0.2240234375 0.014843750000000044 0.01679687499999999
4 0.68603515625 0.23916015624999998 0.01621093749999991 0.020117187499999994
4 0.6962890625 0.254296875 0.016406249999999956 0.019921875000000033
4 0.7054687500000001 0.26806640625 0.016015624999999978 0.018945312499999978
4 0.68671875 0.27666015624999996 0.018749999999999933 0.01972656249999999
4 0.6778320312499999 0.25947265625 0.014257812500000022 0.016992187499999978
4 0.671875 0.24482421875 0.014453124999999956 0.0166015625
4 0.664453125 0.23203125 0.014843750000000044 0.01835937500000001
4 0.6558593749999999 0.21884765625 0.014062499999999978 0.0166015625
4 0.9224609375 0.2337890625 0.014453124999999956 0.02031250000000001
4 0.90908203125 0.24150390625 0.013867187500000044 0.020898437500000006
4 0.9201171875 0.31982421875 0.030468749999999933 0.035351562500000044
4 0.8880859375 0.34062499999999996 0.028515625000000044 0.03593750000000001
4 0.9087890625 0.3720703125 0.028515625000000044 0.03476562500000002
4 0.9404296875 0.3517578125 0.03125 0.03515625
4 0.960546875 0.3837890625 0.029296875 0.03515625
4 0.980859375 0.41640625 0.029296875 0.03515625
4 0.94951171875 0.43632812499999996 0.029492187499999933 0.03632812499999999
4 0.9291015625000001 0.4041015625 0.029687499999999978 0.037109375
4 0.96474609375 0.18056640624999998 0.017773437500000044 0.024023437499999994
4 0.98486328125 0.1677734375 0.019335937499999956 0.023828125000000006
4 0.99326171875 0.1884765625 0.009570312499999956 0.025390625
4 0.97822265625 0.20078125000000002 0.018945312499999978 0.021875000000000006
4 0.99033203125 0.2708984375 0.015429687499999956 0.03632812499999999
4 0.96533203125 0.29150390625 0.029101562499999956 0.03574218750000002
4 0.98466796875 0.3212890625 0.026757812499999978 0.033203125
4 0.86357421875 0.59892578125 0.03261718749999998 0.04277343750000007
4 0.9261718750000001 0.61005859375 0.03359374999999998 0.04238281249999998
4 0.88916015625 0.63564453125 0.033007812499999956 0.043164062500000044
4 0.90068359375 0.5726562500000001 0.03339843749999993 0.04335937499999998
4 0.93720703125 0.5466796875 0.03378906250000002 0.04296875
4 0.96328125 0.5845703124999999 0.034375000000000044 0.04335937499999998
4 0.94140625 0.6864257812500001 0.024609375000000044 0.03378906250000002
4 0.95947265625 0.71220703125 0.025195312499999956 0.03378906250000002
4 0.9328125 0.73466796875 0.028125000000000067 0.0361328125
4 0.91611328125 0.70390625 0.025195312499999956 0.03437499999999993
4 0.9791015624999999 0.65556640625 0.017187500000000022 0.019335937500000067
4 0.98916015625 0.6716796875 0.015429687499999956 0.020312500000000067
4 0.99287109375 0.64482421875 0.010351562500000022 0.022851562499999978
4 0.97802734375 0.50361328125 0.02480468750000009 0.03339843749999993
4 0.99072265625 0.52978515625 0.0146484375 0.0341796875
