4 0.3080078125 0.04140625 0.07109375000000001 0.08125
4 0.30263671875 0.201171875 0.06816406250000001 0.08867187500000001
4 0.139453125 0.24306640625 0.022265624999999983 0.022851562500000033
4 0.1669921875 0.24228515625000002 0.019140625000000022 0.022460937500000028
4 0.12470703125 0.20068359375 0.015820312500000017 0.016992187499999978
4 0.14765625 0.200390625 0.018750000000000017 0.019140624999999994
4 0.1716796875 0.1998046875 0.017968750000000006 0.01835937500000001
4 0.1974609375 0.20009765624999998 0.017578125 0.018945312500000006
4 0.22197265625 0.200390625 0.019335937499999983 0.019921875000000006
4 0.2220703125 0.1734375 0.017578125 0.01874999999999999
4 0.19687500000000002 0.17412109375 0.017968750000000006 0.019726562500000017
4 0.1724609375 0.1740234375 0.01953125 0.01953125
4 0.14853515625 0.17431640625 0.0166015625 0.01933593750000001
4 0.1244140625 0.17509765625 0.015625 0.017382812499999983
4 0.14755859375 0.1228515625 0.0166015625 0.021875000000000006
4 0.12939453125 0.11611328125 0.011523437500000011 0.015429687499999997
4 0.11806640625 0.1283203125 0.013085937499999992 0.013671875
4 0.105078125 0.12734375 0.011328125000000008 0.012500000000000011
4 0.11845703125 0.03642578125 0.029101562499999983 0.0353515625
4 0.14980468749999998 0.0361328125 0.027734375000000006 0.035546875000000006
4 0.10185546875000001 0.29228515624999996 0.013867187500000003 0.013867187499999989
4 0.1158203125 0.2921875 0.013671875 0.014062499999999978
4 0.13017578125 0.29306640625 0.013476562499999983 0.015429687500000011
4 0.01640625 0.3068359375 0.02890625 0.03671875000000002
4 0.0478515625 0.3552734375 0.016796875000000003 0.0234375
4 0.04794921875 0.37919921875 0.017382812499999997 0.024804687499999978
4 0.0095703125 0.35546875 0.0140625 0.026562500000000044
4 0.9810490045941807 0.8621566328483921 0.0131604134762634 0.01764691807044405
4 0.98119855474732 0.8799531010719754 0.015254115620214392 0.019142419601837712
4 0.9817967553598774 0.8976000191424196 0.015254115620214392 0.016749617151607943
4 0.98119855474732 0.914947836906585 0.015254115620214392 0.017946018376722828
4 0.9817967553598774 0.9339407063552833 0.015852316232771835 0.020637921133231263
4 0.6578124999999999 0.12041015625000001 0.010156249999999978 0.012695312500000014
4 0.65771484375 0.1345703125 0.009960937500000044 0.014062500000000006
4 0.648046875 0.1353515625 0.009765625 0.014843749999999989
4 0.6388671875 0.13544921875 0.009375000000000022 0.015429687499999983
4 0.630078125 0.1353515625 0.009375000000000022 0.014843749999999989
4 0.6205078125000001 0.13623046875 0.011328125000000022 0.01582031249999999
4 0.62080078125 0.11142578125 0.008007812499999933 0.009960937500000003
4 0.62890625 0.11123046875 0.009765625 0.009960937500000003
4 0.637109375 0.11123046875 0.009765625 0.010351562500000008
4 0.6458984375000001 0.11142578125 0.010156249999999978 0.009960937500000003
4 0.6462890625 0.12177734375 0.010156249999999978 0.011914062500000017
4 0.63740234375 0.12216796875 0.009570312500000067 0.009960937499999989
4 0.62841796875 0.121875 0.009179687500000089 0.010156250000000006
4 0.6205078125 0.12216796875 0.010546874999999956 0.0107421875
4 0.51787109375 0.119140625 0.0107421875 0.013671875
4 0.51767578125 0.1333984375 0.009960937500000044 0.015625
4 0.52763671875 0.13583984375 0.009179687499999978 0.01582031249999999
4 0.5372070312499999 0.13603515625 0.009179687499999978 0.015820312500000017
4 0.5467773437500001 0.13623046875 0.010351562500000022 0.016210937500000022
4 0.5560546875000001 0.1359375 0.009375000000000022 0.015234374999999994
4 0.56552734375 0.13603515625 0.0107421875 0.015039062500000006
4 0.5748046875 0.1359375 0.009765625 0.014843750000000017
4 0.57509765625 0.12255859375 0.0087890625 0.0126953125
4 0.5321289062500001 0.11181640625 0.008398437500000022 0.009179687500000006
4 0.53984375 0.11152343749999999 0.009765625 0.010937500000000003
4 0.54765625 0.1115234375 0.008984374999999933 0.009374999999999994
4 0.5552734374999999 0.1115234375 0.008203124999999978 0.0078125
4 0.5626953125 0.11064453125 0.008203124999999978 0.008398437499999994
4 0.5662109375 0.12119140625 0.009765625 0.0126953125
4 0.5564453125 0.121875 0.010156249999999978 0.011328124999999994
4 0.546875 0.12236328125000001 0.008984375000000044 0.010742187500000014
4 0.53798828125 0.1220703125 0.009960937500000044 0.011328125000000008
4 0.52802734375 0.12177734375 0.009570312500000067 0.011914062500000017
