4 0.21939125156641606 0.2662613565162908 0.011992872807017552 0.016643170426065168
4 0.06556430137844613 0.11757420895989978 0.01958020050125313 0.022761983082706785
4 0.07792430294486218 0.13690965695488724 0.01835643796992481 0.023251488095238082
4 0.057976973684210543 0.14951441102756896 0.01958020050125313 0.024964755639097752
4 0.04476033834586468 0.13017896303258147 0.02006970551378446 0.024964755639097766
4 0.024201127819548897 0.14217183583959903 0.020069705513784456 0.024964755639097724
4 0.038029644423558925 0.16297579887218047 0.01982495300751879 0.024475250626566414
4 0.016980928884711807 0.17447916666666669 0.019824953007518797 0.023985745614035076
4 0.0072055137844611655 0.1549797344924812 0.014411027568922331 0.024803218984962433
4 0.055896577380952404 0.22024788533834588 0.022272478070175447 0.027412280701754388
4 0.03423598057644113 0.23432115444862156 0.021538220551378443 0.02814653822055138
4 0.07021459899749376 0.24239798715538852 0.022027725563909778 0.02765703320802007
4 0.047697368421052655 0.2569607612781955 0.02006970551378446 0.02692277568922305
4 0.06226014254385967 0.2789884868421053 0.021782973057644116 0.027901785714285754
4 0.08428786810776945 0.26528234649122806 0.021293468045112784 0.028391290726817064
4 0.09848351347117795 0.28767720081453635 0.02178297305764411 0.028146538220551354
4 0.11365816885964913 0.30970492637844615 0.02178297305764411 0.026678023182957367
4 0.1260181704260652 0.33148789943609025 0.019580200501253156 0.023740993107769448
4 0.10460232612781957 0.34629542606516295 0.01933544799498746 0.024475250626566414
4 0.09089618577694238 0.32390057174185466 0.021293468045112784 0.028636043233082664
4 0.07657816416040103 0.3016280936716792 0.020559210526315777 0.026678023182957367
4 0.01747043389724313 0.30223997493734334 0.029615053258145358 0.035733865914786944
4 0.03827439692982459 0.3335682957393484 0.031083568295739345 0.03671287593984962
4 0.05834410244360905 0.3656308740601504 0.030104558270676686 0.03622337092731831
4 0.02652627662907271 0.38680196585213034 0.02961505325814536 0.036468123433583965
4 0.01061736372180454 0.35510651629072687 0.020314458020050125 0.035244360902255634
4 0.006334194862155414 0.2698102678571429 0.012237625313283207 0.03499960839598998
4 0.0879591557017544 0.19271322838345867 0.014440397869674187 0.016887922932330823
4 0.1039904448621554 0.18243362312030076 0.01615366541353383 0.01737742794486216
4 0.11524906015037595 0.20066768483709274 0.01811168546365914 0.02055921052631579
4 0.12516153665413537 0.2168213502506266 0.01737742794486216 0.020069705513784453
4 0.13580827067669177 0.2340764019423559 0.01713267543859648 0.021293468045112784
4 0.14694450971177947 0.2503524436090226 0.01737742794486216 0.02153822055137844
4 0.12993421052631582 0.2607544251253133 0.015664160401002505 0.02080396303258142
4 0.11940985275689225 0.24447838345864664 0.01713267543859652 0.02104871553884713
4 0.10888549498746869 0.22722333176691734 0.016643170426065168 0.020803963032581446
4 0.09970727600250628 0.210702537593985 0.015908912907268175 0.019580200501253142
4 0.15391995614035092 0.15147243107769426 0.018601190476190493 0.0210487155388471
4 0.16432193765664163 0.1687274827694236 0.016887922932330823 0.019824953007518797
4 0.17496867167919802 0.1843916431704261 0.018111685463659155 0.020803963032581446
4 0.18512590068922308 0.2011571898496241 0.01835643796992481 0.02055921052631579
4 0.19552788220551381 0.21816748903508776 0.018111685463659155 0.020803963032581446
4 0.1794965930451128 0.22881422305764415 0.0178669329573935 0.02055921052631579
4 0.1687274827694236 0.21204867637844615 0.016398417919799513 0.021293468045112784
4 0.15905975877192985 0.19516075344611533 0.01713267543859648 0.021293468045112757
4 0.1489025297619048 0.1794965930451128 0.0178669329573935 0.021293468045112784
4 0.1375215382205514 0.16211916510025065 0.016153665413533858 0.01933544799498746
4 0.21009065632832083 0.25169858239348375 0.01395089285714285 0.01933544799498746
4 0.19822015977443613 0.2589187813283208 0.011748120300751869 0.01713267543859648
4 0.20801026002506268 0.27397106046365916 0.013706140350877194 0.016887922932330823
4 0.195405505952381 0.28302690319548873 0.01395089285714285 0.01884594298245612
4 0.18573778195488727 0.2666284852756893 0.014685150375939843 0.018845942982456176
4 0.17093025532581457 0.27605145676691734 0.01395089285714285 0.01713267543859648
4 0.15918213502506268 0.2843730419799499 0.013461387844611511 0.017622180451127845
4 0.14694450971177947 0.2924498746867168 0.01248237781954889 0.018601190476190466
4 0.15648985745614039 0.30750215382205515 0.013461387844611539 0.0178669329573935
4 0.16787084899749377 0.2993029448621554 0.013706140350877194 0.016153665413533802
4 0.17998609805764415 0.2917156171679198 0.013461387844611511 0.016643170426065168
4 0.32353515624999996 0.41435546875 0.01582031249999999 0.0224609375
4 0.31259765625 0.42646484375000004 0.01777343749999999 0.02167968749999999
4 0.2287109375 0.31875 0.012890625000000017 0.019140624999999967
4 0.2392578125 0.33330078124999996 0.016015624999999978 0.02324218750000001
4 0.25029296874999996 0.3505859375 0.01582031249999999 0.0234375
4 0.26220703125 0.3673828125 0.016210937500000022 0.023046875000000022
4 0.2740234375 0.38388671875 0.014843749999999989 0.022851562500000033
4 0.2568359375 0.39609375 0.016015624999999978 0.023828125000000033
4 0.24501953125 0.37910156250000004 0.01582031249999999 0.02226562500000001
4 0.23359375 0.362109375 0.016406249999999983 0.021874999999999978
4 0.222265625 0.3462890625 0.017578125 0.023046874999999967
4 0.21152343750000002 0.33085937499999996 0.014062500000000006 0.01874999999999999
4 0.22578125 0.4173828125 0.016015625000000006 0.021484375
4 0.2083984375 0.4298828125 0.01640625000000001 0.021093750000000022
4 0.180078125 0.3533203125 0.013671875 0.017968749999999978
4 0.1908203125 0.36728515625 0.01640625000000001 0.02128906250000001
4 0.2017578125 0.383984375 0.01640625000000001 0.021874999999999978
4 0.21357421875 0.4005859375 0.016210937499999994 0.021874999999999978
4 0.19667968749999998 0.41328125000000004 0.015234374999999994 0.02226562500000001
4 0.185546875 0.3958984375 0.01679687499999999 0.02226562500000001
4 0.1740234375 0.38017578124999996 0.017968750000000006 0.02363281249999999
4 0.16337890625 0.36484375 0.013867187500000017 0.01640625000000001
4 0.13154296875 0.39169921875 0.016210937499999994 0.022070312499999967
4 0.14511718750000002 0.41103515625 0.019921875000000006 0.0263671875
4 0.15927734375000002 0.43076171875 0.020117187499999994 0.02714843750000001
4 0.17333984375 0.4525390625 0.018945312499999978 0.02617187500000001
4 0.11171875 0.40595703125000004 0.016796875000000003 0.02128906250000001
4 0.125390625 0.42529296875 0.02031250000000001 0.026757812499999978
4 0.13916015625 0.445703125 0.02167968749999999 0.02617187500000001
4 0.1537109375 0.46640625 0.02070312499999999 0.026953124999999967
4 0.17353515625 0.51484375 0.013867187500000017 0.017968749999999978
4 0.1837890625 0.528125 0.013671875 0.018359375000000067
4 0.19248046875 0.54091796875 0.013867187499999989 0.017773437500000044
4 0.20175781250000002 0.5541015625000001 0.013281249999999994 0.017187500000000022
4 0.21962890625 0.52109375 0.013867187499999989 0.016406249999999956
4 0.2337890625 0.5121093750000001 0.014453125000000011 0.017968749999999978
4 0.22431640625 0.49882812499999996 0.013867187500000017 0.019531249999999944
4 0.2150390625 0.48505859375000004 0.012890625000000017 0.01933593750000001
4 0.2013671875 0.49345703124999996 0.014062500000000006 0.018554687499999944
4 0.21025390625 0.5083984374999999 0.014257812499999994 0.017968749999999978
4 0.16005859374999998 0.5236328125 0.014257812499999994 0.018749999999999933
4 0.16904296875 0.53662109375 0.0146484375 0.017773437500000044
4 0.177734375 0.55244140625 0.015234375000000022 0.0185546875
4 0.18701171875 0.5648437500000001 0.0146484375 0.017968749999999978
4 0.27646484375 0.61220703125 0.013476562500000011 0.0146484375
4 0.290625 0.6009765625000001 0.01874999999999999 0.023046875000000022
4 0.3072265625 0.59072265625 0.01835937500000001 0.0244140625
4 0.31816406249999996 0.8892578125 0.02031250000000001 0.026562500000000044
4 0.325 0.85322265625 0.019921874999999978 0.026757812499999978
4 0.3388671875 0.8763671875000001 0.020312499999999956 0.027734374999999978
4 0.3044921875 0.86591796875 0.019140625000000022 0.026757812499999978
4 0.43427734375 0.82197265625 0.027929687500000022 0.03496093750000007
4 0.42167968749999996 0.79306640625 0.02031250000000001 0.027148437499999956
4 0.39736328125 0.81259765625 0.026757812500000033 0.033007812499999956
4 0.41132812500000004 0.8416015625 0.02031250000000001 0.026953125000000022
4 0.38994140624999996 0.854296875 0.02128906250000001 0.026562499999999933
4 0.369140625 0.8262695312499999 0.020703125000000044 0.028710937499999978
4 0.17705078125 0.9669921875 0.036523437500000006 0.04453125000000002
4 0.19277343749999998 0.9004882812499999 0.037500000000000006 0.04433593749999998
4 0.21767578125 0.94169921875 0.0361328125 0.04355468750000002
4 0.15263671875 0.9255859375 0.036523437500000006 0.04453125000000002
4 0.23251953125000002 0.87548828125 0.03613281250000003 0.0439453125
4 0.25771484375 0.9169921875 0.03691406250000001 0.04296875
4 0.33896484375 0.6353515624999999 0.012304687499999967 0.017968749999999978
4 0.34833984375000004 0.6514648437499999 0.011914062499999989 0.018164062500000022
4 0.32578125 0.6431640624999999 0.012890624999999989 0.017968749999999978
4 0.3130859375 0.65078125 0.012500000000000011 0.016406249999999956
4 0.32275390625 0.666796875 0.012304687500000022 0.017187500000000022
4 0.33544921875 0.6591796875 0.011914062500000044 0.016406249999999956
4 0.2994140625 0.65888671875 0.012500000000000011 0.017382812500000067
4 0.3099609375 0.67392578125 0.012500000000000011 0.017382812499999956
4 0.29638671875 0.682421875 0.013476562499999956 0.018359375000000067
4 0.28271484375 0.69140625 0.014257812500000022 0.01796875000000009
4 0.2861328125 0.6678710937500001 0.012109374999999978 0.016992187499999978
4 0.27236328125 0.67490234375 0.013867187499999989 0.017382812499999956
4 0.23798828125 0.69150390625 0.013476562499999983 0.017382812499999956
4 0.22412109375 0.7001953125 0.013867187499999989 0.020312499999999956
4 0.20937499999999998 0.7098632812500001 0.015234374999999994 0.020117187500000022
4 0.1953125 0.71923828125 0.012890624999999989 0.01894531250000009
4 0.18037109375 0.728515625 0.015039062500000006 0.018359374999999956
4 0.16572265625 0.73720703125 0.013867187500000017 0.019335937499999956
4 0.15078125 0.7440429687500001 0.014843749999999989 0.018164062500000022
4 0.19140625 0.74560546875 0.013671875 0.017382812499999956
4 0.1765625 0.7556640625 0.014453124999999983 0.017187500000000022
4 0.1609375 0.7625 0.014062500000000006 0.016015624999999978
4 0.205859375 0.73681640625 0.012109375000000006 0.017773437500000044
4 0.2205078125 0.72705078125 0.013281249999999994 0.019335937499999956
4 0.23505859375 0.71962890625 0.013476562499999983 0.017773437500000044
4 0.24892578125 0.70966796875 0.013476562500000011 0.017773437499999933
4 0.10371093749999999 0.7978515625 0.018750000000000003 0.024218749999999956
4 0.124609375 0.78525390625 0.01874999999999999 0.025195312499999956
4 0.1166015625 0.76728515625 0.014843750000000003 0.017773437499999933
4 0.28349609374999996 0.77060546875 0.015429687500000011 0.0185546875
4 0.27138671875 0.7494140625 0.01777343749999999 0.022265624999999956
4 0.25390625 0.760546875 0.017187500000000022 0.022265625000000067
4 0.26484375000000004 0.78095703125 0.014843749999999989 0.0185546875
4 0.23583984375 0.7716796875 0.01582031249999999 0.022265625000000067
4 0.24765625000000002 0.7911132812499999 0.014062500000000006 0.020117187500000022
4 0.23212890625 0.801953125 0.0146484375 0.01953125
4 0.2154296875 0.8107421875 0.01640625000000001 0.021093750000000022
4 0.198046875 0.822265625 0.016015625000000006 0.020312499999999956
4 0.20224609375000002 0.791796875 0.015039062500000006 0.021484375
4 0.2193359375 0.78134765625 0.015625 0.021679687500000044
4 0.1859375 0.80107421875 0.015625 0.0205078125
4 0.34873046875 0.7027343749999999 0.01972656249999999 0.023046875000000022
4 0.36923828125 0.6908203125 0.0185546875 0.0234375
4 0.38115234375 0.7103515625000001 0.014257812500000022 0.019140625000000022
4 0.3609375 0.72275390625 0.013671875 0.017382812499999956
4 0.34111328125 0.73486328125 0.014257812500000022 0.01894531250000009
4 0.32900390625 0.7150390625 0.0205078125 0.024609374999999933
4 0.30927734375000004 0.7271484375 0.01933593750000001 0.025390625
4 0.32099609375000004 0.74775390625 0.013867187499999989 0.016992187499999978
4 0.0732421875 0.43671875 0.024999999999999994 0.03359374999999998
4 0.09140625 0.4625 0.02578124999999999 0.03398437500000001
4 0.10927734375 0.48818359375000003 0.02597656250000001 0.03378906250000002
4 0.08359375 0.50556640625 0.025390625 0.03261718749999998
4 0.0654296875 0.48095703125 0.026171875000000004 0.033398437500000044
4 0.04814453125 0.45458984375 0.0244140625 0.033007812499999956
4 0.008984375 0.48583984375 0.017578125 0.033007812499999956
4 0.023046875 0.5111328125000001 0.023046874999999998 0.03281250000000002
4 0.040625 0.537109375 0.023046874999999998 0.03281249999999991
4 0.01416015625 0.5556640625 0.0244140625 0.032421875000000044
4 0.1328125 0.54296875 0.014453125000000011 0.01796875000000009
4 0.14248046874999998 0.5564453125 0.015039062500000006 0.018359375000000067
4 0.151171875 0.57001953125 0.015625 0.018945312499999978
4 0.16083984375 0.583203125 0.0146484375 0.017968749999999978
4 0.14697265625 0.5933593749999999 0.013867187499999989 0.017187500000000022
4 0.13701171875 0.579296875 0.014257812499999994 0.018749999999999933
4 0.127734375 0.565234375 0.014453124999999983 0.017578125
4 0.11884765625 0.55205078125 0.014257812499999994 0.018164062500000022
4 0.0921875 0.57822265625 0.016796875000000003 0.023632812500000044
4 0.1041015625 0.59453125 0.016796875000000003 0.022656249999999933
4 0.115625 0.6107421875000001 0.016796875000000003 0.021874999999999978
4 0.09921875 0.622265625 0.016796875000000003 0.0234375
4 0.08759765625 0.6060546875 0.016992187500000006 0.022265624999999956
4 0.07607421875 0.58955078125 0.01699218749999999 0.022070312500000022
4 0.04384765625 0.6125 0.0166015625 0.0234375
4 0.05517578125 0.628125 0.016992187500000006 0.022265625000000067
4 0.0076171875 0.66103515625 0.014453124999999999 0.019726562500000044
4 0.01865234375 0.67646484375 0.0169921875 0.0185546875
4 0.00556640625 0.68759765625 0.009960937500000001 0.017382812499999956
4 0.050390625 0.6573242187499999 0.016796875000000003 0.022070312500000022
4 0.06748046875 0.64560546875 0.016601562499999993 0.0224609375
4 0.038671875 0.63984375 0.018359375 0.023828124999999978
4 0.0283203125 0.62314453125 0.018359374999999997 0.0224609375
