4 0.6458782327586208 0.7644127155172413 0.04067887931034486 0.04768318965517249
4 0.697332974137931 0.7319504310344828 0.03960129310344829 0.049568965517241326
4 0.6697198275862069 0.6885775862068966 0.04040948275862066 0.04849137931034486
4 0.6411637931034483 0.6439924568965518 0.040409482758620774 0.04929956896551724
4 0.6186691810344828 0.7198275862068966 0.040140086206896575 0.047952586206896575
4 0.5903825431034483 0.6755118534482758 0.040140086206896575 0.04876077586206906
4 0.5630387931034483 0.630792025862069 0.040409482758620774 0.047683189655172376
4 0.6142241379310345 0.5994073275862069 0.0393318965517242 0.04903017241379304
4 0.6697198275862069 0.5530711206896552 0.009159482758620663 0.014008620689655138
4 0.6852101293103448 0.5431034482758621 0.011045258620689613 0.012392241379310387
4 0.6942349137931034 0.5755657327586207 0.0350215517241379 0.043911637931034475
4 0.7194234913793103 0.6140894396551724 0.03529094827586199 0.04337284482758619
4 0.7679148706896552 0.6922144396551724 0.03582974137931039 0.043911637931034475
4 0.7432650862068966 0.6535560344827587 0.03556034482758619 0.04364224137931039
4 0.5185546875 0.6817382812499999 0.014843750000000044 0.018945312499999978
4 0.530078125 0.70009765625 0.014843749999999933 0.0185546875
4 0.5380859375 0.7150390625 0.009765625 0.010937499999999933
4 0.5478515625 0.7265625 0.012499999999999956 0.016406249999999956
2 0.12356279481132074 0.35793779481132076 0.054171580188679236 0.08365271226415094
