2 0.6518689301378446 0.575750900689223 0.03451010338345861 0.058985354010025026
2 0.7281671119888476 0.11100865473977695 0.03775557620817849 0.05300302044609667
2 0.6913191217472119 0.04257667286245352 0.039570748141263934 0.05844853624535316
2 0.7764506854089219 0.10665224210037173 0.058085501858736066 0.035577369888475846
2 0.8294537058550187 0.0797876974907063 0.04283805762081783 0.03194702602230483
2 0.30453125000000003 0.6978125 0.024062500000000042 0.05062500000000003
2 0.3415625 0.78296875 0.023749999999999993 0.061562499999999964
2 0.34703125 0.87390625 0.022812500000000013 0.06468750000000001
2 0.38734375 0.87625 0.024062499999999987 0.04937499999999995
2 0.3903515625 0.9876171874999999 0.020078125000000002 0.020859375000000013
2 0.24109375 0.7918750000000001 0.02906249999999999 0.0675
