2 0.3897070716873706 0.016166860766045555 0.018803377329192572 0.03113677536231884
2 0.40648858048654246 0.14263473731884058 0.01961212474120083 0.07015883799171845
2 0.27991961050724634 0.19874158902691513 0.017185882505175998 0.056207945134575554
2 0.3331958462732919 0.2026842326604555 0.03275427018633542 0.05357951604554864
2 0.34674236542443065 0.3095399844720497 0.032754270186335366 0.06348667184265011
2 0.3221766627846791 0.39779454580745344 0.030125841097308537 0.051153273809523836
2 0.3117640398550725 0.3949639298654244 0.028306159420289856 0.051962021221532095
2 0.3034743788819876 0.39071800595238093 0.02709303830227744 0.04953577898550726
2 0.4616643532412965 0.3328237545018007 0.021102190876350513 0.05134866446578634
2 0.5298947704081634 0.38768945078031214 0.02204006602641051 0.050879726890756316
2 0.5592033688475391 0.2958949204681872 0.018757503001200493 0.06471338535414167
2 0.5487695078031213 0.30890793817527007 0.011957908163265252 0.03868734993997597
2 0.5889809048619448 0.4257906287515006 0.01735069027611047 0.06940276110444177
2 0.5208677220888356 0.47338779261704683 0.025557097839135623 0.05627250900360148
2 0.5866362169867947 0.5351703181272509 0.018757503001200493 0.06260316626650664
2 0.5201643157262905 0.6039869072629052 0.037280537214886 0.07315426170468187
2 0.4189910339135654 0.641267444477791 0.03939075630252098 0.046424819927971206
2 0.4113707983193277 0.6342333808523409 0.04009416266506605 0.04736269507803126
2 0.35468750000000004 0.51796875 0.03789062500000001 0.044921875
2 0.40625 0.417578125 0.028124999999999956 0.05234374999999997
2 0.41708984375 0.42001953125 0.03144531249999999 0.0517578125
2 0.4505635971121178 0.7735038575877689 0.020349660249150636 0.051316534541336334
2 0.44116293884484714 0.7705177661381652 0.021455620045300106 0.0533072621744054
2 0.42744903737259343 0.7791442525481314 0.022340387882219703 0.06569401189127977
2 0.5247734994337485 0.7568038646659117 0.01747416477916197 0.07763837768969417
2 0.5369390571913929 0.7600111480747451 0.014819861268403178 0.05750990939977352
2 0.5863754600792752 0.7021694507361268 0.017695356738391843 0.07631122593431483
2 0.6577098669309173 0.6685482729331823 0.022782771800679447 0.04888342298980741
2 0.5938959866930917 0.7881025268969422 0.027427802944507307 0.046892695356738456
2 0.5851589043035107 0.7811349801812004 0.03030329841449597 0.04755627123442807
2 0.6320515996602492 0.8772428864665911 0.024552307474518753 0.06591520385050964
2 0.7270535461494904 0.9211494903737258 0.01858012457531144 0.0696754671574179
2 0.5919052590600227 0.970585893261608 0.030966874292185698 0.051316534541336334
2 0.33935546875 0.88896484375 0.020898437499999978 0.05292968749999993
2 0.3505859375 0.8905273437500001 0.023828124999999978 0.05214843749999998
2 0.36044921875 0.8935546875 0.024023437499999967 0.05039062499999991
2 0.37080078125 0.896484375 0.022851562499999978 0.049609374999999956
2 0.37880859375 0.90029296875 0.024804687500000033 0.049023437500000044
2 0.39033203125000004 0.9021484375 0.02558593749999999 0.05195312499999993
2 0.39912109375 0.90791015625 0.025976562500000022 0.04863281250000007
2 0.408984375 0.9115234375000001 0.025000000000000022 0.04726562499999998
2 0.42021484374999996 0.91416015625 0.02519531250000001 0.0498046875
2 0.53330078125 0.92587890625 0.0185546875 0.0615234375
2 0.466796875 0.94814453125 0.022656250000000044 0.052539062499999956
2 0.226171875 0.09599609375000001 0.03007812500000001 0.0509765625
2 0.3138671875 0.10625 0.015625 0.03789062499999998
2 0.991015625 0.16708984375 0.014062499999999978 0.05253906250000001
