2 0.3580078125 0.0271484375 0.029687500000000033 0.030078125000000004
2 0.35458984375 0.0203125 0.0322265625 0.030078125000000004
2 0.34843749999999996 0.014941406249999999 0.03242187499999999 0.0291015625
2 0.6280754900644467 0.461608821160043 0.021398361976369462 0.06902020676691734
2 0.5699642521482277 0.31675030209452204 0.021817937701396284 0.053286117078410355
2 0.5221326194951664 0.26199566997851775 0.017202604726100912 0.05328611707841027
2 0.6333201866272824 0.2036746441997852 0.01888090762620831 0.0524469656283566
2 0.5753138426423201 0.07717256310418907 0.02202772556390975 0.05370569280343716
2 0.5651391313104188 0.07318659371643396 0.02097878625134264 0.05286654135338345
2 0.6487395945220193 0.07664809344790549 0.01992984693877553 0.0484609962406015
2 0.7224609375 0.05966796875 0.026953125000000022 0.04941406250000001
2 0.7837890624999999 0.03515625 0.023046875000000022 0.06640625
2 0.75400390625 0.14052734375 0.025585937500000044 0.0732421875
2 0.741796875 0.13681640625 0.0234375 0.06113281250000001
2 0.7076171874999999 0.2228515625 0.019921874999999978 0.05156249999999998
2 0.71669921875 0.22900390625 0.0166015625 0.04433593749999998
2 0.73828125 0.2390625 0.015625 0.049218750000000006
2 0.75 0.24462890625 0.02109374999999991 0.06621093749999998
2 0.71611328125 0.36484375 0.023242187500000067 0.07656250000000003
2 0.77265625 0.4384765625 0.023046875000000022 0.06210937500000002
2 0.748046875 0.5521484375000001 0.026171874999999956 0.05820312500000002
2 0.73662109375 0.5472656250000001 0.023242187500000067 0.05507812499999998
2 0.7533203125000001 0.6451171875 0.025781249999999978 0.072265625
2 0.6332861165183536 0.5628954046162402 0.015642380422691837 0.05301028921023365
2 0.6575100806451613 0.6836893423248054 0.020204741379310387 0.0664801167964405
2 0.677734375 0.816015625 0.014843750000000044 0.051562499999999956
2 0.63935546875 0.9009765625 0.022851562499999978 0.053906250000000044
2 0.8856445312500001 0.948046875 0.022070312500000022 0.08046874999999998
2 0.7462890625 0.8158203125 0.01953125 0.06718749999999996
