2 0.64541015625 0.72548828125 0.0400390625 0.017382812499999956
2 0.64892578125 0.733984375 0.04824218750000009 0.021484375
2 0.55859375 0.77958984375 0.048828125 0.024023437500000022
2 0.5616210937499999 0.78759765625 0.03769531250000002 0.0185546875
2 0.6514648437499999 0.74287109375 0.04355468750000002 0.017773437499999933
2 0.65205078125 0.75302734375 0.04160156250000002 0.015820312500000044
2 0.71044921875 0.841015625 0.04628906250000009 0.014453125000000067
2 0.707421875 0.8525390625 0.045703124999999956 0.015234374999999911
2 0.7154296875 0.8650390625 0.068359375 0.018749999999999933
2 0.7134765625 0.88037109375 0.064453125 0.02011718749999991
2 0.591015625 0.90947265625 0.05937500000000007 0.03339843749999993
2 0.59375 0.92373046875 0.06562500000000004 0.035351562500000044
2 0.72412109375 0.93603515625 0.07011718749999996 0.025195312499999956
2 0.47646484375 0.806640625 0.03183593749999997 0.017578125
2 0.85927734375 0.787890625 0.06855468750000004 0.03789062500000007
2 0.860546875 0.81669921875 0.07070312499999998 0.03261718749999998
2 0.860546875 0.83125 0.068359375 0.03242187499999993
2 0.869921875 0.84287109375 0.046875 0.023632812500000044
2 0.86748046875 0.85693359375 0.0712890625 0.03261718750000009
2 0.8732421875 0.869921875 0.06523437500000007 0.03164062499999998
2 0.97744140625 0.79345703125 0.041210937500000044 0.0244140625
2 0.9814453125 0.805859375 0.033203125 0.021874999999999978
2 0.9830078125 0.82177734375 0.030078124999999956 0.0185546875
2 0.93818359375 0.6947265625000001 0.06582031249999998 0.03281250000000002
