2 0.5580394407345577 0.5593436978297163 0.05380060517529206 0.05053996243739567
2 0.5105970888981637 0.5542897015859767 0.07173414023372293 0.04304048414023365
2 0.5650498226210351 0.6705316151919867 0.07564691151919867 0.033584620200333815
2 0.5639085976627713 0.6878130217028381 0.0720602045075125 0.03228036310517535
2 0.44636242696160267 0.7165066777963273 0.06586498330550916 0.030976106010016657
2 0.22672001008064518 0.6021846648185483 0.04567792338709678 0.017719884072580627
2 0.3355988533266129 0.5848585559475806 0.03347089213709675 0.011419480846774244
2 0.2605846774193548 0.679167716733871 0.04725302419354835 0.021263860887096864
2 0.2647193170362903 0.689208984375 0.04685924899193547 0.023232736895161255
2 0.3363864037298387 0.7289802797379032 0.047646799395161255 0.02165763608870963
2 0.3397334929435484 0.740202872983871 0.04804057459677419 0.021263860887096864
2 0.25448116179435487 0.7693422379032258 0.04292149697580644 0.025989163306451624
2 0.1647004158266129 0.733705582157258 0.06733555947580644 0.026382938508064502
2 0.16883505544354838 0.7451250630040323 0.043315272177419345 0.018507434475806495
2 0.1891144783266129 0.831755607358871 0.03662109375 0.020870085685483875
2 0.05897177419354839 0.685271232358871 0.08741809475806453 0.030320690524193616
2 0.016247164818548383 0.7984816028225806 0.031108240927419355 0.02205141129032251
2 0.01723160282258064 0.8140357232862903 0.03386466733870967 0.024020287298387122
2 0.018657069052419352 0.82763671875 0.037314138104838704 0.0205078125
2 0.012703188004032254 0.7837150327620968 0.024020287298387094 0.022445186491935498
2 0.2626239767002519 0.9671264955919395 0.07477959697732994 0.03443797229219148
2 0.6613664987405541 0.9730301479848866 0.04378542191435775 0.014759130982367807
2 0.8411819112090679 0.88447536209068 0.06985988664987408 0.01869489924433243
2 0.690392789672544 0.7850972134760705 0.05460878463476071 0.022630667506297164
2 0.7280285736775818 0.7378679943324937 0.06002046599496225 0.027550377833753248
2 0.7843592569269521 0.6308642947103273 0.05460878463476071 0.026074464735516334
2 0.8158454030226701 0.5614963790931989 0.04083359571788414 0.024106580604533967
2 0.8151074464735516 0.5516569584382871 0.04526133501259455 0.02312263853904284
2 0.8815235358942065 0.559036523929471 0.04526133501259455 0.024106580604533967
2 0.9725012791246851 0.6094856934823678 0.051091191750629816 0.035377636964735504
2 0.9644206549118388 0.5998701196473551 0.05362484256926947 0.03394600125944591
2 0.8677483469773299 0.6402117443324937 0.04526133501259455 0.026074464735516334
2 0.8709461586901763 0.6532489767002518 0.05264090050377834 0.028534319899244376
2 0.7741959951456311 0.42092688106796117 0.04285497572815533 0.029581310679611672
2 0.9681960856720826 0.7873084379615952 0.04731351550960128 0.017886816838995623
4 0.9302587241506646 0.966320854874446 0.01932930206794692 0.023368260709010324
4 0.9184303452732644 0.9849289143279172 0.019906296159527326 0.02481074593796162
4 0.937113413958641 0.9891799182976366 0.014851827917282012 0.017733913404726853
4 0.9474242983751846 0.9729562869276218 0.012116875923190551 0.01586733751846381
4 0.9619933991875922 0.9690615768094534 0.008943408419497811 0.008654911373707552
4 0.95939692577548 0.9778607367060561 0.007789420236336775 0.010097396602658848
