2 0.6321123231132075 0.39626326650943394 0.08144162735849059 0.021742334905660354
2 0.6335863797169812 0.4161630306603773 0.07628242924528295 0.021005306603773588
2 0.8031028891509434 0.37691627358490565 0.07996757075471694 0.036114386792452824
2 0.8047612028301887 0.30855689858490565 0.07886202830188682 0.04311615566037741
2 0.7762013561320755 0.7544590212264151 0.04901238207547165 0.07849351415094341
2 0.7607237617924528 0.7603552476415094 0.04753832547169812 0.07333431603773588
2 0.7428508254716981 0.7662514740566038 0.037588443396226356 0.0667010613207547
2 0.7330852004716981 0.7756485849056604 0.04016804245283012 0.056014150943396235
2 0.6020784198113207 0.5431161556603774 0.04938089622641517 0.02432193396226412
2 0.3747051886792453 0.45835790094339623 0.06412146226415094 0.03169221698113206
2 0.30413472877358494 0.46517541273584906 0.04606426886792453 0.029849646226415116
2 0.23946049528301883 0.478626179245283 0.04201061320754715 0.022110849056603765
2 0.23798643867924527 0.490234375 0.05748820754716982 0.028375589622641473
2 0.11361291273584903 0.47346698113207547 0.051223466981132046 0.027270047169811296
4 0.3885244693396226 0.04341096698113206 0.018057193396226412 0.02211084905660378
4 0.4027122641509434 0.06478478773584904 0.021373820754717 0.027270047169811323
4 0.41671580188679247 0.0891067216981132 0.02284787735849053 0.028744103773584898
4 0.4345887382075472 0.12172022405660377 0.02837558962264153 0.03574587264150943
4 0.4559625589622641 0.1565448113207547 0.027638561320754707 0.034640330188679264
4 0.39847435141509435 0.15930866745283018 0.015846108490566058 0.01953125
4 0.3905512971698113 0.14143573113207547 0.016214622641509413 0.019162735849056617
4 0.016443404562982003 0.23924526028277635 0.014811616323907454 0.018577281491002573
4 0.018451759318766067 0.22204872268637532 0.013807438946015424 0.016317882390745497
4 0.019204892352185088 0.20472666291773778 0.014811616323907454 0.01782414845758354
2 0.8874611906047516 0.7254741495680346 0.032903617710583144 0.07255669546436283
2 0.9051785232181426 0.7252632289416847 0.03037257019438455 0.07044748920086397
2 0.27786418453292494 0.2784623851454824 0.0394812404287902 0.020338820826952486
2 0.015860947986577178 0.48605285234899326 0.031197567114093955 0.018875838926174504
