2 0.5561146548027445 0.7850959476843911 0.05561213550600341 0.0686776372212693
2 0.7345090051457976 0.793973788593482 0.03115619639794176 0.018760720411663767
2 0.7750258847891567 0.5935382153614459 0.040592055722891596 0.03294427710843373
2 0.22762265135699375 0.6167185868997912 0.02915416231732776 0.0277270354906054
2 0.7541015625 0.1513671875 0.030859375000000022 0.0234375
2 0.7734375 0.10087890625 0.029296875 0.024804687500000006
2 0.671875 0.019921875 0.03750000000000009 0.024609375
2 0.5734375 0.044140624999999996 0.05351562500000007 0.037890625
2 0.3708984375 0.03330078125 0.060546875 0.0447265625
2 0.87890625 0.166796875 0.02499999999999991 0.032812499999999994
2 0.834765625 0.24072265625 0.04257812500000002 0.03964843750000002
2 0.85078125 0.34658203125 0.04609374999999993 0.05683593749999999
2 0.97021484375 0.38037109375 0.03574218749999991 0.043164062500000044
2 0.9650390625 0.275390625 0.03671875000000002 0.04648437500000002
