2 0.7135599201713396 0.5482135903426791 0.04472108644859818 0.012777453271028083
2 0.6420670268691588 0.5480614778037383 0.05019713785046731 0.02707603193146413
2 0.6323318243769471 0.5558192172897196 0.03985348520249221 0.023729556074766345
2 0.5798529984423677 0.5469966900311527 0.04624221183800625 0.024338006230529508
2 0.31335183021806856 0.6867881133177569 0.028597157320872257 0.08366189641744548
2 0.10632666471962618 0.742004964953271 0.0197746300623053 0.06267036604361376
2 0.1295998831775701 0.834945726246106 0.020687305295950156 0.047763337227414326
2 0.07514359423676012 0.7479373539719626 0.025554906542056076 0.045937986760124616
2 0.06647317951713395 0.7535655179127726 0.02646758177570093 0.04867601246105924
2 0.020687305295950156 0.6317233742211839 0.029205607476635517 0.061757690809968846
2 0.015363366433021807 0.504253066588785 0.020383080218068537 0.059932340342679136
2 0.008366189641744548 0.5069910922897196 0.015515478971962617 0.07514359423676015
4 0.825154280462185 0.3017906381302521 0.1116071428571429 0.12104451155462187
4 0.752937893907563 0.4041655724789916 0.11488970588235303 0.12391675420168069
4 0.4995804242749732 0.21552765843179378 0.02328645273899027 0.027901785714285726
4 0.458671791084855 0.22140171858216973 0.023706028464017148 0.02664305853920515
4 0.41482612781954886 0.2296883391514501 0.023286452738990382 0.028531149301826014
4 0.4976923335123523 0.33269417964554243 0.014475362513426404 0.019720059076262064
4 0.48237781954887216 0.3353165279269603 0.015314513963480103 0.022027725563909806
4 0.46454585123523096 0.33668014903329757 0.015314513963480159 0.01972005907626212
4 0.448811761546724 0.33961717910848555 0.014055786788399582 0.020559210526315763
4 0.44287109375 0.32578125 0.009570312499999956 0.009374999999999967
4 0.45185546875000004 0.32373046875 0.009570312500000011 0.009960937500000044
4 0.46044921875 0.32216796875 0.0107421875 0.0107421875
4 0.46884765625 0.3220703125 0.0107421875 0.012109374999999978
4 0.47880859375 0.32001953125 0.011132812499999978 0.011132812499999978
4 0.487890625 0.31904296875000004 0.010156250000000033 0.011523437500000011
4 0.49794921875 0.317578125 0.011914062499999989 0.01171875
4 0.235546875 0.2537109375 0.016796875000000017 0.021484375
4 0.24150390625 0.2666015625 0.0107421875 0.010937500000000044
4 0.24365234375 0.27685546875 0.011523437500000011 0.013085937499999978
4 0.2333984375 0.27978515625 0.010156249999999978 0.011914062500000044
4 0.23154296875000002 0.26962890625 0.011132812500000006 0.009960937499999989
4 0.21914062499999998 0.256640625 0.017187499999999994 0.023046875000000022
2 0.14996372451868628 0.9361905436013589 0.022561579841449603 0.035169521517553703
2 0.14343856172140432 0.940614382785957 0.020570852208380508 0.03207283408833528
2 0.1321577718006795 0.9393978270101925 0.02012846828992075 0.028754954699886648
2 0.30100216902313626 0.5967324068123394 0.02661070051413883 0.08937178663239076
