2 0.13974609375000002 0.0765625 0.022851562500000006 0.03320312500000001
2 0.07880859375 0.300390625 0.037304687499999996 0.04531250000000003
2 0.06279296875 0.391796875 0.031054687500000004 0.04726562499999998
2 0.0216796875 0.67451171875 0.042187499999999996 0.04746093750000002
2 0.5331662735849056 0.351673054245283 0.06264740566037741 0.09765625
2 0.4738354952830188 0.2538325471698113 0.04127358490566041 0.05675117924528303
2 0.4773363797169811 0.4327461674528302 0.016583136792452824 0.012897995283018826
2 0.46314858490566035 0.9306087853773586 0.014003537735849059 0.017320165094339646
2 0.8446814581095596 0.7843674476369494 0.03503457303974222 0.03524436090225569
4 0.5821839634773662 0.09149144804526751 0.03556616512345678 0.041192451131687235
4 0.5421971450617284 0.11952240869341565 0.03516428755144041 0.04099151234567899
4 0.6111191486625515 0.13609985853909468 0.018285429526748942 0.024715470679012336
4 0.5898196373456791 0.15187355324074076 0.018687307098765427 0.024112654320987637
4 0.5690224729938272 0.16654208461934158 0.019290123456790154 0.023710776748971207
4 0.6293041087962963 0.18482751414609055 0.019290123456790043 0.024112654320987637
4 0.6088083526234569 0.20070167824074076 0.018486368312757295 0.023308899176954723
4 0.5875088413065844 0.21587255658436216 0.018486368312757184 0.023107960390946508
4 0.6610524369855968 0.21858523019547327 0.02813143004115226 0.028533307613168718
4 0.678735050154321 0.19728571887860086 0.0160751028806585 0.0164769804526749
4 0.6895857445987654 0.212255658436214 0.016075102880658387 0.017883551954732513
4 0.7006373778292181 0.22692418981481483 0.016878858024691357 0.017481674382716028
4 0.6822514789094651 0.24792229295267493 0.02793049125514402 0.029738940329218116
4 0.6436712319958848 0.249730742026749 0.026724858539094676 0.028533307613168746
4 0.6644683963477367 0.2787663966049383 0.02813143004115226 0.029136123971193417
4 0.6266919045781894 0.2807757844650206 0.027327674897119403 0.029538001543209902
4 0.6477904771090535 0.3101128472222222 0.02893518518518523 0.029136123971193417
4 0.9359915945406125 0.735607731358189 0.014563914780292952 0.018464963382157085
4 0.9227280292942743 0.7244247253661784 0.011963215712383457 0.018464963382157085
