3 0.19708290020790026 0.1534319776507277 0.130343685031185 0.13968295218295218
3 0.4528976091476091 0.1666287681912682 0.0743080821205821 0.06699909043659044
3 0.7180515852390852 0.2665183212058212 0.08324129417879422 0.07268386174636171
3 0.7241424116424117 0.08866619022869027 0.13359212577962576 0.12222258316008315
3 0.9316365644490644 0.05516664501039506 0.1246589137214138 0.10882276507276506
3 0.9710340599012474 0.2866525630197505 0.05402563019750528 0.06341362396049893
1 0.9396812938084113 0.4009747371495327 0.03080278913551404 0.010723933995327062
1 0.942077066296729 0.41055782710280375 0.030118282710280275 0.012092946845794372
1 0.9826112551109814 0.39646840318341126 0.030871239778037407 0.011750693633177545
1 0.0400390625 0.73232421875 0.011328124999999994 0.0263671875
1 0.06650390625 0.72841796875 0.011523437499999997 0.025585937500000044
1 0.0740234375 0.7287109375 0.010156250000000006 0.026171875000000067
1 0.08232421875 0.72734375 0.0107421875 0.02734375
1 0.0900390625 0.7265625 0.010156250000000006 0.026171874999999956
1 0.09921875 0.72568359375 0.011328125000000008 0.0263671875
1 0.107421875 0.724609375 0.011328124999999994 0.02695312499999991
1 0.11699218750000001 0.7244140625 0.010937500000000003 0.026953125000000022
1 0.0880859375 0.8 0.009374999999999994 0.023828124999999978
1 0.07978515624999999 0.8008789062499999 0.009960937500000003 0.026757812499999978
1 0.0720703125 0.801171875 0.010156250000000006 0.02734375
1 0.062890625 0.801953125 0.010937500000000003 0.028125000000000067
