2 0.38864753699376947 0.40781371690031154 0.03072673286604366 0.02099153037383178
2 0.3445349007009346 0.4400615751557633 0.06479994158878505 0.02646758177570091
2 0.07861328125 0.3248046875 0.11308593750000001 0.056640625
2 0.02001953125 0.7693359375 0.039648437499999994 0.030468749999999933
2 0.2828125 0.8794921875 0.11289062499999997 0.033984374999999956
2 0.24705430327868855 0.6902429132513661 0.12113644125683057 0.03735484972677594
2 0.6207712714174455 0.7958528037383178 0.11043370327102808 0.02798870716510904
2 0.44568973909657317 0.856545706775701 0.09674357476635514 0.025250681464174418
2 0.7047495619158879 0.9851751119548287 0.14387412383177567 0.025743526090342694
2 0.9172386098130841 0.8087823695482866 0.076056269470405 0.04167883566978192
