2 0.6661773487261147 0.009641222133757963 0.07422704352441611 0.018453091825902334
2 0.5077710323779193 0.08988107085987261 0.11652401804670909 0.035040140658174096
2 0.5926759885881103 0.29628615976645434 0.10677912685774948 0.03358877388535031
2 0.41322485403397025 0.25896529989384287 0.11486531316348197 0.05141985138004243
2 0.24103055334394904 0.3288382430997877 0.11258459394904458 0.029442011677282387
2 0.7791015625 0.15263671875 0.08085937500000007 0.0322265625
2 0.7767578125 0.16484375 0.07695312499999996 0.030859374999999994
2 0.81748046875 0.18486328125 0.039257812500000044 0.014257812499999994
2 0.7646024684270953 0.3731926305970149 0.09866532721010335 0.03610254018369691
2 0.7530541403559128 0.5562840843857635 0.10741066303099889 0.04484787600459239
2 0.748457233065442 0.5750080726176808 0.09956228473019513 0.042829721584385805
2 0.5428297215843858 0.4695034443168772 0.1076349024110218 0.031841991963260596
2 0.9572666132656458 0.6619403295605859 0.08156052346870835 0.03549434087882819
2 0.9520652151298269 0.02405646637816245 0.09196331974034622 0.0481129327563249
