2 0.7671875 0.29316406250000004 0.076171875 0.02226562500000001
2 0.7708984375 0.80615234375 0.09296875000000004 0.03847656250000009
2 0.627734375 0.85078125 0.12265625000000002 0.04257812500000002
2 0.11237625591016553 0.2415456929669031 0.06464243498817968 0.01870013297872339
2 0.1293448950945627 0.3299673093971631 0.05610039893617022 0.0205470596926714
2 0.0207225177304965 0.043001071217494136 0.041094119385342784 0.021008791371158395
2 0.16178154550827428 0.7204768764775413 0.07803265366430259 0.040632387706855844
2 0.2639396793735225 0.9332197473404253 0.10689088356973994 0.04271018026004725
2 0.9374704966012084 0.9504519920694864 0.0345189765861027 0.013276529456193398
2 0.890855126510574 0.9513370940332326 0.08526482250755285 0.03864945241691842
