2 0.2135416666666667 0.5941051136363635 0.10771780303030304 0.10653409090909094
2 0.10970380892255895 0.5516230008417509 0.05918560606060605 0.08943602693602692
2 0.31403494962216627 0.6648102959697733 0.027058406801007517 0.026074464735516445
2 0.2160765973413379 0.4800667345626072 0.016750643224699824 0.016750643224699824
2 0.2333297598627787 0.4859294596912521 0.01038539879931391 0.017755681818181823
2 0.23952749785591765 0.493634755574614 0.01675064322469985 0.014405553173241825
2 0.24405017152658662 0.498994961406518 0.011725450257289882 0.011055424528301883
2 0.2475678066037736 0.5041876608061749 0.011390437392795882 0.015410591766723825
2 0.25326302530017153 0.5093803602058319 0.010720411663807883 0.011725450257289882
2 0.26013078902229847 0.5159131110634648 0.012395475986277882 0.018090694682675768
2 0.2666635398799314 0.5246234455403087 0.009380360205831939 0.013400514579759881
2 0.2735313036020583 0.5306536771012007 0.011055424528301883 0.01541059176672388
2 0.28240914451114923 0.5418766080617495 0.010720411663807883 0.01641563036020588
2 0.2902819468267581 0.5437191788164666 0.013065501715265826 0.018760720411663878
2 0.29714971054888506 0.5495819039451115 0.018090694682675823 0.01641563036020577
2 0.30301243567753 0.5557796419382504 0.017755681818181823 0.01675064322469988
2 0.3180880145797599 0.5603023156089193 0.028476093481989706 0.03048617066895376
2 0.3711875536020583 0.6376902873070325 0.024120926243567764 0.023785913379073764
2 0.402678762864494 0.6678414451114922 0.03484133790737565 0.037856453687821645
2 0.4562808211835334 0.7256311642367067 0.026131003430531707 0.026131003430531763
2 0.4936347555746141 0.7604725021440824 0.032496247855917704 0.02948113207547165
2 0.6745417024013722 0.9695205295883362 0.020435784734133766 0.019430746140651878
2 0.6654963550600344 0.9747132289879932 0.020435784734133766 0.019765759005145767
2 0.6412481239279588 0.992996556067753 0.022191252144082352 0.010100637864494
2 0.7036827964193825 0.988473882397084 0.018415657161235055 0.019145985205831884
2 0.6487457118353345 0.7723654588336192 0.01708565608919388 0.01641563036020588
2 0.6217771762435678 0.7479095197255574 0.03350128644939965 0.02981614493996576
2 0.5876058640651801 0.7112256110634648 0.023450900514579764 0.023450900514579764
2 0.5609723413379073 0.6817444789879932 0.026466016295025763 0.02680102915951965
2 0.5254609777015438 0.6492482311320755 0.037186427958833645 0.04154159519725564
2 0.5286435999142367 0.6060315716123499 0.007370283018867996 0.01541059176672388
2 0.5353438572041167 0.6080416487993139 0.010050385934819883 0.021440823327615766
2 0.5437191788164666 0.6105542452830188 0.010050385934819883 0.022445861921097765
2 0.5534345518867925 0.6125643224699828 0.013400514579759881 0.02646601629502565
2 0.5653275085763293 0.6244572791595198 0.011725450257289882 0.021440823327615766
2 0.5725302851629503 0.6276399013722127 0.010050385934819883 0.020435784734133766
2 0.5785605167238421 0.6340051457975986 0.010050385934819883 0.012395475986277882
2 0.5852607740137221 0.6356802101200686 0.011390437392795882 0.020435784734133877
2 0.5948086406518011 0.6376902873070325 0.009715373070325883 0.021775836192109765
2 0.6018439108061749 0.6402028837907375 0.012395475986277882 0.024120926243567764
2 0.6107217517152659 0.6474056603773586 0.01407054030874788 0.021775836192109765
2 0.6197670990566038 0.6489132182675814 0.01474056603773577 0.026131003430531652
2 0.5703527015437393 0.5643224699828473 0.013735527444253881 0.023785913379073764
2 0.6006713657804459 0.5800680746140652 0.01541059176672388 0.021105810463121877
2 0.6167519832761579 0.5904534734133791 0.01541059176672388 0.023785913379073764
2 0.6252948113207547 0.5958136792452831 0.01440555317324188 0.023115887650085765
2 0.6415429352487136 0.601676404373928 0.013400514579759881 0.024120926243567764
2 0.6504207761578045 0.6063665844768439 0.012395475986277882 0.020100771869639766
2 0.6691814965694682 0.6177570218696398 0.01507557890222988 0.020770797598627766
2 0.6792318825042881 0.6232847341337908 0.01507557890222988 0.023115887650085765
2 0.6319950686106346 0.6596336299313894 0.010385398799313883 0.01608061749571188
2 0.6408729095197256 0.6624812392795882 0.010720411663807883 0.022445861921097765
2 0.6495832439965694 0.6661663807890223 0.011390437392795882 0.023115887650085765
2 0.6556134755574614 0.6693490030017153 0.013400514579759881 0.020770797598627766
2 0.6626487457118353 0.6713590801886793 0.013400514579759881 0.022110849056603876
2 0.7033528087478559 0.5964837049742711 0.011055424528301883 0.021105810463121766
2 0.694474967838765 0.592296044168096 0.01407054030874788 0.022780874785591765
2 0.687942216981132 0.5884433962264151 0.01306550171526577 0.025795990566037763
2 0.6726991316466553 0.5795655553173242 0.01407054030874788 0.024120926243567653
2 0.6577910591766724 0.5732003108919382 0.011725450257289882 0.019430746140651767
2 0.6484106989708405 0.5708552208404802 0.012395475986277882 0.019430746140651767
2 0.6433855060034305 0.5638199506861064 0.011725450257289882 0.019430746140651767
2 0.6346751715265866 0.5591297705831904 0.013065501715265881 0.019430746140651767
2 0.6276399013722127 0.5536020583190395 0.012395475986277882 0.021775836192109765
2 0.6199346054888508 0.5497494103773585 0.01440555317324177 0.022110849056603765
2 0.6102192324185248 0.5474043203259005 0.011725450257289882 0.022110849056603765
2 0.5777229845626072 0.5294811320754718 0.01507557890222988 0.023785913379073764
2 0.5845907482847341 0.5335012864493996 0.01340051457975977 0.022445861921097876
2 0.59430612135506 0.5380239601200686 0.012730488850771882 0.021440823327615766
2 0.5941386149228131 0.46298107847341335 0.013065501715265881 0.021440823327615766
2 0.6013413915094339 0.4867669918524871 0.01407054030874788 0.019430746140651767
2 0.6211071505145798 0.496984884219554 0.011390437392795882 0.017755681818181823
2 0.6172545025728988 0.46381861063464835 0.008375321612349884 0.016415630360205824
2 0.6246247855917667 0.4663312071183533 0.009715373070325883 0.018090694682675823
2 0.6415429352487136 0.47788915094339623 0.012060463121783882 0.021105810463121766
2 0.6135693610634648 0.49279722341337906 0.011055424528301883 0.01608061749571177
2 0.6286449399656947 0.500335012864494 0.011055424528301883 0.01842570754716988
2 0.6353451972555746 0.504020154373928 0.010385398799313883 0.017755681818181768
2 0.6415429352487136 0.5092128537735849 0.010050385934819883 0.01742066895368788
2 0.6489132182675814 0.4840868889365352 0.008710334476843884 0.015410591766723825
2 0.6557809819897084 0.4832493567753002 0.011055424528301883 0.020435784734133766
2 0.6639887971698113 0.4889445754716981 0.009380360205831884 0.018425707547169823
2 0.6544409305317324 0.5175881753859348 0.011725450257289882 0.019430746140651767
2 0.6629837585763294 0.5199332654373927 0.012060463121783882 0.01742066895368788
2 0.6725316252144082 0.5247909519725558 0.011055424528301883 0.01507557890222988
2 0.6792318825042881 0.5296486385077186 0.009715373070325883 0.01474056603773588
2 0.6866021655231561 0.5323287414236706 0.009045347341337884 0.013400514579759881
2 0.693972448542024 0.5356788700686106 0.011055424528301883 0.01407054030874788
2 0.7025152765866209 0.5432166595197255 0.010720411663807883 0.01641563036020588
2 0.7092155338765009 0.5475718267581475 0.012060463121783882 0.013065501715265881
2 0.7132356882504287 0.5732003108919382 0.010720411663807883 0.01474056603773577
2 0.7236210870497426 0.5552771226415094 0.011390437392795882 0.01775568181818188
2 0.687942216981132 0.501507557890223 0.009045347341337995 0.01809069468267588
2 0.695480006432247 0.5061977379931389 0.008710334476843884 0.016750643224699824
2 0.7010077186963979 0.5063652444253859 0.009045347341337995 0.017085656089193824
2 0.7088805210120068 0.5095478666380788 0.010050385934819883 0.01809069468267588
2 0.7154132718696398 0.5174206689536878 0.010385398799313883 0.01574560463121777
2 0.7214435034305318 0.5217758361921098 0.010385398799313883 0.01507557890222988
2 0.7314938893653516 0.5231158876500858 0.010385398799313883 0.019095733276157878
2 0.7408742495711835 0.5271360420240137 0.010385398799313883 0.017085656089193768
2 0.7720304459691252 0.46716873927958835 0.009045347341337884 0.018425707547169823
2 0.7641576436535162 0.46616370068610635 0.008040308747855884 0.018425707547169823
2 0.7596349699828473 0.4633160913379074 0.009045347341337884 0.016080617495711824
2 0.7525996998284734 0.4596309498284734 0.0077052958833618845 0.016750643224699824
2 0.7477420132933105 0.4572858597770154 0.006700257289879996 0.017420668953687823
2 0.742578125 0.4548828125 0.0078125 0.017968749999999978
2 0.70029296875 0.42822265625 0.0087890625 0.0166015625
2 0.708203125 0.43232421875000004 0.009375000000000022 0.01777343749999999
2 0.7140625 0.43632812499999996 0.010156249999999978 0.01874999999999999
2 0.7201171875000001 0.44091796875 0.010156249999999978 0.020898437499999978
2 0.7247070312499999 0.44345703125 0.009179687499999978 0.01972656249999999
2 0.731640625 0.448046875 0.009375000000000022 0.017187500000000022
2 0.73701171875 0.4517578125 0.008398437500000022 0.01679687499999999
2 0.75751953125 0.49365234375 0.0107421875 0.011914062500000044
2 0.75458984375 0.487890625 0.0087890625 0.01171875
2 0.7500976562499999 0.48642578125 0.007226562499999978 0.0107421875
2 0.7453125 0.480859375 0.005078124999999933 0.008984374999999989
2 0.740234375 0.47978515625 0.006250000000000089 0.0107421875
2 0.7364257812499999 0.47763671875 0.007226562499999978 0.011132812500000033
2 0.7314453125 0.47607421875 0.007421874999999911 0.0126953125
2 0.7266601562499999 0.47294921875 0.008398437500000022 0.0146484375
2 0.72197265625 0.46904296874999996 0.007617187500000067 0.011914062499999989
2 0.7158203125 0.468359375 0.010937500000000044 0.014062500000000033
2 0.708984375 0.4650390625 0.009374999999999911 0.015234375000000022
2 0.7012695312499999 0.46171875 0.010351562500000022 0.015625
2 0.6865589985994398 0.45240283613445376 0.008206407563025153 0.015318627450980393
2 0.676984856442577 0.44446997549019607 0.008753501400560193 0.013677345938375385
2 0.6716506915266106 0.4407770920868348 0.010668329831932777 0.016686362044817937
2 0.6615294555322129 0.44105063900560226 0.011762517507002856 0.016686362044817882
2 0.6478521095938374 0.42997198879551823 0.012856705182072825 0.013130252100840345
2 0.6393721551120448 0.42463782387955185 0.009027048319327768 0.013403799019607865
2 0.6311657475490197 0.42190235469187676 0.010668329831932777 0.014497986694677889
2 0.6239167542016807 0.4050792191876751 0.015865721288515378 0.023525035014005602
2 0.688063506652661 0.41944043242296924 0.010668329831932777 0.019421831232493025
2 0.6814983806022409 0.4156107755602241 0.009574142156862697 0.019421831232493025
2 0.6732919730392157 0.41287530637254904 0.010668329831932777 0.018327643557423
2 0.6490830707282913 0.3960521708683474 0.010394782913165201 0.021336659663865554
2 0.6552378764005602 0.4016598827030813 0.009027048319327768 0.021063112745098034
2 0.6608455882352942 0.4071308210784314 0.011488970588235281 0.01723345588235292
2 0.6678210346638656 0.40904564950980393 0.010668329831932777 0.01996892507002801
2 0.7016040791316527 0.3547465861344538 0.009847689075630273 0.018601190476190466
2 0.6831396621148459 0.3405221463585435 0.015045080532212873 0.022430847338935578
2 0.6898415616246498 0.3447621235994398 0.012036064425770321 0.016139268207282953
2 0.6950389530812324 0.3500962885154062 0.01586572128851549 0.018601190476190466
2 0.6531862745098039 0.3153558298319328 0.015318627450980449 0.021336659663865498
2 0.6438856792717087 0.30906425070028015 0.020242471988795474 0.02516631652661061
2 0.6277464110644257 0.29087338060224094 0.01258315826330536 0.01778054971988796
2 0.6233696603641457 0.28430825455182074 0.014771533613445298 0.016139268207282897
2 0.6143426120448179 0.2815727853641457 0.015318627450980338 0.02051601890756305
2 0.6066832983193278 0.27664894082633057 0.017507002801120497 0.022157300420168058
2 0.5973827030812325 0.2715883228291317 0.016959908963585457 0.022977941176470562
2 0.5902704831932772 0.2665277048319328 0.01367734593837533 0.017233455882352977
2 0.5858937324929971 0.25558582808123254 0.017507002801120497 0.023251488095238082
2 0.576593137254902 0.24341299019607848 0.010941876750700241 0.014224439775910397
2 0.5629157913165266 0.2376685049019608 0.014224439775910369 0.02078956582633054
2 0.5559403448879552 0.2315136992296919 0.017233455882353033 0.018874737394957986
2 0.5492384453781513 0.22563244047619047 0.015318627450980449 0.014771533613445381
2 0.5439042804621849 0.22084536939775912 0.013403799019607865 0.014497986694677889
2 0.5376127013305323 0.21578475140056025 0.013950892857142905 0.018054096638655454
2 0.5318682160364145 0.21072413340336135 0.015045080532212873 0.01778054971988796
2 0.5860305059523809 0.34530921743697485 0.011215423669467817 0.017233455882352977
2 0.5794653799019608 0.3436679359243698 0.009574142156862697 0.022157300420168058
2 0.5752254026610644 0.3388808648459384 0.0131302521008404 0.01860119047619052
2 0.5692073704481793 0.33135832457983194 0.012036064425770321 0.017233455882352977
2 0.5604538690476191 0.32793898809523814 0.01367734593837533 0.021883753501400538
2 0.5545726102941176 0.3211003151260504 0.011762517507002856 0.0169599089635854
2 0.5426733193277311 0.31385132177871156 0.01367734593837544 0.018327643557422946
2 0.42928812149859946 0.2350698091736695 0.011215423669467817 0.012856705182072825
2 0.4373577556022409 0.236437543767507 0.012583158263305305 0.018874737394957986
2 0.44542738970588236 0.24286589635854344 0.01230961134453784 0.01805409663865551
2 0.45253960959383754 0.2476529674369748 0.011762517507002801 0.018327643557422973
2 0.4610195640756303 0.24874715511204484 0.012856705182072825 0.017233455882352977
2 0.4634814863445378 0.25914193802521013 0.009574142156862753 0.01832764355742303
2 0.4731924019607844 0.25927871148459386 0.013130252100840345 0.021883753501400593
2 0.4767485119047619 0.2651599702380953 0.009847689075630273 0.01778054971988796
2 0.4841342787114846 0.2689896271008404 0.01367734593837533 0.021610206582633074
2 0.4904258578431373 0.2777431285014006 0.010941876750700297 0.016686362044817882
2 0.49630711659663873 0.2812992384453782 0.009574142156862753 0.015592174369747913
2 0.5024619222689076 0.2862230829831933 0.010394782913165257 0.01942183123249297
2 0.5337830444677871 0.30797006302521013 0.013950892857142794 0.020789565826330514
2 0.5280385591736695 0.3027726715686275 0.011215423669467706 0.01805409663865548
2 0.5218837535014005 0.2977120535714286 0.007659313725490224 0.015592174369747913
2 0.5158657212885154 0.29278820903361347 0.01258315826330525 0.01723345588235292
2 0.5077960871848739 0.29278820903361347 0.011215423669467817 0.015045080532212873
2 0.4738762692577031 0.3005842962184874 0.012856705182072825 0.018054096638655426
2 0.48290331757703087 0.30619200805322133 0.010121235994397793 0.01778054971988796
2 0.488374255952381 0.3115261729691877 0.015045080532212873 0.019148284313725505
2 0.5039664303221288 0.3209635416666667 0.01285670518207288 0.015045080532212873
2 0.5095741421568627 0.3284860819327732 0.014771533613445409 0.01750700280112044
2 0.5253030899859945 0.341889880952381 0.015592174369747913 0.019148284313725505
2 0.5336462710084033 0.3447621235994398 0.01367734593837533 0.016139268207282953
2 0.5398010766806722 0.35146402310924374 0.015045080532212873 0.021883753501400538
2 0.5548461572128851 0.3621323529411765 0.013950892857142905 0.01805409663865548
2 0.563326111694678 0.3681503851540616 0.015592174369747913 0.013130252100840345
2 0.5719428396358543 0.37225358893557425 0.01203606442577021 0.018601190476190466
2 0.7126827293417367 0.3665091036414566 0.016686362044817882 0.016959908963585457
2 0.7193846288515406 0.3680136116946779 0.010941876750700241 0.014497986694677834
2 0.7304632790616247 0.37498905812324934 0.010668329831932777 0.014224439775910369
2 0.7357974439775911 0.3797761292016807 0.009847689075630273 0.014497986694677834
2 0.4532234768907563 0.549375218837535 0.014224439775910369 0.01942183123249297
2 0.4478893119747899 0.5381597951680672 0.015045080532212873 0.022704394257703098
2 0.43749452906162467 0.5341933648459384 0.01778054971988796 0.02516631652661072
2 0.431202949929972 0.5257134103641457 0.022704394257703042 0.022430847338935633
2 0.42313331582633057 0.520516018907563 0.016959908963585457 0.021883753501400482
2 0.3986508665966387 0.49945290616246496 0.02051601890756305 0.024072128851540586
2 0.38264837184873957 0.4885110294117647 0.01805409663865548 0.021336659663865554
2 0.372937456232493 0.4838607317927171 0.016139268207282953 0.021883753501400593
2 0.3600807510504202 0.47004661239495804 0.014497986694677834 0.021610206582633074
2 0.35228466386554624 0.4632079394257703 0.014771533613445409 0.016139268207282953
2 0.3447621235994398 0.4597886029411765 0.01723345588235292 0.022430847338935578
2 0.32958026960784315 0.44433320203081234 0.016412815126050417 0.022704394257703098
2 0.31056875875350143 0.4361267944677871 0.01942183123249297 0.024892769607843146
2 0.2967546393557423 0.4229965423669468 0.019148284313725505 0.024345675770308106
2 0.2305562850140056 0.4450170693277311 0.015318627450980393 0.018601190476190466
2 0.2665277048319328 0.4016598827030813 0.019421831232493025 0.028722426470588258
2 0.2912837009803922 0.3717064950980392 0.016412815126050417 0.023525035014005546
2 0.29990042892156865 0.3770406600140056 0.012856705182072825 0.021063112745098034
2 0.3108423056722689 0.38579416141456585 0.016686362044817937 0.027081144957983194
2 0.32055322128851543 0.3903076855742297 0.016412815126050417 0.029543067226890762
2 0.32438287815126055 0.3979669992997199 0.015318627450980393 0.020789565826330514
2 0.3362821691176471 0.40207020308123254 0.021610206582633018 0.027354691876750714
2 0.342984068627451 0.40986629026610644 0.017507002801120497 0.021063112745098034
2 0.35023306197479 0.41574754901960786 0.019421831232493025 0.021883753501400593
2 0.35926011029411764 0.42285976890756305 0.017233455882352977 0.024072128851540642
2 0.36582523634453784 0.4283307072829132 0.016139268207282953 0.02024247198879553
2 0.3703387605042017 0.43434873949579833 0.014224439775910369 0.020789565826330514
2 0.3781348476890757 0.4387254901960784 0.015592174369747858 0.021883753501400538
2 0.39290638130252103 0.449530593487395 0.015045080532212873 0.027081144957983194
2 0.39837731967787116 0.45595894607843135 0.01340379901960781 0.01969537815126049
2 0.40439535189075637 0.46115633753501406 0.016686362044817937 0.01805409663865548
2 0.4136959471288516 0.46635372899159666 0.016139268207282897 0.02680759803921573
2 0.42545846463585435 0.47551755077030816 0.01395089285714285 0.024892769607843146
2 0.4324339110644258 0.4809884891456583 0.015865721288515378 0.022704394257703098
2 0.44009322478991597 0.487827162114846 0.015318627450980393 0.021063112745098034
2 0.4477525385154062 0.4913832720588236 0.014224439775910369 0.022157300420168113
2 0.4540441176470589 0.4968542104341737 0.013677345938375385 0.022704394257703098
2 0.4618402048319328 0.5041032037815126 0.015592174369747913 0.018054096638655537
2 0.46990983893557425 0.5086167279411764 0.01258315826330536 0.027081144957983194
2 0.48071494222689076 0.5123096113445378 0.012309611344537785 0.01367734593837533
2 0.5113521971288515 0.4550015318627451 0.013950892857142905 0.016139268207282953
2 0.4945290616246498 0.4448802958683474 0.012583158263305305 0.015592174369747913
2 0.48550201330532217 0.43927258403361347 0.018601190476190466 0.019695378151260545
2 0.4641653536414566 0.4224494485294118 0.015318627450980393 0.01778054971988796
2 0.458420868347339 0.41944043242296924 0.013130252100840345 0.01395089285714285
2 0.4530867034313726 0.41287530637254904 0.013403799019607865 0.013950892857142905
2 0.4477525385154062 0.40644695378151263 0.010394782913165257 0.01367734593837533
2 0.44173450630252103 0.40138633578431376 0.012036064425770321 0.015045080532212873
2 0.43585324754901966 0.39851409313725494 0.01395089285714285 0.014224439775910369
2 0.4314764968487395 0.391812193627451 0.014497986694677834 0.015045080532212873
2 0.33231573879551823 0.3202796743697479 0.01367734593837533 0.0169599089635854
2 0.3377866771708684 0.3254770658263305 0.014771533613445353 0.01750700280112044
2 0.3439414828431373 0.3312215511204482 0.012856705182072825 0.021336659663865554
2 0.4161578693977591 0.3842896533613446 0.011762517507002801 0.016959908963585457
2 0.409592743347339 0.37963935574229696 0.011215423669467761 0.015865721288515378
2 0.40494244572829136 0.3747155112044818 0.012856705182072825 0.015865721288515378
2 0.3987876400560224 0.3699284401260504 0.013130252100840345 0.016139268207282897
2 0.39290638130252103 0.36432072829131656 0.010668329831932777 0.016412815126050417
2 0.3864780287114846 0.3609013918067227 0.014771533613445409 0.01723345588235292
2 0.38114386379551823 0.3572085084033614 0.013950892857142905 0.015318627450980393
2 0.37498905812324934 0.3517375700280112 0.016412815126050417 0.015865721288515433
2 0.36787683823529416 0.34872855392156865 0.01367734593837533 0.01313025210084029
2 0.36459427521008403 0.342984068627451 0.012583158263305305 0.015865721288515378
2 0.3596704306722689 0.33874409138655465 0.013130252100840345 0.013403799019607865
2 0.353515625 0.3360086221988796 0.014497986694677889 0.015592174369747858
2 0.3472240458683474 0.2960707720588236 0.012309611344537785 0.018874737394957986
2 0.3565246411064426 0.29990042892156865 0.011215423669467817 0.021063112745098034
2 0.3681503851540616 0.31111585259103647 0.012036064425770265 0.023251488095238082
2 0.3771774334733894 0.31385132177871156 0.012036064425770321 0.02543986344537813
2 0.38866640406162467 0.3238357843137255 0.01313025210084029 0.020789565826330514
2 0.3981037727591037 0.32711834733893563 0.010668329831932721 0.01914828431372545
2 0.4024805234593838 0.33464088760504207 0.012856705182072825 0.01996892507002801
2 0.41055015756302526 0.3369660364145659 0.013130252100840345 0.022430847338935578
2 0.41492690826330536 0.34448857668067234 0.01367734593837533 0.018874737394957986
2 0.4203978466386555 0.35255821078431376 0.010941876750700241 0.016412815126050417
2 0.4276468399859944 0.3533788515406163 0.009574142156862753 0.022430847338935578
2 0.4329810049019608 0.3580291491596639 0.011488970588235281 0.020789565826330514
2 0.4431022408963585 0.3589865633753502 0.01969537815126049 0.02598695728291317
2 0.4485731792717087 0.3663723301820728 0.015865721288515378 0.021063112745098034
2 0.45787377450980393 0.3710226278011205 0.01367734593837533 0.020516018907562994
2 0.46553308823529416 0.3805967699579832 0.014771533613445353 0.019421831232493025
2 0.47401304271708683 0.3846999737394958 0.014224439775910369 0.022157300420168058
2 0.48345041141456585 0.3924960609243698 0.016139268207282953 0.02516631652661061
2 0.4887845763305322 0.3982405462184874 0.010941876750700297 0.014224439775910369
2 0.49411874124649857 0.40124956232493 0.015045080532212818 0.021336659663865554
2 0.500547093837535 0.4086353291316527 0.009300595238095177 0.015318627450980393
2 0.5218837535014006 0.42285976890756305 0.009847689075630273 0.020242471988795474
2 0.5298166141456583 0.42573201155462187 0.008206407563025264 0.022704394257703098
2 0.5362449667366946 0.4270997461484594 0.0079328606442578 0.014497986694677834
2 0.5429468662464986 0.4309294030112045 0.008753501400560193 0.014497986694677889
2 0.5350140056022409 0.4539073441876751 0.018601190476190466 0.028722426470588203
2 0.4556853991596639 0.28759081757703087 0.01367734593837533 0.01340379901960781
2 0.4477525385154062 0.2849921218487395 0.01367734593837533 0.019148284313725505
2 0.44364933473389356 0.2769224877450981 0.012583158263305305 0.014497986694677889
2 0.4368106617647059 0.27008381477591037 0.011488970588235281 0.01285670518207288
2 0.43024553571428575 0.2678954394257703 0.011488970588235281 0.015045080532212873
2 0.42272299544817926 0.2624245010504202 0.011762517507002801 0.016139268207282953
2 0.4169785101540616 0.25818452380952384 0.011762517507002801 0.014224439775910369
2 0.4084985556722689 0.2533974527310925 0.011215423669467761 0.019421831232493025
2 0.40220697654061627 0.2450542717086835 0.009027048319327768 0.014771533613445409
2 0.5544178521455223 0.538202541977612 0.016397504664179108 0.02550722947761186
2 0.19493028375733853 0.4267444349315068 0.019875244618395294 0.021021893346379605
2 0.2073523116438356 0.40878027152641877 0.02331519080234834 0.016435298434442247
2 0.21939212328767121 0.38909613502935414 0.022168542074363973 0.017581947162426614
2 0.19760579745596868 0.3917716487279843 0.029048434442270066 0.016817514677103684
2 0.2423250978473581 0.3581366193737769 0.025990704500978457 0.022168542074364028
2 0.23238747553816047 0.37113197162426614 0.029812866927592968 0.02675513698630133
2 0.2599070450097847 0.3397902397260274 0.022168542074363973 0.01834637964774949
2 0.2669780454990215 0.3218260763209393 0.019493028375733856 0.01834637964774949
2 0.24844055772994128 0.313035102739726 0.02140410958904107 0.01452421722113506
2 0.27462237035225046 0.3113151296477495 0.026372920743639894 0.021021893346379605
2 0.29201320939334635 0.2870443982387475 0.026755136986301387 0.024461839530332707
2 0.3021419398238747 0.27060909980430525 0.02407962328767127 0.021404109589041098
2 0.31246177837573386 0.26430253180039137 0.02331519080234834 0.02178632583170259
2 0.31762169765166337 0.2568493150684931 0.020639677103718224 0.01911081213307239
2 0.32698599559686886 0.2539826932485323 0.02025746086105673 0.021021893346379633
2 0.3287059686888454 0.24117844911937375 0.02904843444227001 0.02675513698630136
2 0.33749694227005866 0.23391634050880625 0.01681751467710374 0.015288649706457935
2 0.34036356409001955 0.22588979941291584 0.022550758317025466 0.019875244618395294
2 0.34552348336594907 0.2138499877690802 0.02828400195694719 0.022550758317025438
2 0.3543144569471624 0.2088811766144814 0.018346379647749544 0.014142000978473596
2 0.36023880870841485 0.2010457436399217 0.021021893346379605 0.017581947162426614
2 0.3634876467710372 0.189770364481409 0.02828400195694719 0.02102189334637966
2 0.37361637720156554 0.18633041829745595 0.02025746086105673 0.016435298434442275
2 0.38164291829745595 0.17065955234833657 0.01872859589041098 0.01796416340508808
2 0.31743058953033265 0.13473122553816047 0.03325281311154599 0.01796416340508808
2 0.2901021281800391 0.19837022994129155 0.025226272015655582 0.012230919765166354
2 0.25761374755381605 0.21614328522504891 0.014524217221135005 0.010319838551859084
2 0.26678693737769077 0.23085861056751467 0.012995352250489256 0.014524217221135033
2 0.27366682974559686 0.2232142857142857 0.010702054794520577 0.010702054794520549
2 0.1612952544031311 0.40304702788649704 0.015288649706457935 0.014142000978473623
2 0.15709087573385516 0.4143224070450098 0.020639677103718196 0.021404109589041098
2 0.13301125244618395 0.3785851883561644 0.016817514677103698 0.010319838551859084
2 0.14161111790606654 0.3696031066536203 0.01796416340508805 0.022168542074363973
2 0.14791768590998042 0.3627232142857143 0.011466487279843451 0.014524217221135005
2 0.15709087573385516 0.3585188356164383 0.014524217221135033 0.0129953522504892
2 0.16549963307240703 0.35870994373776904 0.01834637964774949 0.014906433463796498
2 0.1708506604696673 0.32545713062622306 0.012230919765166354 0.014142000978473568
2 0.17849498532289626 0.3250749143835616 0.015288649706457907 0.015670865949119372
2 0.1628241193737769 0.3405546722113503 0.017581947162426614 0.01452421722113506
2 0.15689976761252444 0.34437683463796476 0.01490643346379647 0.0129953522504892
2 0.18537487769080235 0.3017597235812133 0.02675513698630136 0.019493028375733856
2 0.20085463551859098 0.2811200464774951 0.01796416340508805 0.010319838551859084
2 0.28779957706766923 0.41776315789473684 0.01762218045112779 0.02496475563909778
2 0.35152359312749004 0.17702626992031872 0.01595181772908366 0.011672061752988044
2 0.20621060924369744 0.9841780462184875 0.023798581932773094 0.027081144957983194
0 0.7292358213201822 0.21650346168437026 0.008594935508346002 0.008594935508346002
0 0.7255311077389985 0.2243574544764795 0.008891312594840661 0.007705804248861914
0 0.7150097211684371 0.24154732549317148 0.012151460546282244 0.006520295902883166
0 0.7123423273899848 0.2489567526555387 0.011558706373292926 0.008298558421851288
0 0.7083412367223065 0.2559216141881639 0.011262329286798156 0.007409427162367255
0 0.7052292773141122 0.26155277883156297 0.011558706373292815 0.008594935508346002
0 0.8978755800464036 0.14880002900232026 0.025830191415313286 0.009516386310904873
0 0.8661542923433874 0.14925319025522046 0.02311122389791187 0.014047998839907205
0 0.9420588022041763 0.2151881525522042 0.017220127610208857 0.009063225058004637
0 0.9445511890951275 0.2262906032482599 0.015860643851508094 0.009516386310904873
0 0.9497625435034802 0.20159331496519725 0.019939095127610273 0.010875870069605553
0 0.42882461144179895 0.19178860780423282 0.008267195767195756 0.005942046957671976
0 0.42146164021164023 0.19656808035714285 0.009558945105820116 0.007233796296296308
