3 0.5234817008486563 0.412565196251768 0.07845650636492218 0.0721026343705799
3 0.467401874115983 0.5200285095473833 0.08619165487977365 0.07707522984441295
3 0.4765182991513437 0.6389564179632249 0.08453412305516267 0.07072135785007072
3 0.8116159830268741 0.7375795615275813 0.13094501414427162 0.1342600777934937
3 0.955544996463932 0.681499734794908 0.07845650636492218 0.07072135785007072
3 0.5469634016973126 0.7422759016973125 0.10552952616690237 0.10608203677510608
3 0.20185546875 0.40068359374999996 0.04277343749999998 0.03691406250000001
3 0.2017578125 0.47041015625 0.05859375 0.0439453125
3 0.22021484375 0.5404296875 0.03574218750000002 0.030468750000000044
3 0.22451171875 0.6083984375 0.04277343750000001 0.030468750000000044
3 0.05830078125 0.5570312500000001 0.0361328125 0.03749999999999998
3 0.06708984375 0.8033203125 0.0759765625 0.08476562499999996
3 0.25595703125 0.82548828125 0.061914062500000006 0.05878906249999993
1 0.9545846602972399 0.09796725716560509 0.011610934182590182 0.030064026008492575
