2 0.35807291666666663 0.5655706885026737 0.030289104278074852 0.07554868538324422
2 0.5445333643437078 0.8441094384303112 0.04889419824086605 0.10043132611637351
2 0.6098270586053411 0.9311943620178041 0.03564308234421365 0.05882557492581597
2 0.6748469533029613 0.8999679669703873 0.04093109339407741 0.06762528473804097
2 0.7204495301822325 0.8645981634396356 0.03247793280182243 0.051163866742596875
2 0.6897512101366743 0.890180096810934 0.03514735193621865 0.05605780182232345
2 0.6510446326879271 0.7791767511389522 0.051163866742596764 0.0956541856492028
2 0.6684118200231481 0.42879231770833337 0.03933376736111105 0.0827365451388889
2 0.7439145688657407 0.38245081018518523 0.04566333912037035 0.07233796296296297
2 0.7638075086805556 0.3779296875 0.0483760127314814 0.0795717592592593
2 0.810375072337963 0.3406304253472222 0.03842954282407407 0.06284360532407407
2 0.8494827835648149 0.32005931712962965 0.03616898148148151 0.06329571759259262
2 0.8827130353009259 0.3060438368055556 0.03752531828703698 0.06600839120370366
2 0.7877694589120371 0.602855541087963 0.03571686921296302 0.05741825810185186
2 0.8209997106481481 0.5786675347222223 0.03888165509259256 0.06148726851851849
2 0.8273292824074074 0.6729329427083335 0.0307436342592593 0.06284360532407407
2 0.8411187065972223 0.6627604166666667 0.03481264467592593 0.05606192129629628
2 0.8768355758101852 0.6510054976851852 0.03390842013888884 0.05787037037037046
2 0.9041883680555556 0.6304343894675926 0.0361689814814814 0.06284360532407407
2 0.9234031394675926 0.6268174913194444 0.03390842013888895 0.06646050347222221
2 0.944652416087963 0.5212492766203703 0.03842954282407407 0.0641999421296297
2 0.9814091435185186 0.5004069010416666 0.03327546296296291 0.057779947916666685
2 0.9713270399305556 0.5978823061342593 0.03119574652777768 0.05018446180555558
2 0.9799171730324074 0.5868055555555556 0.03300419560185186 0.05244502314814814
2 0.9897732204861112 0.5733959056712963 0.01654730902777779 0.04461443865740733
2 0.9235478359908884 0.8167710706150342 0.05071896355353067 0.028473804100227817
2 0.9583503879555809 0.826022832431663 0.07939297408883816 0.054985585136674175
