3 0.44075868983957217 0.04578180704099822 0.04734848484848486 0.04560773172905526
3 0.5526891154188948 0.07137087789661319 0.04491143048128343 0.0445632798573975
3 0.7839740953947367 0.07761836231203009 0.060576245300751785 0.04515683740601503
3 0.7806699365601504 0.1363589638157895 0.05029664003759404 0.04368832236842106
3 0.7837905310150375 0.20170788298872183 0.058006343984962405 0.04735960996240601
3 0.7786507283834585 0.26632254464285715 0.04478970864661658 0.045891094924812
3 0.7825055803571428 0.3234110667293233 0.0510308975563909 0.04699248120300753
3 0.777549342105263 0.38894355028195493 0.04478970864661658 0.045891094924812026
3 0.759743597274436 0.46585702537593987 0.04735960996240596 0.047726738721804496
3 0.7774400025667351 0.5352043762833676 0.04612102156057496 0.04772523100616011
3 0.8608588937371663 0.5857369738193019 0.0445168121149897 0.042912602669404554
3 0.7856615759753593 0.670359022073922 0.085825205338809 0.07820521047227924
3 0.7843772910557185 0.772492439516129 0.048112170087976636 0.05011684384164217
3 0.6562213618035191 0.7709173387096774 0.052407899560117266 0.04983046187683282
3 0.5619840801886793 0.9103835003930818 0.051591981132075415 0.059269359276729605
3 0.7430166568396226 0.9014777417452831 0.043914602987421336 0.04330041273584906
