2 0.674902659789644 0.10934971682847897 0.02307089401294493 0.039188915857605186
2 0.687228205906149 0.10192278519417476 0.01927841828478971 0.03824079692556634
2 0.6987636529126213 0.0902293183656958 0.024651092233009764 0.04519366909385114
2 0.7267560299869622 0.07448358050847458 0.0285202086049543 0.0481278520208605
2 0.7541533712541622 0.062213859600443955 0.027313401775804658 0.04508879023307436
2 0.7710616675915649 0.05105004855715871 0.027746947835738056 0.048773931742508325
2 0.7934976761931187 0.040103010543840176 0.02622953662597116 0.04465524417314096
2 0.8057453523862376 0.03609270948945616 0.022544395116537164 0.0357675499445061
2 0.8289952431955645 0.020377866683467742 0.031698903729838745 0.04036195816532258
2 0.8432695942540323 0.013289913054435484 0.024020287298387122 0.026186050907258063
2 0.862367691532258 0.01338835685483871 0.023232736895161366 0.026382938508064516
2 0.696875 0.15068359375 0.018359374999999956 0.028710937500000006
2 0.72158203125 0.13837890625 0.021289062499999956 0.029882812499999994
2 0.7333984375 0.13486328125 0.020312499999999956 0.0341796875
2 0.7452008928571429 0.1302455357142857 0.016741071428571397 0.03013392857142859
2 0.7527901785714286 0.11674107142857143 0.015401785714285743 0.0232142857142857
2 0.7645089285714286 0.11752232142857143 0.0200892857142857 0.031473214285714285
2 0.7744419642857143 0.11183035714285715 0.01986607142857144 0.036607142857142866
2 0.7934151785714285 0.10357142857142856 0.025669642857142905 0.034375
2 0.8029017857142857 0.09575892857142856 0.020535714285714324 0.032142857142857154
2 0.8152901785714286 0.09118303571428571 0.022991071428571375 0.03370535714285715
2 0.8274553571428571 0.08392857142857144 0.022767857142857117 0.03482142857142857
2 0.8366071428571429 0.07622767857142856 0.018750000000000044 0.026562500000000003
2 0.8732142857142857 0.06517857142857142 0.029017857142857206 0.04285714285714286
2 0.88125 0.05345982142857143 0.020535714285714324 0.03325892857142857
2 0.8681220713891951 0.1802215407938258 0.02433331036383679 0.04134509371554573
2 0.8521869831863285 0.18474366041896362 0.027348056780595376 0.04392916207276737
2 0.8400203280044101 0.19378789966923926 0.02454864939360535 0.04134509371554576
2 0.7995365904079381 0.2156448111907387 0.026271361631753032 0.045867213340683555
2 0.7880159523153252 0.22598108461962513 0.02174924200661521 0.03596161797133407
2 0.7627136163175303 0.23976278252480704 0.01851915656008829 0.030362803197353933
2 0.7487165793825798 0.2433158765159868 0.022825937155457554 0.04177577177508274
2 0.7807422551993066 0.31057056975736563 0.02335626083188902 0.04772801126516463
2 0.8013905437608317 0.28484483318890813 0.025387240034662084 0.03960409445407276
2 0.8179768739168111 0.2845063366551126 0.027418219237435038 0.05043598353552864
2 0.8301627491334488 0.2763824198440208 0.024710246967071026 0.04366605285961872
2 0.8430256174176776 0.26961248916811087 0.031480177642980944 0.04637402512998265
2 0.857411720103986 0.2597960896880416 0.026402729636048505 0.04028108752166379
2 0.8817834705372616 0.2526876624783362 0.03114168110918547 0.05246696273830154
2 0.8655120012468829 0.42630240804239405 0.032146197007481336 0.056255844763092255
2 0.8808545043640899 0.4254500467581047 0.024840243142144613 0.04432278678304241
2 0.8915699033665836 0.41899645417705733 0.021917861596010058 0.03433798316708231
2 0.9052076839152121 0.41509994544887785 0.025327306733167076 0.04115687344139651
2 0.9160448488154613 0.4030451215710723 0.028980283665835382 0.050167549875311745
2 0.9296826293640899 0.4013403990024938 0.02654496571072318 0.04334865960099754
2 0.9636553148379052 0.37857017612219457 0.02727556109725693 0.047488700124688255
2 0.9736401184538654 0.37443013559850374 0.02727556109725693 0.049924018079800514
2 0.9903488349438903 0.34846234024314215 0.015396080112219379 0.03354406951371569
2 0.9903123603247914 0.5798348573450536 0.015469029350417274 0.03954903530989273
2 0.952198487783075 0.6021956942789034 0.025374329558998765 0.04609281883194272
2 0.9356702547675804 0.6073171185935637 0.028633417759237223 0.052145411203813996
2 0.9711710369487485 0.4409872243742551 0.022348033373063125 0.03794509833134685
2 0.935204670738975 0.46240408969010727 0.027236665673420757 0.039807434445768786
2 0.9234486740166865 0.4674091179976162 0.02281361740166865 0.035849970202622206
2 0.9106451132300357 0.4742764824195471 0.02979737783075087 0.040273018474374256
2 0.898190740464839 0.4817258268772348 0.030030169845053578 0.04446327473182354
