2 0.4005821078431372 0.7523360906862744 0.06587009803921567 0.04097732843137247
2 0.40613511029411764 0.7306985294117647 0.07621017156862747 0.04212622549019607
2 0.3444776348039216 0.7264859068627451 0.032552083333333315 0.021446078431372584
2 0.3408394607843137 0.7071461397058822 0.03216911764705882 0.012637867647058765
2 0.33509497549019607 0.6952742034313725 0.027573529411764663 0.012637867647058876
2 0.3342245989304813 0.6640973150623886 0.03481506238859183 0.019148284313725394
2 0.3200539981617647 0.6394473805147058 0.02154181985294118 0.011776194852941124
2 0.3194795496323529 0.6305434283088235 0.022116268382352977 0.011201746323529438
2 0.32823988970588236 0.6081399356617647 0.029296875 0.018095128676470673
2 0.3334099264705882 0.5977998621323528 0.025850183823529382 0.01866957720588236
2 0.33613855698529416 0.5867417279411764 0.026711856617647023 0.01723345588235292
2 0.34044692095588236 0.5743910845588235 0.027860753676470562 0.014935661764705843
2 0.34748391544117646 0.556008731617647 0.02355238970588236 0.020680147058823484
2 0.35466452205882354 0.5417911305147058 0.02699908088235292 0.0146484375
2 0.35294117647058826 0.529153262867647 0.02527573529411764 0.015222886029411797
2 0.35566980698529416 0.5198184742647058 0.024988511029411742 0.017233455882353033
2 0.3583984375 0.5103400735294117 0.022977941176470562 0.016084558823529438
2 0.3650444878472222 0.48869719328703703 0.02622251157407407 0.01627604166666663
2 0.3714870876736111 0.47502079716435186 0.02825701678240744 0.016049985532407385
2 0.3745388454861111 0.46462221498842593 0.01944082754629628 0.01469364872685186
2 0.37781665943287035 0.4555799696180556 0.018762659143518545 0.014693648726851805
2 0.38810221354166663 0.44970251012731477 0.026674623842592615 0.021023220486111105
2 0.3942514920424403 0.4265013677055703 0.024349303713527837 0.017873425066312953
2 0.39567618534482757 0.4147152685676393 0.01942763594164454 0.014505968169761296
2 0.40059785311671087 0.40785083720159154 0.023054127984084904 0.014246933023872643
2 0.4087574602122016 0.4009864058355438 0.020722811671087527 0.016578249336870077
2 0.41497430371352784 0.39153162301061006 0.024867374005305032 0.017355354774535814
2 0.42495888157894735 0.3744419642857143 0.027020676691729306 0.01938439849624063
2 0.4582743912894376 0.3449449159807956 0.01580718449931412 0.029203103566529498
2 0.4695269633058985 0.34909765089163236 0.013663837448559701 0.02947102194787382
2 0.48024369855967075 0.35124099794238683 0.012592163923182464 0.030006858710562412
2 0.49149627057613166 0.35968042695473246 0.01580718449931412 0.029203103566529498
2 0.5023469650205761 0.36490483539094654 0.01500342935528115 0.023576817558299046
2 0.5123939043209877 0.3710669581618656 0.021165552126200304 0.028399348422496584
2 0.5253879458161865 0.37334426440329216 0.01446759259259256 0.025988082990397843
2 0.5389178240740741 0.38044410150891633 0.014735510973936883 0.02089763374485598
2 0.532421875 0.40751953125 0.019921874999999978 0.011132812499999978
2 0.5296875 0.4154296875 0.024218749999999956 0.016015625000000033
2 0.51591796875 0.43515625 0.03183593750000002 0.01640625000000001
2 0.51552734375 0.44560546874999996 0.025195312499999956 0.013476562500000011
2 0.50380859375 0.45546875 0.033007812499999956 0.019140624999999967
2 0.4989720394736842 0.4710702537593985 0.024671052631578927 0.014685150375939815
2 0.49653854284103716 0.4804643461104847 0.024661781285231055 0.013652057497181513
2 0.4936058947215777 0.4904337659512761 0.02379096577726214 0.012915095707656643
2 0.49156666908352664 0.4999501522621809 0.019712514501160072 0.014274579466357351
2 0.4865818953016241 0.5069741516821346 0.023790965777262196 0.01563406322505806
2 0.4732136383410672 0.5277062790023201 0.02968206206496521 0.01812645011600922
2 0.4706079611368909 0.539148600638051 0.025377030162412995 0.015180901972157712
2 0.4638105423433874 0.5475320838167053 0.029908642691415355 0.016087224477958184
2 0.4627909295243619 0.5585212441995359 0.024244127030162432 0.017673288863109038
2 0.45644667198375866 0.5673578886310904 0.02333780452436196 0.01359483758700697
2 0.4495359628770301 0.5760812427494199 0.03217444895591648 0.017446708236658948
2 0.4456664910432034 0.589835517650158 0.02819579820864071 0.013994994731296173
2 0.4414474117492097 0.600743381190727 0.02346219704952579 0.014818229715489961
2 0.4336266793993677 0.6234852476290832 0.0205808746048472 0.013377568493150749
2 0.4375275088028169 0.6639249559859155 0.02338248239436619 0.04538952464788737
2 0.48814370598591544 0.6888204225352113 0.033285651408450634 0.04181338028169013
2 0.6376759105960266 0.7610396833609272 0.023929014900662238 0.028132760761589437
2 0.643334799254967 0.9167399627483444 0.022958919701986713 0.0485047599337749
2 0.6604731477649006 0.9209437086092715 0.030072951158940375 0.05044495033112584
2 0.6787432740066225 0.9259558671357615 0.029749586092715274 0.04818139486754969
2 0.7181938120860927 0.9377586920529801 0.030396316225165587 0.054325331125827825
2 0.7579677152317881 0.9594241514900662 0.02457574503311255 0.034276697019867575
2 0.7751060637417219 0.9720353890728477 0.0310430463576159 0.05109168046357615
2 0.8014344474337749 0.9746934499172185 0.04166235513245031 0.046706850165562974
2 0.9720353890728477 0.9050988203642384 0.03945053807947019 0.027809395695364225
2 0.9696101510761589 0.9178717404801324 0.03330660182119205 0.02425237996688745
2 0.9673465956125827 0.9312913907284768 0.030072951158940375 0.019401903973509937
2 0.9613643418874173 0.9416390728476821 0.0310430463576159 0.017461713576159
2 0.9553820881622517 0.9536035802980132 0.03330660182119205 0.020695364238410563
2 0.9466512313741722 0.9624961196192052 0.03718698261589404 0.027486030629139013
2 0.9458519654742097 0.9885867304492513 0.02567335690515815 0.016898918469217983
2 0.9882523576183432 0.9840571838017751 0.01958903476331364 0.012354382396449703
2 0.6083703349820144 0.4515231564748202 0.029507643884892132 0.01721279226618705
2 0.6078434127697842 0.4376475382194245 0.027048673561151038 0.016861510791366885
2 0.6155716052158273 0.42482576438848924 0.023535858812949617 0.01510510341726623
2 0.6168010903776978 0.41481424235611514 0.02669739208633093 0.01475382194244601
2 0.6243536420863309 0.40532964253597126 0.02634611061151082 0.01896919964028776
2 0.6292349312297735 0.3833560881877023 0.0221227750809061 0.014537823624595436
2 0.6351335483466933 0.3752387587675351 0.0213317259519038 0.014286385270541102
2 0.6413960733967936 0.3640836360220441 0.020157502505010028 0.012720754008016033
2 0.6439402241983967 0.35410273672344694 0.0213317259519038 0.013894977454909807
2 0.6538072336350975 0.33622040389972147 0.02421004526462389 0.013601149025069592
2 0.6592476932451254 0.31418654247910865 0.0204017235376045 0.013057103064066822
2 0.698827036908078 0.32547549616991645 0.019041608635097518 0.0454278377437326
2 0.7190927489554317 0.3345882660167131 0.02366599930362112 0.053316504178272994
2 0.7416706563370474 0.3379885532729805 0.023121953342618462 0.05250043523676878
2 0.7603042305013927 0.3435650243732591 0.02284993036211691 0.04950818245125349
2 0.7975713788300836 0.34587721970752094 0.02284993036211691 0.04869211350974928
2 0.8172930449164346 0.3578462308495822 0.025842183147632314 0.06338135445682452
2 0.8405510097493036 0.35988640320334264 0.02176183844011148 0.06147719359331477
2 0.8621768366991645 0.3638307364206128 0.024210045264624003 0.06174921657381616
2 0.914813283426184 0.3685911385793872 0.018497562674094747 0.039171309192200576
2 0.9810655198609235 0.4298876882999282 0.02595270325568133 0.08152114727654808
2 0.6000113042604501 0.46483118971061094 0.038308882636655994 0.017898412379421247
0 0.04950110068912711 0.7939617630168453 0.018843319295558957 0.020637921133231263
0 0.11704433900523563 0.8672079515706806 0.010021269633507857 0.010839332460732987
0 0.13361011125654454 0.8112729057591623 0.01533867801047123 0.01595222513089012
0 0.1434268651832461 0.8036035667539267 0.016156740837696332 0.015747709424083767
0 0.1488465314136126 0.7924574607329843 0.015134162303664905 0.01308900523560208
0 0.1863710260115607 0.8408372471098265 0.015579841040462422 0.010838150289017356
0 0.08056023966704942 0.7333210749138921 0.014127080941446615 0.014575559701492602
0 0.17090637703252032 0.7666359671409214 0.016937669376693776 0.016408367208672114
0 0.18360962906504064 0.754858993902439 0.017466971544715437 0.016673018292682862
0 0.12553984680573665 0.6707341916558018 0.01578797262059975 0.01782513037809652
0 0.1597895616036506 0.6390309240547588 0.014514749022164292 0.018079775097783468
0 0.17086660691003913 0.6488347457627119 0.01476939374185135 0.017315840938722293
0 0.21975839308996087 0.722045102672751 0.017825130378096493 0.01604261734028689
0 0.22332341916558018 0.7112227020860495 0.017825130378096465 0.014260104302477261
0 0.23045347131681876 0.7033287157757497 0.017825130378096493 0.01426010430247715
0 0.23707423402868316 0.6939068611473272 0.01629726205997392 0.01629726205997395
0 0.2440769638200782 0.6855035853976532 0.01298688070404172 0.014260104302477261
0 0.3125751201923077 0.7170973557692307 0.012269631410256387 0.020032051282051322
0 0.2552710843373494 0.6167168674698795 0.015060240963855415 0.009883283132530063
0 0.21785579819277112 0.5847138554216869 0.015060240963855415 0.018354668674698815
0 0.2491119682705718 0.5258727771966527 0.014982130404463029 0.018795763598326354
0 0.27567119944211993 0.5629194996513249 0.012530509065550921 0.01770615411436538
0 0.2879293061366806 0.5386756886331938 0.01362011854951184 0.016616544630404406
0 0.3023666317991632 0.5355430613668062 0.013075313807531352 0.02015777545327757
0 0.2968576002227171 0.5213147271714922 0.010874860801781738 0.017399777282850692
0 0.3047962486080178 0.5022837207683741 0.011092358017817328 0.01674728563474387
0 0.308838879048583 0.4820106907894737 0.01008192054655871 0.015617092611336036
0 0.3264328188259109 0.4812199519230769 0.013640245445344146 0.013244876012145745
0 0.3192173266700405 0.46224221912955465 0.011070344129554655 0.016012462044534437
0 0.3119029921558704 0.4526545103744939 0.011070344129554655 0.01581477732793518
0 0.33622040389972147 0.3914410689415042 0.01033687325905297 0.018497562674094692
0 0.2897804711838006 0.3770930685358256 0.008923935617860868 0.01561688733125649
0 0.30255792445482865 0.3546818211318795 0.010140835929387304 0.015414070612668695
0 0.2837973779854621 0.3608677310488058 0.01358872014537904 0.015211253894080956
0 0.27710442627206644 0.350321261682243 0.014805620456905533 0.01358872014537904
0 0.27304809190031154 0.3371381749740394 0.013183086708203562 0.012777453271028028
0 0.27061429127725856 0.3266931139667705 0.015211253894081012 0.014602803738317738
0 0.2626030308930426 0.32000016225337485 0.01622533748701971 0.01581970404984423
0 0.2561128958982347 0.3051945417964694 0.0174422377985462 0.018253504672897214
0 0.24708755192107995 0.29657483125649015 0.012777453271028055 0.023729556074766345
0 0.23086221443406024 0.2756847092419522 0.01561688733125649 0.014805620456905533
0 0.22447348779854623 0.26503683151609553 0.010952102803738317 0.015414070612668751
0 0.21818616952232606 0.2554030373831776 0.013385903426791274 0.014399987019730026
0 0.21152343750000002 0.2486328125 0.013281249999999994 0.012890624999999989
0 0.20556640625 0.24091796875 0.013476562500000011 0.013085937500000006
0 0.2013671875 0.22744140625 0.014062500000000006 0.0166015625
0 0.19072265625 0.217578125 0.0146484375 0.012890625000000017
0 0.184765625 0.2095703125 0.013281249999999994 0.01171875
0 0.179655292991755 0.19702407243816256 0.015643404004711425 0.01449315371024737
0 0.17137349087161366 0.18747699499411072 0.013342903415783258 0.013342903415783258
0 0.16930304034157834 0.17252374116607774 0.014723203769140186 0.014263103651354525
0 0.1612512882803298 0.16090621319199058 0.015643404004711425 0.014493153710247342
0 0.15223415581162325 0.1479286698396794 0.008610971943887796 0.012525050100200413
0 0.14440599949899802 0.1349143599699399 0.01330786573146292 0.016243424348697383
0 0.13325087675350705 0.11827952780561124 0.017221943887775565 0.014677793086172342
0 0.11788811998997999 0.09929624874749501 0.015069200901803609 0.011546530561122245
0 0.10976640781563128 0.0916637963426854 0.012133642284569146 0.016243424348697397
0 0.10516736598196394 0.07913874624248499 0.011937938376753512 0.016634832164328664
0 0.15644178982965934 0.08041082164328658 0.012720754008016033 0.01722194388777555
0 0.12835827905811625 0.07209340556112226 0.011742234468937865 0.014677793086172355
0 0.09890484093186375 0.0623082101703407 0.013503569639278568 0.018591871242484966
0 0.09140625 0.0478515625 0.010156249999999992 0.012109375000000006
0 0.08134765625000001 0.04345703125 0.015429687499999997 0.0185546875
0 0.0712890625 0.031640625000000006 0.012890624999999989 0.013281250000000001
0 0.06474609375 0.0228515625 0.015039062499999999 0.0125
0 0.060546875 0.0115234375 0.015625 0.012109375
0 0.3306640625 0.3373046875 0.01679687499999999 0.011328124999999967
0 0.3251569323144105 0.3253701555676856 0.01791075327510916 0.01321984170305679
0 0.3199329626091703 0.3149222161572053 0.013006618449781682 0.011087609170305657
0 0.3131098185043668 0.30639328602620086 0.01769753002183405 0.011940502183406088
0 0.30948502319869 0.2916808815502184 0.016418190502183405 0.013646288209607005
0 0.30159576282751094 0.2782478165938865 0.016418190502183405 0.010234716157205281
0 0.2969048512554585 0.26918582832969434 0.017271083515283836 0.010447939410480389
0 0.28720319323144106 0.25362053084061137 0.016631413755458513 0.009168599890829743
0 0.28347178629912667 0.24445193094978168 0.015138850982532759 0.01130083242358082
0 0.2788874863537118 0.22909985671397382 0.01961653930131002 0.018976869541484725
0 0.273343681768559 0.21513373362445415 0.016204967248908297 0.011940502183406115
0 0.26662714929039305 0.2058585221069869 0.014712404475982543 0.013859511462882085
0 0.258737888919214 0.19711636872270744 0.01684463700873362 0.0142859579694323
0 0.2474370564956332 0.1755808201419214 0.016418190502183405 0.012153725436681223
0 0.24111328124999998 0.16611328125 0.016992187500000006 0.013476562500000011
0 0.23330078125 0.15371093749999998 0.013867187499999989 0.013281249999999994
0 0.22607421875 0.14365234375000002 0.0146484375 0.011132812500000006
0 0.21962890624999998 0.13388671875000002 0.012304687499999994 0.010351562499999994
0 0.21279296874999998 0.12539062499999998 0.012304687499999994 0.011328124999999994
0 0.20673828125 0.115234375 0.013476562499999983 0.010546875000000011
0 0.2009765625 0.10595703125 0.01171875 0.011914062499999989
0 0.19232198471121179 0.09953195781426953 0.011280789920724787 0.01415628539071348
0 0.1860180138731597 0.08648163221970553 0.011059597961494916 0.011059597961494902
0 0.1812623867497169 0.07575382219705548 0.01393509343148358 0.012165557757644399
0 0.17628556766704417 0.06602137599093998 0.01415628539071348 0.01039602208380521
0 0.17042398074745188 0.05617833380520952 0.015262245186862977 0.011501981879954694
0 0.16035974660249153 0.04832601925254813 0.016368204983012474 0.013935093431483574
0 0.15615709937712347 0.03859357304643262 0.018137740656851642 0.011280789920724801
0 0.150627300396376 0.02841874292185731 0.014598669309173279 0.012607941676104188
0 0.14332796574178935 0.018907488674971693 0.014598669309173279 0.014377477349943374
0 0.1377981667610419 0.00862206257078143 0.016810588901472273 0.013271517553793886
0 0.5690674162106703 0.4230506155950753 0.011756155950752412 0.014695194938440459
0 0.5940492476060191 0.40434764021887826 0.00988585841313272 0.015763936388508926
0 0.6477041028628495 0.2938789946737683 0.012223285619174407 0.012483355525965356
0 0.2776912384969325 0.035497747315950914 0.013180598159509227 0.013480157208588955
0 0.2907220571319018 0.02037001533742331 0.012881039110429426 0.017374424846625765
0 0.3012066238496932 0.008687212423312883 0.009885448619631865 0.011982361963190184
0 0.3266691430214724 0.021418472009202452 0.012881039110429482 0.019471338190184047
0 0.32726826111963186 0.07189417177914109 0.014079275306748462 0.017973542944785273
0 0.31378810391104295 0.0712950536809816 0.015876629601226988 0.016176188650306747
0 0.31378810391104295 0.08881925805214724 0.009885448619631865 0.013480157208588958
0 0.318581048696319 0.1325548792177914 0.014079275306748462 0.015876629601227002
0 0.31708325345092025 0.1544226898006135 0.015876629601226988 0.01887222009202455
0 0.30510089148773 0.22976179064417174 0.015277511503067498 0.014977952453987725
0 0.33427480250929364 0.18325249767657992 0.01524744423791824 0.020329925650557606
0 0.35115590148698883 0.20866490473977695 0.017062616171003686 0.021782063197026025
0 0.3731704905063291 0.23422666139240506 0.017058939873417722 0.01804786392405064
0 0.41298828125 0.26845703125 0.0205078125 0.013867187499999989
0 0.44052734375 0.27255859375 0.016992187500000033 0.010351562499999967
0 0.38559040505865105 0.259582340542522 0.016896535923753675 0.010596132697947236
0 0.3719744694960212 0.1907793849469496 0.012951757294429711 0.01580114389920423
0 0.3972303962201591 0.20774618700265252 0.01683728448275862 0.0093252652519894
0 0.41549237400530503 0.24271593169761274 0.017096319628647216 0.015024038461538464
0 0.46457953415119363 0.24219786140583555 0.01839149535809015 0.014505968169761269
0 0.443485454416761 0.22085574745186864 0.013713901472253653 0.016589396942242346
0 0.4627291548697622 0.21952859569648925 0.008847678369195977 0.011280789920724787
0 0.45742054784824465 0.2133352208380521 0.008405294450736123 0.013492709513023782
0 0.4508953850509626 0.20592529020385053 0.008184102491506196 0.01415628539071348
0 0.42744903737259343 0.19740939977349944 0.011723173839184586 0.015262245186862977
0 0.40212255804077013 0.19044185305775765 0.010174830124575318 0.01327151755379391
0 0.443227867830424 0.1972607543640898 0.013150716957606001 0.012663653366583538
0 0.44214574053452116 0.18343280206013363 0.012179844097995551 0.015877296770601318
0 0.404736219376392 0.1633143095768374 0.012179844097995551 0.017399777282850776
0 0.42779092427616927 0.1505907224387528 0.010439866369710449 0.011962346881959907
0 0.4211572591870824 0.1411295935412027 0.011527352449888673 0.013919821826280626
0 0.4049537165924276 0.14102084493318487 0.010874860801781738 0.014137319042316243
0 0.37165764435695536 0.11252255577427822 0.018967355643044637 0.021530511811023625
0 0.39305999835958005 0.11534202755905512 0.013072096456692939 0.01640419947506562
0 0.4394284018987342 0.17365506329113925 0.012114319620253167 0.011125395569620278
0 0.5260318618222892 0.23159238516566266 0.01735457454819278 0.008530214608433728
0 0.4173828125 0.1318359375 0.009374999999999967 0.011328125000000022
0 0.4111328125 0.12285156250000001 0.009765625 0.011718750000000014
0 0.40513030966277563 0.1121615596627756 0.011399562256809326 0.013172827496757453
0 0.3624037281897492 0.07262983914940022 0.009584582878953085 0.012779443838604146
0 0.362829709651036 0.0530346919302072 0.015122341875681566 0.017891221374045807
0 0.35908203125000004 0.0427734375 0.009960937499999989 0.012890624999999996
0 0.3513671875 0.0349609375 0.011328125000000022 0.011718749999999997
0 0.34677734375 0.02578125 0.009179687500000033 0.012109375000000002
0 0.33544921875 0.009960937500000001 0.0087890625 0.012890625000000001
0 0.6716487514775413 0.2347351507092199 0.017776669621749397 0.009696365248226951
0 0.7069712248817965 0.2589760638297873 0.016391474586288424 0.009696365248226924
0 0.9467253989361701 0.3161153590425532 0.017084072104018855 0.014544547872340385
0 0.9249085771276595 0.2582834663120568 0.011312426122931374 0.014775413711583918
0 0.4578683035714286 0.034458705357142856 0.016741071428571452 0.009207589285714284
0 0.4702170333520179 0.023976142096412557 0.016422015134529178 0.00985320908071749
0 0.48171244394618834 0.04291619955156951 0.014889293721973118 0.009634248878923765
0 0.4381661821705426 0.03860828488372093 0.01574612403100778 0.01423207364341085
0 0.4231770833333333 0.040727955426356585 0.015443313953488413 0.013020833333333336
