2 0.5992480876216968 0.9621653337969401 0.01847183588317103 0.020101703755215583
2 0.3698079937304075 0.1971492946708464 0.025715125391849558 0.03796042319749218
2 0.7160099164926932 0.6393528183716075 0.039144050104384154 0.01794102296450939
2 0.7122852088948788 0.6533229447439353 0.041063005390835516 0.02000505390835572
2 0.7108577806122449 0.6658163265306122 0.03706951530612235 0.023517219387755084
2 0.7754304846938775 0.678970025510204 0.034677933673469385 0.01953125
2 0.8109056122448979 0.6857461734693877 0.034677933673469385 0.01713966836734704
2 0.8451849489795917 0.6925223214285714 0.03866390306122447 0.016342474489795977
2 0.844188456632653 0.6795679209183674 0.0390625 0.016741071428571508
2 0.8392059948979591 0.666812818877551 0.05141900510204078 0.017538265306122458
2 0.8398038903061223 0.6506696428571428 0.0390625 0.017139668367346927
2 0.6120523174157303 0.4518521769662921 0.053985252808988804 0.0311622191011236
2 0.6370698735955056 0.4454880617977528 0.019750702247191 0.014044943820224698
2 0.6335586376404494 0.4235428370786517 0.058374297752809 0.03423455056179775
2 0.6476035814606741 0.40905898876404495 0.0425737359550562 0.0272120786516854
2 0.6555038623595506 0.39194171348314605 0.047840589887640506 0.0316011235955056
2 0.6811797752808989 0.36056004213483145 0.0351123595505618 0.025017556179775302
2 0.684252106741573 0.33729810393258425 0.051790730337078594 0.0390625
2 0.5353092597926268 0.3496723790322581 0.027451756912442393 0.026101670506912422
2 0.5492601526497696 0.34449704781105994 0.042752736175115214 0.03015192972350228
2 0.5506102390552996 0.3276209677419355 0.04185267857142849 0.027001728110599088
2 0.5580357142857143 0.31141993087557607 0.0423027073732718 0.03690236175115208
2 0.5670362903225807 0.29611895161290325 0.036002304147465414 0.03060195852534564
2 0.5769369239631337 0.2612417194700461 0.02970190092165903 0.018451180875576068
2 0.5854874711981568 0.2391903081797235 0.027001728110599088 0.019351238479262678
2 0.6012384792626728 0.2162388392857143 0.024301555299539146 0.02385152649769587
2 0.6048387096774194 0.20318800403225806 0.024301555299539146 0.022051411290322592
2 0.6066388248847927 0.19351238479262672 0.025201612903225867 0.015300979262672793
2 0.6054074273940345 0.18212813971742542 0.01992984693877542 0.013490973312401872
2 0.6126128335949764 0.17645579866562008 0.022076138147566704 0.016863716640502346
2 0.6182851746467817 0.16725740777080061 0.018703394819466257 0.015024038461538464
2 0.6228843700941915 0.15851893642072212 0.026062107535321788 0.014104199372056508
0 0.752142581569665 0.02066798941798942 0.013434193121693139 0.018601190476190473
0 0.7650600749559083 0.02566275352733686 0.01171186067019403 0.021701388888888888
2 0.6970279431216931 0.12021880511463845 0.01618992504409178 0.02066798941798942
2 0.7087398037918871 0.12900270061728394 0.012056327160493763 0.018256723985890663
2 0.7187293320105821 0.13399746472663138 0.009300595238095233 0.019290123456790126
2 0.7275132275132276 0.13640873015873017 0.01446759259259256 0.018601190476190493
2 0.7485256834215168 0.13313629850088182 0.016534391534391513 0.024457120811287467
2 0.7617876432980599 0.1355475639329806 0.014123126102292827 0.023768187830687834
2 0.7809055335097002 0.14295359347442682 0.011022927689594342 0.01997905643738976
2 0.8041570216049383 0.14588155864197533 0.01825672398589062 0.016189925044091696
2 0.7945119598765432 0.15862681878306878 0.019634589947089998 0.016878858024691357
2 0.7859002976190477 0.16809964726631393 0.023768187830687793 0.014467592592592615
2 0.7723014193227091 0.1931077772244356 0.029828602257636172 0.019453436254980083
2 0.7691888695219122 0.21165338645418325 0.0199721945551129 0.012450199203187268
2 0.7641309760956174 0.2191753818061089 0.019712815405046435 0.012450199203187268
2 0.7566089807436919 0.22358482735723773 0.026456673306772815 0.018675298804780888
2 0.7451962981407703 0.2466695717131474 0.020750332005312067 0.016600265604249653
2 0.732097651062417 0.25432125664010624 0.03553494355909703 0.024122260956175312
2 0.7227600016600265 0.2687167994687915 0.041760043160690596 0.02956922310756971
2 0.7178317978087649 0.28324203187250996 0.03345991035856577 0.02023157370517925
2 0.7060300464807436 0.29945322875166 0.04201942231075695 0.0293098439575033
2 0.8237818238731218 0.19904267529215358 0.033584620200333926 0.021846306343906496
2 0.8236187917362271 0.2161610496661102 0.04499686978297168 0.02738939899833054
2 0.8094349958263773 0.22512781719532554 0.02967184891485808 0.021194177796327207
2 0.8003051961602672 0.23849645242070117 0.024454820534223765 0.017933535058430705
2 0.7960663606010017 0.2486044449081803 0.024454820534223765 0.015325020868113493
2 0.7950881677796328 0.2605057909015025 0.03228036310517535 0.014998956594323876
2 0.7879147537562605 0.2803957116026711 0.0479314482470784 0.02999791318864775
2 0.7742200542570952 0.2883842863105175 0.02967184891485808 0.017933535058430705
2 0.7685139294657763 0.2989813752086811 0.026085141903172016 0.01760747078464109
2 0.7634599332220368 0.30876330342237057 0.02380269198664431 0.013694699499165297
2 0.7644381260434057 0.32017555300500833 0.032280363105175236 0.02152024207011688
2 0.7562865191986645 0.34854314482470783 0.03619313439065108 0.023476627712854747
2 0.7468306552587647 0.36028145868113526 0.03684526293823043 0.024128756260434037
2 0.7378638877295494 0.39142059682804675 0.04173622704507507 0.021846306343906496
2 0.7222128025876461 0.41424509599332215 0.0534745409015025 0.02771546327212021
2 0.7044422996661102 0.4325046953255426 0.03423674874791327 0.021194177796327207
2 0.7006925605175293 0.4551661623539232 0.04173622704507518 0.028041527545909828
2 0.848388671875 0.080108642578125 0.03662109375 0.064849853515625
2 0.824737548828125 0.07457733154296875 0.028228759765625 0.0537872314453125
2 0.8111953735351562 0.03910064697265625 0.0522613525390625 0.0774383544921875
2 0.8875795867983367 0.11932334979209983 0.020302754677754664 0.014617983367983367
2 0.8926552754677755 0.10348720114345118 0.020708809771309733 0.01299376299376298
2 0.9052429833679834 0.07973297817047821 0.01746036902286907 0.013399818087318077
2 0.9099126169438669 0.07140884875259879 0.021114864864864802 0.012181652806652801
2 0.9133640852390852 0.05354242463617468 0.023957250519750506 0.014617983367983367
2 0.9247336278586278 0.034457835239085285 0.023957250519750506 0.015430093555093557
2 0.923312435031185 0.022885265072765122 0.02761174636174646 0.016648258835758836
2 0.9289972063409564 0.01476416320166325 0.027611746361746348 0.016648258835758833
2 0.9369152806652806 0.10937500000000004 0.02720569126819128 0.01827247920997921
2 0.9377273908523909 0.09780242983367987 0.02152091995841998 0.01624220374220374
2 0.947066658004158 0.09069646569646574 0.027205691268191168 0.021520919958419954
2 0.9738662941787941 0.14591995841995847 0.019084589397089458 0.03532679313929313
2 0.9909206081081081 0.1674408783783784 0.01339981808731816 0.01827247920997921
2 0.953766567047817 0.06958160083160088 0.02679963617463621 0.020708809771309768
2 0.9608725311850311 0.05780600311850317 0.03126624220374219 0.02395725051975052
2 0.9706178534303533 0.04907581860706865 0.033702572765072714 0.027611746361746355
2 0.9685875779625779 0.034660862785862834 0.02152091995841998 0.014211928274428274
2 0.9754905145530145 0.028570036382536426 0.028017801455301417 0.018272479209979205
2 0.9746784043659044 0.015982328482328532 0.019896699584199595 0.01421192827442827
2 0.9830025337837838 0.011515722453222502 0.027611746361746348 0.018272479209979205
2 0.8387856235891649 0.1683082322234763 0.011903922121896171 0.01388790914221219
2 0.8465011286681716 0.171394434255079 0.012344808126410811 0.021382971218961627
2 0.8608299238148984 0.1781179458239278 0.00969949209932286 0.01719455417607224
2 0.8663409988713319 0.18329835637697517 0.011903922121896171 0.018737655191873592
2 0.8760404909706547 0.1870458874153499 0.012344808126410922 0.02579183126410836
2 0.8846377680586908 0.19233651946952596 0.012344808126410811 0.02094208521444693
2 0.8934554881489842 0.19310806997742663 0.012785694130925451 0.022044300225733643
2 0.8997381137133182 0.19972136004514673 0.011683479119638851 0.019839870203160276
2 0.9097682703160271 0.1998315815462754 0.011903922121896171 0.02270562923250566
2 0.9181451044018059 0.20104401805869077 0.01058126410835214 0.015431010158013542
2 0.923766400959368 0.20567332110609482 0.015651453160270945 0.018076326185101577
2 0.9291672545146727 0.2137194906884876 0.018076326185101577 0.02446917325056433
2 0.9469129161963883 0.21691591422121898 0.015651453160270834 0.022044300225733615
2 0.9647687993792325 0.24788815603837475 0.02182385722347635 0.01565145316027089
2 0.9633359198645599 0.2592409706546276 0.02160341422121892 0.011463036117381475
2 0.9522035482505644 0.2708142282731377 0.027114489277652365 0.016974111173814865
2 0.949999118227991 0.28304881489841993 0.02050119920993232 0.012785694130925507
2 0.9455902581828444 0.288670111455982 0.024028287246049662 0.014769681151241498
2 0.9419529486455982 0.29825938205417607 0.024248730248307093 0.013667466139954842
2 0.9362214305869074 0.30465222911963885 0.02248518623024831 0.019398984198645608
2 0.930049026523702 0.31512327172686233 0.025571388261851014 0.013887909142212163
2 0.9268526029909707 0.32691697234762984 0.026673603273137614 0.01631278216704285
2 0.9157202313769752 0.3354040279345373 0.03218467832957117 0.023587401241535022
2 0.9077842832957111 0.34642617804740405 0.03350733634311509 0.024910059255078998
2 0.9064616252821671 0.36141630220090293 0.026012274266365765 0.0178558831828442
2 0.897533683690745 0.3704544652934537 0.029318919300225788 0.018296769187358952
2 0.8870626410835215 0.37905174238148986 0.0427659424379232 0.03196423532731374
2 0.8781346994920993 0.39503386004514673 0.038136639390519256 0.02733493227990974
2 0.8714111879232507 0.40925243369074493 0.03482999435665912 0.023587401241534967
2 0.8564210637697518 0.4225892353273138 0.048056574492099324 0.03438910835214448
2 0.8424229331264108 0.4544432491534989 0.047836131489842004 0.029759805304740372
2 0.8373527440744921 0.4687720443002258 0.039900183408577816 0.027114489277652365
2 0.8233546134311513 0.48023508041760726 0.049820118510157996 0.03637309537246047
2 0.8208195189051919 0.5012873871331829 0.03549132336343119 0.023807844243792342
2 0.8089155967832957 0.5121993157449211 0.04210461343115124 0.027996261286681756
2 0.8026329712189617 0.5287325409142212 0.039238854401805856 0.027555375282167005
2 0.8443553545321638 0.5777994791666667 0.033123172514619825 0.03169544956140358
2 0.8640579312865497 0.5739446271929824 0.050826937134502925 0.04226059941520466
2 0.8689121893274854 0.5284002649853802 0.04226059941520466 0.024842379385964897
2 0.8750513980263158 0.5138374908625731 0.03626416301169599 0.02769782529239767
2 0.8814761513157895 0.5029867964181287 0.023985745614035103 0.01684713084795325
2 0.8826183296783625 0.48899511147660824 0.022272478070175405 0.016276041666666685
2 0.9113155610380117 0.4722907529239766 0.037406341374269014 0.029696637426900596
2 0.9107444718567251 0.45444421600877194 0.02598455774853803 0.017989309210526327
2 0.9258783351608186 0.4454495614035088 0.049399214181286566 0.03255208333333337
2 0.9283054641812866 0.43003015350877194 0.03483644005847952 0.02455683479532167
2 0.9288765533625731 0.41403965643274854 0.025127923976608235 0.019988121345029253
2 0.9392989309210527 0.4057588633040936 0.033408717105263164 0.024556834795321614
2 0.9424399214181287 0.3897683662280702 0.02826891447368418 0.019988121345029197
2 0.9582876461988304 0.3699230171783626 0.027983369883040954 0.016276041666666685
2 0.9685892489711934 0.3336226851851852 0.021098572530864224 0.013061021090534974
2 0.9741150655864198 0.32538419495884774 0.022103266460905324 0.011855388374485631
2 0.979540412808642 0.317748521090535 0.027327674897119403 0.0158741640946502
2 0.9853776845421811 0.3099661619084362 0.025338380915637893 0.01678642618312759
2 0.98657327031893 0.2984583976337449 0.02089763374485587 0.014668531378600802
2 0.9894969296553497 0.2905836066100823 0.0170998906893004 0.012582786779835375
2 0.99033203125 0.281640625 0.015429687499999956 0.010937499999999989
2 0.9613525745997089 0.607259825327511 0.030988446142649173 0.023312409024745295
2 0.9650484443231441 0.5926184952692868 0.031557041484716164 0.01904794395924314
2 0.9749988628093158 0.569021788573508 0.03724299490538574 0.02700827874818057
2 0.979263327874818 0.5577920305676856 0.034400018195050897 0.025586790393013148
2 0.988441878184134 0.5429147334425036 0.019209993631732147 0.015733033114992745
2 0.9908303653492647 0.5212904986213236 0.014433019301470562 0.01601275275735292
2 0.9922664866727942 0.5059383616727942 0.011560776654411686 0.015467026654411742
0 0.900202220659164 0.16369825160771706 0.01570036173633438 0.011618267684887468
0 0.9287768790192925 0.1775145699356913 0.010676245980707377 0.00910620980707394
0 0.975306814307868 0.19641186856831822 0.018326148712199064 0.013616040191298778
