0 0.19410934291581108 0.02165682751540041 0.014437885010266938 0.01764630390143737
0 0.16852546021377673 0.02726024346793349 0.013453830166270775 0.012989904988123517
0 0.27658770161290325 0.05008820564516129 0.010080645161290314 0.012600806451612906
0 0.2674521169354839 0.05670362903225806 0.011340725806451624 0.009450604838709672
0 0.07194240629420087 0.0742905763790665 0.008011403818953322 0.011602722772277224
0 0.0756720231042654 0.15331105598341233 0.008793690758293837 0.011802058649289099
0 0.2876501264222503 0.19678413400758532 0.008395227560050567 0.01283975979772442
0 0.2613533106826802 0.20394476927939317 0.009629819848293308 0.012839759797724393
0 0.4317280783582089 0.10042560634328358 0.009328358208955223 0.01311800373134328
0 0.47068659310761796 0.16968806680773882 0.015587212817412321 0.013934023579201926
0 0.3266885446947675 0.1457122093023256 0.010787609011627952 0.011071493459302334
0 0.43845194327731096 0.13864452030812327 0.010941876750700297 0.012036064425770321
0 0.38749035493827166 0.2627073688271605 0.012056327160493818 0.00940393518518523
0 0.4799679487179487 0.20023466117216118 0.016454899267399237 0.015739468864468864
0 0.29538690476190477 0.2680322128851541 0.008206407563025209 0.009847689075630273
0 0.4609570703907816 0.3002841620741483 0.005675413326653278 0.011155122745490964
0 0.47015515405811625 0.3072316508016032 0.011937938376753499 0.010959418837675317
0 0.32972087783711623 0.40090954606141527 0.008605223631508674 0.017992740320427247
0 0.2737068965517241 0.31088362068965514 0.012931034482758619 0.008620689655172431
0 0.16228651354534745 0.20760637514723201 0.014033053592461736 0.009892152532391035
0 0.36278227645985406 0.1633710652372263 0.010692290145985384 0.011761519160583933
0 0.7692544291338581 0.028912401574803147 0.017224409448818867 0.009842519685039366
0 0.7940145177165354 0.028297244094488187 0.013841043307086687 0.008612204724409447
0 0.811392716535433 0.028143454724409447 0.013533464566929165 0.008304625984251968
0 0.4463883433456562 0.24511899260628467 0.01696799907578561 0.009386552680221816
0 0.7537578259930915 0.32366553324697755 0.017203691709844482 0.010457145941278057
0 0.6952141733409611 0.14838386727688785 0.010279605263157854 0.017877574370709387
0 0.8512913721079691 0.21978932358611825 0.008033419023136146 0.014811616323907456
0 0.8491915189302885 0.2691227839543269 0.011033278245192402 0.008216271033653855
0 0.856586162860577 0.2733482947716346 0.00798152043269229 0.011033278245192346
0 0.7876598265379113 0.07011690808297569 0.01341201716738194 0.015647353361945636
0 0.7232904160982264 0.0940537602319236 0.00879305934515684 0.012789904502046381
0 0.6120461118251928 0.3199560170308483 0.017573104113110527 0.00828446336760924
0 0.5987407615681234 0.3038891789845758 0.007531330334190178 0.013807438946015382
0 0.8356862557427258 0.35727531584992345 0.011365811638591183 0.019441519908116434
0 0.8191594923971377 0.3976129248658319 0.010132491055456216 0.013975849731663714
0 0.6530317503639009 0.31756049854439594 0.00852893013100442 0.016489264919941793
0 0.8367272882513661 0.576844262295082 0.014230418943533607 0.015297700364298783
0 0.798127276867031 0.5743539389799636 0.018143784153005438 0.008894011839708504
0 0.780517133424408 0.5731087773224044 0.016364981785063737 0.00996129326047357
0 0.7527678164845173 0.5688396516393444 0.01778802367941712 0.011384335154826952
0 0.667454447492163 0.5225007347178683 0.00826557601880884 0.01408209247648895
0 0.6723525666144201 0.4522433385579937 0.011939165360501547 0.018674079153605028
0 0.6490935114503817 0.4176258349236642 0.009318344465648942 0.01602755248091603
0 0.5761467544212218 0.43170342644694537 0.015072347266881114 0.010048231511254058
0 0.5874510148713825 0.43531450964630225 0.010676245980707377 0.012874296623794246
0 0.5523211567732116 0.389412100456621 0.01605308219178081 0.011891171993911764
0 0.5627486230110159 0.5643025168298654 0.009084302325581328 0.012670211138310905
0 0.548755572065379 0.6758683135215453 0.012769316493313476 0.011608469539375887
0 0.45698100884244375 0.5177414087620579 0.015386354501607746 0.017584405144694504
0 0.8159743088942308 0.7895257411858975 0.019406049679487114 0.012833032852564097
0 0.880874515503876 0.6389292635658914 0.007873062015503862 0.015140503875968991
0 0.8212209302325582 0.7258357558139534 0.010295542635658905 0.013929263565891525
0 0.8061602192540323 0.6118321572580645 0.016144783266129004 0.009450604838709742
0 0.7262238533266129 0.3907273815524194 0.009056829637096753 0.011419480846774188
0 0.8437159055486285 0.8449335645261846 0.007549485660847899 0.012420121571072307
0 0.7568359375 0.93701171875 0.012499999999999956 0.0087890625
0 0.7416915432285369 0.9665252796251512 0.009210625755743607 0.011099984885126979
0 0.7877446720072552 0.9122062046553809 0.014878703143893501 0.010627645102781136
0 0.9177561970979444 0.9242508691051996 0.013697853688029005 0.008265946191052032
0 0.9046487681378477 0.9360593636638452 0.007321266626360345 0.01298934401451024
0 0.57354736328125 0.875823974609375 0.01861572265625 0.0115966796875
0 0.539520263671875 0.883758544921875 0.01953125 0.01220703125
0 0.6155916539634146 0.8681878810975611 0.01929306402439024 0.008574695121951192
0 0.6314310213414636 0.8667587652439025 0.013814786585365835 0.00809832317073167
0 0.6675448158914729 0.7810985949612403 0.01302083333333326 0.013626453488371992
0 0.8551076680672269 0.0773453912815126 0.01313025210084029 0.0176437762605042
0 0.9176815257352942 0.059906775210084036 0.019285057773109182 0.013130252100840331
0 0.8674172794117647 0.0555984112394958 0.009847689075630273 0.01682313550420169
0 0.9938698135504203 0.07964318539915967 0.0083541228991596 0.016494879201680662
0 0.9275504241689752 0.8388211997922438 0.010279605263157854 0.01623095567867039
0 0.8511843015214384 0.6223742219917012 0.01782935684647302 0.010265387275241955
0 0.8679330912863071 0.622779434647303 0.0167487897648686 0.009995245504840988
0 0.5443591101694916 0.790817002118644 0.014896716101694851 0.021848516949152574
0 0.5551178495762712 0.8331898834745763 0.014565677966101642 0.022510593220338992
0 0.7809504409509203 0.7482985046012269 0.011383243865030646 0.013180598159509227
0 0.6011158917069244 0.76670692431562 0.01604015700483097 0.011951489533011284
0 0.6440839694656488 0.7017334605597965 0.01590330788804062 0.01590330788804073
0 0.7623648218829516 0.6679389312977099 0.01689726463104324 0.011927480916030575
0 0.6042457405533064 0.2958575826585695 0.007116649797570762 0.011861082995951455
0 0.6063543775303644 0.28834556342780027 0.00764380904183537 0.013178981106612697
0 0.7549612621191136 0.018616906163434886 0.01731301939058172 0.008656509695290858
0 0.9091976610429449 0.024699642126789337 0.009186477505112478 0.013580010224948882
0 0.8389866232014389 0.1308031699640288 0.009484599820143935 0.01721279226618705
0 0.50448350071736 0.1763472919655667 0.01541203371592531 0.01485159612625539
0 0.5577737356870229 0.3404699427480916 0.015282084923664119 0.014536617366412208
0 0.045986276455026454 0.2185639880952381 0.008611662257495593 0.014123126102292771
0 0.09197255291005291 0.22838128306878308 0.01033399470899471 0.017223324514991173
0 0.9768318965517242 0.26764547413793105 0.012122844827586188 0.02020474137931033
0 0.9521875 0.3103125 0.016249999999999987 0.013749999999999984
0 0.9893201462765957 0.8187927431610942 0.0166223404255319 0.014544547872340496
0 0.982641527355623 0.8229483282674772 0.018106477963525824 0.012763582826747721
0 0.5616658295063146 0.904864200631458 0.009866532721010346 0.015472517221584381
0 0.5763176305970149 0.9632987406716418 0.008745335820895539 0.013701026119403048
0 0.43420568315665486 0.8057365282685511 0.013112853356890442 0.018173954652532465
0 0.32748624213836475 0.596501572327044 0.012775157232704448 0.019654088050314433
0 0.3166254383767535 0.5541121305110221 0.010176603206412838 0.010763714929859725
0 0.3086994301102205 0.5455011585671343 0.008806675851703416 0.008806675851703472
0 0.29361715587044535 0.5452698001012146 0.010872659412955454 0.010081920546558765
0 0.2814595457995951 0.5499153909412955 0.0122564524291498 0.010674974696356254
0 0.20036565547128932 0.5219012391657638 0.013542795232936083 0.015447250812567703
0 0.2067138407367281 0.5012696370530878 0.016505281690140844 0.013966007583965268
0 0.49031377032520324 0.5914634146341463 0.019054878048780477 0.021913109756097615
2 0.024092348927875235 0.4316596613060429 0.03616898148148148 0.04949439571150094
2 0.03836957846003898 0.4438428971734893 0.042641325536062376 0.05939327485380119
2 0.05531189083820662 0.4552646807992203 0.046829312865497075 0.05634746588693962
2 0.09281341374269005 0.4840095029239766 0.047210038986354785 0.05292093079922022
2 0.08919651559454189 0.5123735989278753 0.020939936647173488 0.019036306042884976
2 0.12111585042432817 0.5955843352192363 0.046134635785007067 0.04254331683168322
2 0.14252563649222066 0.5965512287835926 0.024862977369165484 0.022376679632248986
2 0.12662938296903462 0.5224129098360656 0.06759448998178506 0.06154656193078328
2 0.1928967927631579 0.569066097861842 0.06071391858552633 0.04786441200657887
2 0.2283935546875 0.5698691920230263 0.027626439144736836 0.023771587171052655
2 0.2344970703125 0.5883403577302632 0.04047594572368418 0.043367084703947345
2 0.2518439041940789 0.5968531558388157 0.03405119243421048 0.030196340460526216
2 0.2608385587993421 0.6093814247532894 0.030838815789473645 0.0256990131578948
2 0.2696725945723684 0.645360043174342 0.059428967927631554 0.030838815789473673
2 0.2878225226151315 0.6837479440789473 0.05075555098684209 0.029875102796052655
2 0.30725740131578944 0.7324154502467105 0.058144017269736836 0.028911389802631637
2 0.3254073293585526 0.7505653782894737 0.05268297697368418 0.02794767680921051
2 0.3274953741776315 0.7860621402138157 0.06521124588815791 0.030838815789473784
2 0.353515625 0.8024452611019737 0.0311600534539474 0.019274259868421018
2 0.3551739386792453 0.8399543042452831 0.05306603773584906 0.032060731132075415
2 0.3699145047169811 0.8858343160377358 0.031692216981132115 0.018425707547169767
2 0.37046727594339623 0.9062868514150944 0.036482900943396235 0.017320165094339535
2 0.3778375589622641 0.9178950471698113 0.027638561320754707 0.014003537735849059
2 0.37820607311320753 0.935767983490566 0.04016804245283023 0.01953125
2 0.3807856721698113 0.9556677476415094 0.03795695754716982 0.020268278301886822
2 0.38834021226415094 0.9683814858490566 0.029481132075471705 0.011792452830188704
2 0.392578125 0.9768573113207547 0.022479363207547176 0.011792452830188704
2 0.3918410966981132 0.9884655070754718 0.027638561320754707 0.016583136792452824
2 0.015940730733082734 0.9427572838345863 0.027534656954887216 0.016153665413533802
2 0.012820136278195515 0.955056097274436 0.02423049812030075 0.0209263392857143
2 0.011535185620300778 0.9769002584586466 0.021660596804511278 0.019090695488721776
2 0.13525757753759401 0.8805289591165413 0.050296640037594 0.03047168703007519
2 0.13782747885338348 0.8992525258458646 0.03414297462406017 0.020192081766917336
2 0.13433975563909778 0.9121020324248119 0.028636043233082734 0.01725505169172925
2 0.11267915883458648 0.974330357142857 0.019090695488721804 0.01468515037593987
2 0.10258311795112784 0.982407189849624 0.029003171992481203 0.019090695488721887
2 0.1563264432485323 0.9876467710371819 0.03898605675146771 0.020639677103718168
2 0.1882414995107632 0.9326076320939334 0.05389249021526418 0.024461839530332652
2 0.1882414995107632 0.9157901174168297 0.03707497553816047 0.022932974559686903
2 0.2048679060665362 0.9083369006849314 0.053510273972602745 0.027137353228962713
2 0.20563233855185908 0.8970615215264187 0.03210616438356165 0.013759784735812186
2 0.12760416666666666 0.7898065476190477 0.07961309523809523 0.0424107142857143
2 0.055431547619047616 0.7821800595238095 0.023065476190476192 0.01822916666666674
