0 0.4676991455347299 0.18808141538037487 0.009474917309812592 0.017011783351708915
0 0.4954778803748622 0.1657938257993385 0.010766951488423271 0.01808847850055126
0 0.49946165242557883 0.18259027012127893 0.009259578280044034 0.0159350882028666
0 0.5029070769018743 0.20240146085997796 0.012274324696802619 0.01808847850055126
0 0.5053834757442117 0.22285866868798235 0.011628307607497113 0.018949834619625128
0 0.596648185483871 0.054498487903225805 0.00945060483870963 0.01701108870967742
0 0.5231163089480049 0.10604028113663846 0.00802977629987911 0.011336154776299887
0 0.5415375604594922 0.0968296553808948 0.013225513905683162 0.008502116082224911
0 0.5588960474607014 0.09340519195888755 0.01298934401451024 0.008738285973397819
0 0.6028277319182389 0.10548717570754718 0.008598663522012662 0.013205090408805034
0 0.6100444673742138 0.1365037834119497 0.009519948899371133 0.013819280660377353
0 0.6123177781501341 0.1494323894101877 0.009948894101876715 0.013090650134048254
0 0.6245420737122558 0.2248973134991119 0.007979018650088876 0.015611123445825936
0 0.6158179306402438 0.30840915586890244 0.019948075457317027 0.018459413109756073
0 0.6397853944359756 0.2804223037347561 0.010122903963414531 0.016077553353658514
0 0.6561242623390557 0.33381672478540775 0.014669393776823969 0.023051904506437793
0 0.6598963921673819 0.35791644313304727 0.016345895922746823 0.018441523605150223
0 0.8594619666048238 0.18257189239332094 0.014494434137291345 0.0181180426716141
0 0.8672527249536179 0.17659293831168826 0.012682629870129802 0.013407351576994436
0 0.7322677636876007 0.3754528985507246 0.018556260064412244 0.015096618357487934
0 0.7137382075471698 0.30800412735849053 0.016951650943396235 0.014003537735849059
0 0.7036040683962264 0.3295622051886792 0.01510908018867918 0.009949882075471705
0 0.885485197368421 0.21716400375939854 0.012922932330827086 0.012629229323308261
0 0.9082471804511277 0.34375 0.009692199248120259 0.014978853383458668
0 0.8474506578947367 0.5646146616541352 0.013216635338345939 0.01967810150375937
0 0.844954182330827 0.6158658364661653 0.010573308270676707 0.017622180451127845
0 0.9726277891621129 0.46762579690346084 0.008538251366120186 0.013874658469945345
0 0.8393954918032787 0.48167833561020035 0.009605532786885251 0.01707650273224043
0 0.9770747950819672 0.7725569928278688 0.014941939890710354 0.013607838114754078
0 0.9558625768442623 0.8007065403005464 0.010405993852459106 0.0138746584699454
0 0.9792093579234973 0.8385950307377049 0.010139173497267784 0.010672814207650205
0 0.9518602715163935 0.8275219859972678 0.013607838114754078 0.013074197404371546
0 0.9293139515027322 0.8357934170081966 0.0138746584699454 0.00933871243169404
0 0.9293139515027322 0.862608862704918 0.0138746584699454 0.008538251366120186
0 0.9107699368169399 0.8690125512295082 0.015208760245901676 0.012273736338797803
0 0.895294356215847 0.8783512636612022 0.01414147882513661 0.011206454918032849
0 0.8776842127732241 0.8900913592896175 0.017343323087431695 0.017076502732240373
0 0.8750160092213115 0.8642097848360656 0.015208760245901676 0.01174009562841527
0 0.8950275358606556 0.8551378927595628 0.017343323087431695 0.012273736338797803
0 0.8958279969262295 0.7794943220628415 0.016809682377049162 0.008271431010928865
0 0.9658302661381652 0.5 0.009511254246885703 0.011280789920724787
0 0.909400033377837 0.31251043057409883 0.014342039385847771 0.01225592456608815
0 0.8122182992788463 0.09497696314102566 0.012520032051282048 0.014085036057692318
0 0.7591646634615385 0.0995154747596154 0.014711037660256499 0.015024038461538464
0 0.541831182588598 0.34230546995377503 0.010533031587056985 0.015348131741140247
0 0.5525146860554699 0.35238708590138673 0.011435862865947555 0.013241525423728806
0 0.5574802580893683 0.36081351117103233 0.008125481510015353 0.013843412942989242
0 0.5656057395993837 0.36412389252696453 0.011134919106317365 0.015047187981510002
0 0.5725274460708784 0.3716474865177196 0.011736806625577856 0.015047187981510002
0 0.5806529275808937 0.378268249229584 0.011736806625577856 0.014445300462249622
0 0.5871232184129431 0.3875975057781202 0.015649075500770437 0.016852850539291198
0 0.5952486999229585 0.39466968412942993 0.012037750385208046 0.0117368066255778
0 0.6024713501540833 0.4018923343605547 0.013843412942989186 0.013542469183358996
0 0.6108977754237288 0.4085130970724191 0.013241525423728917 0.014746244221879812
0 0.6181204256548537 0.4164881067026194 0.013843412942989186 0.015047187981510002
0 0.757929104477612 0.4212336753731343 0.018786276948590364 0.01716677031509123
0 0.788861681177446 0.39888448383084574 0.01781457296849087 0.01651896766169153
0 0.6975918806433409 0.45631701467268626 0.00991993510158018 0.013667466139954842
0 0.6199959438487586 0.4373589164785553 0.011242593115124211 0.01587189616252821
0 0.6619903357787811 0.4488219525959368 0.015871896162528154 0.014549238148984234
0 0.6647458733069977 0.45609657167042894 0.015210567155756194 0.011463036117381475
0 0.6738942579006773 0.46370185524830704 0.014990124153498874 0.011683479119638851
0 0.6880026100451468 0.45940321670428896 0.01146303611738142 0.014549238148984234
0 0.68194042748307 0.4718582463318285 0.014769681151241554 0.011683479119638795
0 0.6861288445259595 0.4791328654063206 0.013447023137697522 0.011242593115124155
0 0.6916399195823928 0.48894257900677207 0.015210567155756194 0.013667466139954898
0 0.7134637768058691 0.45918277370203164 0.014769681151241554 0.015431010158013514
0 0.7237143764108352 0.4749444483634312 0.014549238148984234 0.016092339164785585
0 0.6927421345936795 0.49974428611738153 0.013887909142212163 0.012344808126410811
0 0.7029927341986457 0.5034918171557562 0.017194554176072185 0.011463036117381475
0 0.7057482717268624 0.5144037457674944 0.015651453160270834 0.014328795146726803
0 0.7256983634311513 0.5112073222347631 0.0101403781038375 0.016312782167042905
0 0.7130228908013545 0.5211272573363431 0.016974111173814976 0.01102215011286689
0 0.5858398437500001 0.444921875 0.015039062499999978 0.014843749999999989
0 0.66728515625 0.54111328125 0.018164062500000022 0.017382812499999956
0 0.6923828125 0.546484375 0.016406249999999956 0.017578125
0 0.73359375 0.58203125 0.009375000000000022 0.015234374999999911
0 0.7390625 0.5919921875 0.010937499999999933 0.010156249999999978
0 0.7476562499999999 0.60751953125 0.012109374999999978 0.017773437500000044
0 0.756640625 0.62666015625 0.012500000000000067 0.016210937500000022
0 0.764453125 0.6441406249999999 0.012890624999999933 0.017187500000000022
0 0.77392578125 0.6642578125 0.011523437499999956 0.016796874999999933
0 0.7816406250000001 0.68203125 0.011328125000000022 0.017578125
0 0.7891601562499999 0.699609375 0.011132812499999978 0.017578125
0 0.764453125 0.70068359375 0.012500000000000067 0.0166015625
0 0.78759765625 0.7220703125 0.0126953125 0.01953125
0 0.85009765625 0.95341796875 0.009960937500000044 0.0185546875
0 0.8228515625 0.93212890625 0.010937500000000044 0.02402343749999991
0 0.8232421875 0.979296875 0.008984375000000044 0.017187500000000022
0 0.7933593750000001 0.7657226562499999 0.011328125000000022 0.018164062500000022
0 0.77158203125 0.740625 0.0146484375 0.020312499999999956
0 0.76142578125 0.7215820312500001 0.011523437500000067 0.018945312499999978
0 0.75244140625 0.7046875 0.013867187500000044 0.017578125
0 0.74228515625 0.68447265625 0.015820312500000044 0.017773437500000044
0 0.730859375 0.66533203125 0.013671875 0.017382812500000067
0 0.72109375 0.6474609375 0.014453124999999956 0.016406249999999956
0 0.71162109375 0.6302734375 0.011523437500000067 0.016406249999999956
0 0.70166015625 0.61328125 0.015820312500000044 0.018750000000000044
0 0.6493164062500001 0.5607421875 0.016210937500000022 0.012890624999999933
0 0.6366972870879121 0.5447287087912088 0.01652644230769229 0.013307005494505475
0 0.6109417925824177 0.5089929601648352 0.013521634615384692 0.011804601648351731
0 0.6075470753205128 0.49962439903846156 0.015274439102564097 0.013772035256410187
0 0.5987830528846154 0.49173677884615385 0.015775240384615308 0.013521634615384581
0 0.5949018429487178 0.48297275641025644 0.017528044871794823 0.01652644230769229
0 0.584385016025641 0.4723307291666667 0.01652644230769229 0.014773637820512775
0 0.5754957932692308 0.46970152243589747 0.013772035256410242 0.014022435897435903
0 0.5701171875 0.45927734374999996 0.016015624999999978 0.013867187499999989
0 0.56416015625 0.4537109375 0.016992187499999978 0.014843749999999989
0 0.5556640625 0.4447265625 0.015625 0.011328124999999967
0 0.55048828125 0.43603515625 0.016992187499999978 0.015429687499999956
0 0.52568359375 0.40615234375 0.013085937499999978 0.012304687499999967
0 0.5194335937500001 0.3986328125 0.016992187499999978 0.011328125000000022
0 0.5140625 0.38564453125 0.015625 0.0126953125
0 0.5095703125 0.3775390625 0.019531249999999944 0.015625
0 0.4935546875 0.48955078125 0.014453124999999956 0.0166015625
0 0.501171875 0.48134765625 0.011718750000000056 0.013476562500000011
0 0.51005859375 0.46142578125 0.012304687500000022 0.013085937499999978
0 0.52158203125 0.44931640625 0.013867187500000044 0.013476562500000011
0 0.5254882812499999 0.46865234375 0.012304687500000022 0.012304687499999967
0 0.5051857939414115 0.4365273385486019 0.01326356524633826 0.012743425432756306
0 0.4917921937416778 0.42846517143808255 0.010922936085219714 0.014823984687083902
0 0.4862006907456724 0.41897261984021306 0.017424683754993342 0.014563914780292952
0 0.47631803428761654 0.412080767310253 0.010662866178428765 0.014303844873502003
0 0.4683859021304927 0.40414863515312915 0.012483355525965356 0.016644474034620493
0 0.4583732107190413 0.39751685252996005 0.013783705059920104 0.013263565246338205
0 0.43886796770972036 0.37749146970705727 0.008582306924101168 0.015344124500665801
0 0.46005859375 0.42978515625 0.0146484375 0.011914062499999989
0 0.44306640625 0.4166015625 0.0146484375 0.01640625000000001
0 0.45419921875 0.4365234375 0.01777343749999999 0.010546874999999956
0 0.44677734375 0.45458984375 0.012304687500000022 0.015820312500000044
0 0.43779296874999996 0.46015625000000004 0.009570312500000011 0.012500000000000011
0 0.44970703125 0.48203125 0.0146484375 0.012890624999999989
0 0.4337890625 0.4904296875 0.015234375000000022 0.012109374999999978
0 0.41318359375 0.49726562500000004 0.0166015625 0.012500000000000011
0 0.3608767725840336 0.5293132878151261 0.014361213235294101 0.012309611344537785
0 0.3680573792016807 0.5041811646533614 0.018054096638655426 0.010052849264705899
0 0.37082704175420167 0.4951541163340336 0.017438616071428548 0.01046316964285715
0 0.37800764837184875 0.485511587447479 0.021952140231092432 0.01046316964285715
0 0.38118763130252103 0.4739200367647059 0.015592174369747913 0.00943736869747902
0 0.3819056919642857 0.46263622636554624 0.01579733455882354 0.012309611344537785
0 0.38672695640756305 0.45278853728991597 0.015592174369747913 0.012719931722689093
0 0.41206423975840334 0.45042919511554624 0.014976693802521035 0.01907989758403361
0 0.38252117253151263 0.4309389771533614 0.013335412289915971 0.017438616071428548
0 0.40180623030462187 0.43350347951680673 0.012104451155462215 0.016412815126050417
0 0.3721605829831933 0.41298746060924374 0.012719931722689093 0.014361213235294101
0 0.3590303308823529 0.3980107668067227 0.011899290966386589 0.014771533613445409
0 0.3548994180161943 0.521251107034413 0.0116633982793522 0.011861082995951455
0 0.40927734375 0.41328125 0.01582031249999999 0.010156249999999978
0 0.3870310877466251 0.3598536474558671 0.014805620456905533 0.012371819833852549
0 0.42536344755970923 0.40761698468328145 0.014805620456905477 0.014197170301142259
0 0.31065646918837675 0.3554726640781563 0.01820046342685372 0.012329346192384794
0 0.30208926537585423 0.3280048761389522 0.016461417995444205 0.010010321753986307
0 0.08041625142369022 0.24436307659453305 0.018018579157175404 0.013569547266514825
0 0.6142729922279793 0.2808249676165803 0.012818436960276403 0.015854382556131252
0 0.6723411779835391 0.23898319615912209 0.009912980109739289 0.013395919067215378
0 0.7067370292467949 0.10921849959935899 0.0075120192307692735 0.015024038461538464
2 0.3899931066176471 0.006405101102941163 0.03216911764705882 0.011776194852941175
2 0.39415785845588236 0.018755744485294105 0.03245634191176472 0.015222886029411764
2 0.39990234375 0.03139361213235293 0.029009650735294157 0.0146484375
2 0.40435431985294124 0.04431870404411764 0.02240349264705882 0.011201746323529417
2 0.4085190716911765 0.05350988051470587 0.0192440257352941 0.011201746323529417
2 0.40880629595588236 0.08280675551470587 0.024988511029411797 0.012350643382352935
2 0.41584329044117646 0.09400850183823528 0.02355238970588236 0.01120174632352941
2 0.4090935202205882 0.10678998161764705 0.020967371323529382 0.010340073529411756
2 0.41426355698529416 0.11698644301470587 0.0290096507352941 0.01177619485294118
2 0.41878287825651306 0.14724370616232468 0.028181362725450854 0.011155122745490992
2 0.41946784193386777 0.1750336610721443 0.038553669839679394 0.015460608717434876
2 0.42416473572144286 0.1925491608216433 0.03307396042084171 0.015656312625250496
2 0.43150363226452904 0.2032150237975952 0.02191883767535069 0.012329346192384794
2 0.4305251127254509 0.21887133642284573 0.03131262525050105 0.0131121618236473
2 0.43522200651302606 0.23354912950901804 0.02583291583166336 0.013503569639278568
2 0.4451050538577154 0.24294291708416835 0.01702623997995989 0.008023860220440882
2 0.4424630511022044 0.25390233592184375 0.02661573146292584 0.011546530561122259
2 0.44236519914829664 0.26681879383767537 0.027202843186372727 0.012720754008016033
2 0.44872557615230463 0.27993095566132264 0.01996179859719438 0.011155122745490964
2 0.4175108028557114 0.3066445390781563 0.017417647795591185 0.025441508016032066
2 0.40508360470941884 0.3152555110220441 0.018787575150300606 0.030529809619238513
2 0.3807184681863728 0.30997150551102204 0.020940318136272562 0.04344626753507014
2 0.35684259143286573 0.3083080222945892 0.015069200901803637 0.03463959168336672
2 0.3384464240981964 0.30302401678356716 0.015852016533066116 0.02955129008016033
2 0.3238664829659319 0.2989142347194389 0.012525050100200386 0.02798565881763526
2 0.3100693574649299 0.2915753381763527 0.013894977454909807 0.02465869238476953
2 0.29658203125 0.29033203125 0.0146484375 0.029882812500000022
2 0.27353515625 0.2833984375 0.015429687500000011 0.029296875
2 0.2609375 0.27919921875 0.01171875 0.02167968749999999
2 0.25146484375 0.27060546875 0.014257812500000022 0.02753906249999999
2 0.2380859375 0.271875 0.012109375000000006 0.023828125000000033
2 0.228125 0.26318359375 0.015625 0.027929687500000022
2 0.21630859375 0.2591796875 0.015429687500000011 0.03164062500000003
2 0.20439453125 0.25546875 0.013867187500000017 0.02460937499999999
2 0.196875 0.24404296874999998 0.01835937500000001 0.04003906249999997
2 0.1828125 0.248046875 0.013671875 0.028515625000000017
2 0.171484375 0.24736328125 0.01171875 0.022070312500000022
2 0.16455078125 0.23662109375 0.01972656249999999 0.03378906250000002
2 0.1529296875 0.23486328125 0.01953125 0.03339843750000002
2 0.13896484375 0.2322265625 0.011523437499999983 0.021484375
2 0.13134765625 0.22421875 0.01777343749999999 0.03046874999999999
2 0.11953124999999999 0.220703125 0.017187499999999994 0.02656249999999999
2 0.107421875 0.21455078125 0.019921875000000006 0.029101562499999983
2 0.094921875 0.20986328124999998 0.017968750000000006 0.029882812499999994
2 0.057498711719670206 0.1964489472909305 0.02346510600706713 0.020244405182567732
2 0.061754637809187295 0.1842562941696113 0.0213946554770318 0.014723203769140158
2 0.07061156507656068 0.17608951707891637 0.02668580683156655 0.014953253828032975
2 0.07199186542991756 0.16677248969375735 0.02254490577149587 0.012882803297997625
2 0.07291206566548881 0.15469486160188456 0.023925206124852764 0.014953253828032975
2 0.0833793433451119 0.14629803445229683 0.025535556537102475 0.018404004711425198
2 0.08717516931684335 0.1369810070671378 0.02208480565371025 0.015413353945818609
2 0.09373159599528859 0.12823910482921083 0.02691585689045936 0.016793654299175495
2 0.09833259717314488 0.11926715253239105 0.02507545641931684 0.015873454063604214
2 0.10258852326266196 0.11225062573616021 0.02438530624263839 0.01794390459363958
2 0.0986776722614841 0.09879269729093051 0.021624705535924618 0.014033053592461722
2 0.11052525029446408 0.09258134570082452 0.027375957008244994 0.018173954652532395
2 0.11432107626619553 0.08314929328621909 0.02392520612485277 0.015873454063604242
2 0.11765680212014135 0.06543543875147233 0.0278360571260306 0.020014355123674908
2 0.13468050647820967 0.051862485276796245 0.04071886042402825 0.02231485571260307
2 0.13663593197879859 0.03575898115429919 0.038648409893992916 0.018173954652532392
2 0.1399716578327444 0.02103577738515902 0.03657795936395758 0.017253754416961132
2 0.14353743374558303 0.008728099234393417 0.03634790930506476 0.016563604240282685
2 0.08636999411071851 0.01413427561837457 0.034737558892815074 0.02001435512367491
2 0.08268919316843346 0.030352804770318036 0.027836057126030614 0.0184040047114252
2 0.07992859246171968 0.042315407832744414 0.025535556537102475 0.016563604240282685
2 0.07371724087161367 0.05059720995288576 0.030136557714958767 0.021624705535924618
2 0.07038151501766786 0.06278986307420496 0.02392520612485277 0.014263103651354532
2 0.06543543875147233 0.07325714075382805 0.023695156065959948 0.020474455241460535
2 0.06301991313309778 0.08890054475853948 0.01886410482921084 0.013572953474676089
2 0.060144287396937585 0.09568702149587752 0.022314855712603054 0.015183303886925792
2 0.05232258539458187 0.10488902385159013 0.025075456419316848 0.013342903415783272
2 0.044845958480565384 0.1246733289163722 0.021624705535924618 0.015183303886925778
2 0.04174028268551238 0.1351406065959953 0.02323505594817432 0.017713854534746748
2 0.03621908127208482 0.1461830094228504 0.02093455535924617 0.01449315371024737
2 0.032883355418139 0.1567653121319199 0.021164605418138985 0.010812352767962302
2 0.023221252944640766 0.16228651354534745 0.02760600706713781 0.015413353945818609
2 0.024716578327444068 0.18230086866902237 0.017253754416961132 0.009892152532391063
2 0.3099821159638554 0.5577701430722892 0.0223550451807229 0.012001129518072307
2 0.31351185993975905 0.5436511671686748 0.02376694277108432 0.01953125
2 0.32174792921686746 0.5261201054216869 0.021884412650602425 0.015060240963855498
2 0.3283367846385542 0.5144719503012049 0.02141378012048195 0.016707454819277157
2 0.3452795557228916 0.4734092620481928 0.03176769578313249 0.020707831325301185
2 0.356457078313253 0.4518778237951807 0.029649849397590355 0.01482492469879515
2 0.3579866340361446 0.43858245481927716 0.02376694277108432 0.009883283132530118
2 0.35151543674698793 0.4295227786144578 0.02070783132530124 0.012001129518072307
2 0.34657379518072284 0.4128153237951807 0.016472138554216864 0.012942394578313254
2 0.3423381024096386 0.40610881024096385 0.015530873493975916 0.01882530120481929
2 0.32832031250000004 0.40693359375000004 0.02265624999999999 0.02949218749999999
2 0.3216796875 0.39306640625 0.01640625000000001 0.019726562500000044
2 0.31396484375 0.3830078125 0.013867187500000044 0.017187500000000022
2 0.30302734374999996 0.37822265624999996 0.01777343749999999 0.02363281249999999
2 0.29218750000000004 0.375 0.010546875000000011 0.020703125000000044
2 0.28125 0.363671875 0.012499999999999956 0.019921875000000033
2 0.265625 0.34521484375 0.01171875 0.020117187500000022
2 0.2591145833333333 0.38606770833333326 0.0198412698412698 0.013330853174603197
2 0.2560143849206349 0.39722842261904756 0.018601190476190438 0.013330853174603197
2 0.2465160472972973 0.43084881756756754 0.0259712837837838 0.014991554054054057
2 0.24007601351351351 0.44151182432432434 0.02322635135135137 0.014358108108108114
2 0.24039273648648649 0.4513302364864865 0.032728040540540515 0.01541385135135137
2 0.23289695945945948 0.45713682432432434 0.02069256756756757 0.010557432432432401
2 0.23036317567567566 0.4671663851351351 0.021537162162162143 0.013302364864864857
2 0.23173564189189189 0.4797297297297297 0.026393581081081086 0.013091216216216228
2 0.22255067567567569 0.4877533783783784 0.01984797297297297 0.012668918918918914
2 0.21991131756756757 0.4968327702702703 0.01921452702702703 0.011402027027027029
2 0.21864442567567569 0.508129222972973 0.028927364864864857 0.015413851351351426
2 0.21442145270270271 0.5169974662162162 0.0234375 0.010768581081081141
2 0.2143158783783784 0.5275548986486487 0.030827702702702714 0.015413851351351315
2 0.21230996621621623 0.539379222972973 0.029349662162162143 0.016258445945945943
2 0.203125 0.5463471283783783 0.024493243243243257 0.012457770270270285
2 0.20016891891891891 0.5574324324324325 0.0304054054054054 0.016469594594594628
2 0.20291385135135134 0.570629222972973 0.034206081081081086 0.01752533783783783
2 0.19087837837837837 0.5789695945945945 0.02153716216216217 0.014780405405405372
2 0.18327702702702703 0.6006123310810811 0.026604729729729715 0.01710304054054046
2 0.18179898648648649 0.6166596283783783 0.03716216216216217 0.02301520270270274
2 0.24033203125000002 0.3333984375 0.018945312500000006 0.010156250000000033
2 0.23447265625 0.34033203125 0.01777343749999999 0.010351562500000022
2 0.23076171875 0.3490234375 0.020117187499999994 0.010546875000000011
2 0.2287109375 0.35849609375 0.022265624999999983 0.013476562500000011
2 0.2208984375 0.37470703125 0.023828125000000006 0.015039062499999978
2 0.2169921875 0.38457031249999996 0.022265624999999983 0.010546875000000011
2 0.21240234375 0.39560546875 0.0244140625 0.0166015625
2 0.20322265625000002 0.41425781250000004 0.026757812500000006 0.01835937500000001
2 0.2083984375 0.40595703125 0.02460937499999999 0.015039062499999978
2 0.20263671875 0.42724609375 0.01972656249999999 0.011523437499999956
2 0.19736328125000002 0.43408203125 0.024804687500000006 0.015039062499999978
2 0.18994140625 0.45576171875000004 0.02324218750000001 0.01582031249999999
2 0.18828125 0.46640625 0.021875000000000006 0.014843749999999989
2 0.18349609375 0.4759765625 0.02324218750000001 0.015234374999999967
2 0.18222656250000002 0.48671875 0.021875000000000006 0.012109375000000033
2 0.17900390625 0.4951171875 0.0244140625 0.015625
2 0.1720703125 0.50341796875 0.024609375000000017 0.013085937500000033
2 0.16591796875 0.52685546875 0.02167968749999999 0.013867187500000044
2 0.15576171875 0.54677734375 0.024023437500000022 0.015429687499999956
2 0.1474609375 0.55517578125 0.03164062499999998 0.01699218750000009
2 0.14111328125 0.58232421875 0.02558593749999999 0.013476562500000067
2 0.1349609375 0.5970703125 0.027343749999999986 0.012890625000000044
2 0.1302734375 0.6083984375 0.028515625000000003 0.014453124999999956
2 0.20164763621794868 0.32709835737179493 0.01076722756410256 0.017277644230769218
2 0.19338441506410253 0.3255959535256411 0.01076722756410256 0.020282451923076927
2 0.18524639423076922 0.3212139423076923 0.010516826923076927 0.020032051282051266
2 0.15859375 0.31455078125 0.02812500000000001 0.022070312499999967
2 0.15146484375000002 0.32177734375 0.024023437499999994 0.016992187499999978
2 0.14267578125 0.330859375 0.02128906250000001 0.013281250000000022
2 0.14169921875000002 0.3423828125 0.020898437500000006 0.013281249999999967
2 0.13876953125000002 0.3548828125 0.030664062500000006 0.017578125
2 0.13017578125 0.36474609375 0.025976562499999994 0.015429687499999956
2 0.12255859375 0.37431640625 0.02011718750000001 0.0107421875
2 0.1029296875 0.4052734375 0.02187499999999999 0.012890625000000044
2 0.1064453125 0.4169921875 0.02656249999999999 0.014453124999999956
2 0.10107421875 0.42763671875 0.031835937499999994 0.01738281250000001
2 0.09765625 0.4384765625 0.02656249999999999 0.012890625000000044
2 0.089453125 0.44716796875 0.02695312500000001 0.0146484375
2 0.0875 0.4583984375 0.032421875 0.019140624999999967
2 0.080859375 0.46982421875 0.03125 0.01933593750000001
2 0.07763671875 0.4806640625 0.0244140625 0.017578125
2 0.0697265625 0.49150390625 0.026171874999999997 0.019335937500000067
2 0.05947265625 0.49638671874999996 0.017382812499999997 0.011914062499999989
2 0.061328125 0.508203125 0.025390625 0.016406249999999956
2 0.0564453125 0.51748046875 0.022265625000000004 0.013476562499999956
2 0.051367187499999994 0.5303710937499999 0.021875 0.010351562500000022
2 0.048242187500000006 0.54326171875 0.030859375 0.024804687499999978
2 0.04052734375 0.55234375 0.025976562499999998 0.018750000000000044
2 0.028515625 0.5892578125000001 0.0375 0.025781249999999978
2 0.026660156249999997 0.6099609375 0.0439453125 0.0234375
2 0.016796875 0.6310546875 0.0328125 0.0234375
2 0.0171875 0.47861328125 0.034375 0.02363281249999999
2 0.02919921875 0.47099609374999996 0.0236328125 0.01972656249999999
2 0.022167968750000003 0.49482421875000004 0.0193359375 0.013476562500000011
2 0.0109375 0.51162109375 0.021484375 0.015820312500000044
2 0.03759765625 0.4580078125 0.018945312500000002 0.012499999999999956
2 0.0384765625 0.44599609375000004 0.022265624999999997 0.01738281250000001
2 0.044042968749999994 0.4359375 0.0228515625 0.017187499999999967
2 0.049218750000000006 0.42333984375 0.02890625 0.020117187500000022
2 0.056933593750000004 0.41640625 0.019726562500000003 0.014843749999999989
2 0.06201171875 0.40498046875 0.020898437500000006 0.014257812500000022
2 0.0623046875 0.3890625 0.041015625 0.02617187500000001
2 0.0748046875 0.37675781249999996 0.022656250000000003 0.01679687499999999
2 0.081640625 0.369921875 0.01992187499999999 0.015234375000000022
2 0.08408203125 0.359765625 0.021679687500000003 0.015234374999999967
2 0.08818359375000001 0.34775390625 0.023632812500000003 0.01582031249999999
2 0.0943359375 0.34072265625 0.02187499999999999 0.01777343749999999
2 0.098046875 0.3298828125 0.022265624999999997 0.017968749999999978
2 0.124609375 0.29755859375000004 0.018359374999999997 0.02128906250000001
2 0.11611328125 0.28955078125 0.012304687500000008 0.018945312499999978
2 0.1072265625 0.28583984375 0.012109375000000006 0.016992187499999978
2 0.09541015625 0.28740234375 0.015039062500000006 0.0224609375
2 0.08798828125 0.2833984375 0.0126953125 0.025000000000000022
2 0.07998046875 0.276953125 0.011132812499999992 0.01874999999999999
2 0.0703125 0.27333984375 0.013281249999999994 0.02128906250000001
2 0.0611328125 0.273046875 0.013281250000000008 0.02617187500000001
2 0.0537109375 0.26552734375 0.012499999999999997 0.0224609375
2 0.03916015625 0.27158203125 0.0166015625 0.03730468749999999
2 0.028124999999999997 0.25478515625 0.012890625 0.020507812499999972
2 0.0177734375 0.25205078125 0.015234375 0.022851562500000006
