4 0.5724546370967742 0.7862483198924731 0.022261424731182866 0.022261424731182755
4 0.6001764112903225 0.7860383064516129 0.022681451612903136 0.02016129032258074
4 0.5716145833333333 0.815440188172043 0.022261424731182866 0.021421370967741993
4 0.601541498655914 0.8141801075268817 0.023311491935483875 0.019741263440860135
4 0.6292632728494624 0.8288810483870968 0.019951276881720492 0.02058131720430101
4 0.6520497311827957 0.8231056787634409 0.01596102150537637 0.013650873655913998
4 0.6721060147849462 0.8235257056451613 0.013650873655913998 0.015330981182795744
4 0.653309811827957 0.842741935483871 0.020161290322580627 0.02058131720430112
4 0.6756762432795699 0.8425319220430108 0.021211357526881747 0.019741263440860246
3 0.5728615673719376 0.04064587973273944 0.1009187082405345 0.0769940144766147
