2 0.013838167779632739 0.6186873956594324 0.014020763772954928 0.024454820534223654
2 0.017587906928213708 0.6734661936560935 0.013694699499165276 0.03619313439065108
2 0.067970634800965 0.48038864595898667 0.02850761459589867 0.015549607961399259
2 0.07574543878166465 0.503595257840772 0.015314007840772026 0.011544405910735855
2 0.10083685162846803 0.4620118365500603 0.013664806996381187 0.035340018094089265
2 0.1308758670084439 0.4531768320265379 0.010602005428226757 0.02002601025331724
2 0.1454830744873341 0.46071603588661036 0.016727608564535562 0.030863615802171285
2 0.16692268546441494 0.4616584363691194 0.01672760856453559 0.03274841676718937
2 0.1840036942098914 0.466252638721351 0.011308805790108567 0.03628241857659831
2 0.19672610072376356 0.46236523673100116 0.01319360675512668 0.030392415560916763
2 0.208388306694813 0.4594202352231604 0.008717204463208672 0.023560012062726177
2 0.11556185916767188 0.5520110826296742 0.013429206875753913 0.039109620024125435
2 0.1262816646562123 0.5548382840772015 0.011780006031363088 0.03628241857659831
2 0.13629466978287091 0.557194285283474 0.010130805186972236 0.03486881785283469
2 0.14878147617611578 0.5548382840772014 0.01295800663449942 0.03958082026538001
2 0.13440986881785283 0.5975997059710494 0.007774803980699629 0.026622813630880593
2 0.14831027593486126 0.5998379071170084 0.01672760856453559 0.030156815440289475
2 0.16279968335343786 0.5993667068757538 0.011308805790108567 0.03204161640530756
2 0.17505088962605547 0.598070906212304 0.011780006031363088 0.02709401387213506
2 0.1855350949939686 0.6013693079010856 0.010602005428226757 0.03180601628468027
2 0.1721058881182147 0.5600214867310012 0.010602005428226757 0.03345521712907118
2 0.18223669330518694 0.5596680865500603 0.011073205669481306 0.034162017490952934
2 0.19448789957780455 0.5581366857659831 0.013429206875753913 0.03581121833534384
2 0.2057967053679131 0.5601392867913149 0.011073205669481306 0.03557561821471655
2 0.21698771109770806 0.5601392867913147 0.011780006031363088 0.03604681845597102
2 0.228178716827503 0.5607282870928829 0.009659604945717715 0.03816721954161639
2 0.23936972255729794 0.5590790862484921 0.010837605548854018 0.03863841978287086
2 0.2240557147165259 0.6049033097104946 0.011308805790108567 0.03321961700844389
2 0.2346577201447527 0.6063169104342581 0.01225120627261761 0.03321961700844389
2 0.12749247209165687 0.6843970329024677 0.014000073443008229 0.032590334900117535
2 0.13724662162162163 0.6807248824911869 0.015606639247943588 0.034426410105757976
2 0.1992141598119859 0.6753314115746181 0.01652467685076381 0.02318044947121034
2 0.21023061104582846 0.677052732079906 0.0073443008225616835 0.01422958284371334
2 0.18647638807285546 0.6808396371915394 0.010786941833137498 0.017213205052879044
2 0.12129571827262045 0.7211185370152762 0.00849184782608696 0.021114864864864913
2 0.12734375 0.715625 0.009765625 0.014843749999999933
2 0.134765625 0.7157226562500001 0.011328125000000022 0.018945312499999978
2 0.14345703124999998 0.713671875 0.012304687499999994 0.015234375000000022
2 0.1599609375 0.715234375 0.010937500000000017 0.022265624999999956
2 0.1669921875 0.709765625 0.008593750000000011 0.016796874999999933
2 0.17451171875 0.71064453125 0.011914062500000017 0.022070312500000022
2 0.19794921875 0.7059570312500001 0.012304687499999994 0.022851562499999978
2 0.22138671875 0.69775390625 0.009179687500000006 0.01621093749999991
2 0.2439453125 0.69892578125 0.01171875 0.021679687499999933
2 0.141796875 0.7681640624999999 0.010937500000000017 0.021093750000000022
2 0.14921875 0.76865234375 0.009765625 0.017382812499999956
2 0.15634765625 0.7662109375 0.008007812499999989 0.020703125000000044
2 0.16376953125 0.76689453125 0.008007812500000017 0.017773437499999933
2 0.25283203125 0.6934570312499999 0.009179687500000033 0.016992187499999978
2 0.26015625 0.6935546875 0.007421874999999967 0.013671875
2 0.26552734375 0.69326171875 0.008007812499999989 0.015820312500000044
2 0.27197265625 0.690625 0.009960937500000044 0.015625
2 0.28242187500000004 0.68984375 0.008984374999999989 0.015625
2 0.29111328125 0.6875 0.009960937499999989 0.016796875000000044
2 0.33525390624999996 0.67705078125 0.008007812499999989 0.016210937500000022
2 0.32998046875 0.67900390625 0.007226562500000033 0.017382812500000067
2 0.3232421875 0.68193359375 0.008984375000000044 0.015820312499999933
2 0.31474609374999996 0.68173828125 0.008007812499999989 0.015820312500000044
2 0.3083984375 0.68359375 0.008203124999999978 0.014843750000000044
2 0.30302734374999996 0.6844726562500001 0.008007812499999989 0.015039062499999978
2 0.23759765625 0.6949218749999999 0.008398437499999994 0.012109374999999978
2 0.17216796875 0.7638671875 0.010351562499999994 0.017578125
2 0.18046875 0.7638671875 0.006640624999999983 0.016406250000000067
2 0.18798828125 0.76103515625 0.009570312500000011 0.019726562499999933
2 0.20400390625 0.7568359375 0.009960937499999989 0.021484375
2 0.21220703125 0.7595703125 0.008007812500000017 0.014453125000000067
2 0.22578125 0.7509765625 0.010546874999999983 0.022265624999999956
2 0.233984375 0.7499023437500001 0.008984374999999989 0.024023437500000022
2 0.24208984374999998 0.751953125 0.008398437499999994 0.013671875
2 0.26708984375 0.7476562499999999 0.0087890625 0.013281250000000022
2 0.2744140625 0.74599609375 0.010546874999999956 0.017773437500000044
2 0.28046875 0.7443359375 0.009375000000000022 0.017968749999999978
2 0.28828125000000004 0.7443359375 0.006640625000000011 0.014843749999999933
2 0.30546875 0.741015625 0.008203124999999978 0.010546875000000067
2 0.313671875 0.7388671875 0.008203124999999978 0.014843750000000044
2 0.32050781250000004 0.73671875 0.006640625000000011 0.015625
2 0.32841796874999996 0.73515625 0.007617187500000011 0.014843749999999933
2 0.33544921875 0.7349609375 0.009179687499999978 0.017578125
2 0.34453124999999996 0.729296875 0.010937499999999989 0.021093750000000022
2 0.15615234374999998 0.7966796875 0.009179687500000006 0.020703124999999933
2 0.18056640625 0.7890625 0.0087890625 0.01992187500000009
2 0.19697265625 0.78662109375 0.009960937500000017 0.02089843750000009
2 0.20556640625 0.7849609375 0.009179687499999978 0.019921874999999978
2 0.2197265625 0.7814453125 0.0078125 0.017578125
2 0.228515625 0.78154296875 0.009375000000000022 0.0185546875
2 0.23544921875000002 0.778515625 0.008398437499999994 0.015234375000000022
2 0.251953125 0.77373046875 0.009375000000000022 0.015039062499999978
2 0.259375 0.7740234375 0.008203125000000033 0.016796875000000044
2 0.26787109375 0.7732421875 0.0087890625 0.019140625000000022
2 0.27548828125 0.7704101562500001 0.009179687500000033 0.015039062499999978
2 0.28193359375000004 0.76845703125 0.009570312500000011 0.0166015625
2 0.29082031249999996 0.76982421875 0.010937499999999989 0.021679687499999933
2 0.297265625 0.76357421875 0.008593750000000011 0.011523437499999956
2 0.3216796875 0.759765625 0.0078125 0.014453124999999956
2 0.3306640625 0.7603515625 0.009374999999999967 0.018359374999999956
2 0.33623046874999996 0.75693359375 0.007617187500000011 0.013476562499999956
2 0.3447265625 0.75732421875 0.01171875 0.01699218750000009
2 0.35273437500000004 0.75556640625 0.006640625000000011 0.015820312499999933
2 0.18525390625 0.8408203125 0.011914062500000017 0.0234375
2 0.19638671875 0.8377929687500001 0.011914062499999989 0.022851562499999978
2 0.20810546875 0.83984375 0.009960937499999989 0.016406249999999956
2 0.21621093749999998 0.83623046875 0.011328124999999994 0.021679687499999933
2 0.224609375 0.8353515625 0.009375000000000022 0.018359374999999956
2 0.23974609375 0.8314453125000001 0.009960937499999989 0.019921874999999978
2 0.24746093749999998 0.8283203125 0.009765624999999972 0.021484375
2 0.26357421875 0.8302734375 0.009570312500000011 0.012890624999999933
2 0.271484375 0.825 0.010546874999999956 0.021093750000000022
2 0.287890625 0.82333984375 0.010156249999999978 0.0185546875
2 0.29482421875 0.8208984375 0.0087890625 0.020312499999999956
2 0.302734375 0.8197265625000001 0.009375000000000022 0.017968749999999978
2 0.31943359375 0.82001953125 0.0087890625 0.013867187499999933
2 0.3251953125 0.815625 0.009765625 0.019921874999999978
2 0.33330078125 0.8143554687500001 0.010351562500000022 0.020898437499999978
2 0.341015625 0.81328125 0.0078125 0.019921874999999978
2 0.34697265624999996 0.81025390625 0.009960937499999989 0.023242187500000067
2 0.19755859375 0.8724609375 0.011914062500000017 0.028515625000000044
2 0.21179696594877767 0.8691292564027939 0.01750763969732247 0.027057261350407424
2 0.2286224898137369 0.8664007930733411 0.018871871362048903 0.027057261350407535
2 0.25806715657741564 0.8600343786379512 0.010459109429569236 0.026602517462165243
2 0.26875363795110596 0.8583290890570431 0.012732828870779977 0.02682988940628639
2 0.2772800858556461 0.8560553696158324 0.011141225261932453 0.021372962747380653
2 0.2935371798603027 0.853213220314319 0.01182334109429567 0.02523828579743892
2 0.3102490177532014 0.8469604918509895 0.011595969150174579 0.02455616996507559
2 0.3195712674621653 0.8494615832363214 0.01205071303841676 0.025465657741559955
2 0.32957563300349246 0.8446867724097789 0.01205071303841676 0.0204634749708964
2 0.33855682479627475 0.8460510040745053 0.01318757275902216 0.022737194412107087
2 0.36118033323632126 0.8408214493597206 0.015233920256111755 0.022282450523864905
2 0.2212890625 0.9291015625 0.010546875000000011 0.024218749999999956
2 0.23017578125 0.9300781250000001 0.009179687500000006 0.023046875000000022
2 0.23828125 0.92734375 0.009375000000000022 0.0234375
2 0.247265625 0.925 0.011328124999999994 0.019140625000000022
2 0.265625 0.92138671875 0.009765625 0.02480468750000009
2 0.30009765624999996 0.91474609375 0.011523437500000011 0.023632812499999933
2 0.3189453125 0.909765625 0.010937499999999989 0.0234375
2 0.32685546875 0.91142578125 0.011132812499999978 0.0185546875
2 0.33427734375 0.9076171875 0.008398437500000022 0.01953125
2 0.3431640625 0.905078125 0.010937499999999989 0.025781249999999978
2 0.35224609375000004 0.90419921875 0.011523437500000011 0.021289062499999956
2 0.35947265625 0.9012695312500001 0.009960937499999989 0.022851562499999978
2 0.36796874999999996 0.89970703125 0.010937499999999989 0.025585937499999933
2 0.3775390625 0.90078125 0.010156250000000033 0.022656250000000044
2 0.22626953125 0.96552734375 0.013476562499999983 0.026757812499999978
2 0.237890625 0.9627929687500001 0.014453125000000011 0.027929687500000022
2 0.2796875 0.954296875 0.021484375 0.02734375
2 0.29599609375 0.9548828125 0.014257812499999967 0.028906250000000022
2 0.3439453125 0.942578125 0.011328125000000022 0.025000000000000022
2 0.15361328125 0.96142578125 0.015820312500000017 0.02089843750000009
2 0.15419921875 0.98837890625 0.011914062499999989 0.019335937499999956
2 0.48769418352601157 0.945944725433526 0.020321531791907543 0.009709176300577993
2 0.443099710982659 0.9274295520231214 0.01287030346820811 0.032740245664739875
2 0.4534862716763006 0.9228007586705202 0.013773482658959557 0.03703034682080919
2 0.4662436777456648 0.921445989884393 0.01264450867052025 0.030708092485549066
2 0.4768560332369942 0.9186235549132947 0.012644508670520194 0.03183706647398843
2 0.42044297352342164 0.8426918915478614 0.01312690936863542 0.030231670061099725
2 0.4624093049898167 0.8348356351832993 0.013922479633401263 0.032021703156822734
2 0.4196474032586558 0.8017200229124236 0.01790033095723015 0.02744717413441955
2 0.43376877545824855 0.7972449401731161 0.012729124236252554 0.03162391802443987
2 0.4441111889002037 0.7995322046843176 0.012331339103869632 0.025856033604887974
2 0.4628070901221996 0.7948582293788187 0.012729124236252498 0.024861570773930808
2 0.4532602469450102 0.7939632128309573 0.013126909368635475 0.02983388492871686
2 0.673196231617647 0.9818187040441176 0.044232536764705954 0.03245634191176472
2 0.6466279871323529 0.9518037683823529 0.045094209558823595 0.039636948529411686
2 0.5979434742647058 0.89306640625 0.039636948529411686 0.03015854779411764
2 0.5843003216911764 0.8677906709558822 0.037051930147058876 0.031307444852941235
2 0.5725241268382353 0.8575942095588235 0.042796415441176516 0.029871323529411686
2 0.5634765625 0.8450999540441176 0.04250919117647067 0.027860753676470562
2 0.5568704044117647 0.8214039522058822 0.040211397058823484 0.016084558823529327
2 0.5562959558823528 0.8097713694852942 0.0396369485294118 0.012350643382352922
2 0.5502642463235294 0.7978515625 0.03676470588235292 0.016084558823529438
2 0.5455250459558824 0.7869370404411764 0.0439453125 0.016659007352941124
2 0.5470452370435807 0.761106816843345 0.03772820965842172 0.01495325382803292
2 0.5426742859246172 0.7491442137809187 0.038648409893992874 0.01495325382803303
2 0.536117859246172 0.726944383097762 0.03841835983510011 0.017943904593639592
2 0.5373925418215613 0.7129801734820322 0.03702950743494415 0.012101146220570014
2 0.5364244501239157 0.6983377865551424 0.02831668215613381 0.013795306691449793
2 0.5300108426270136 0.6881728237298637 0.03243107187112759 0.012827214993804237
2 0.5237182465923172 0.6752245972738538 0.0396917596034696 0.01306923791821557
2 0.43712895778364114 0.7119320992744063 0.012110405672823232 0.02937417546174148
2 0.42849707288918204 0.7137357767150396 0.009791391820580475 0.026797493403693973
2 0.41265047823219 0.7176007998021108 0.020355788258575203 0.03195085751978888
2 0.3866259894459103 0.7190179749340369 0.012110405672823232 0.024478479551451104
2 0.3774787681398417 0.7206928182717678 0.00824538258575197 0.020613456464379953
2 0.4419921875 0.6776367187500001 0.009765625 0.018945312499999978
2 0.43437499999999996 0.6783203125 0.007031249999999989 0.01953125
2 0.41923828125 0.6830078125 0.0087890625 0.014843750000000044
2 0.40810546875 0.68115234375 0.012304687499999967 0.023242187499999956
2 0.39638671875 0.68583984375 0.0107421875 0.019335937500000067
2 0.36959072788065844 0.6415613747427984 0.00984600051440332 0.027327674897119403
2 0.3756188914609053 0.6344280478395062 0.009042245370370405 0.015874164094650256
2 0.3856658307613169 0.6336242926954733 0.00864036779835392 0.014266653806584317
2 0.40133905606995884 0.6313134966563787 0.010649755658436177 0.016476980452674872
2 0.4089747299382716 0.6295050475823045 0.009444122942386834 0.01808449074074081
2 0.416308995627572 0.629002700617284 0.010046939300411561 0.0170797968106996
2 0.42304044495884774 0.6256872106481481 0.010247878086419748 0.015271347736625418
2 0.4300733024691358 0.6255867412551441 0.007836612654320951 0.013864776234567944
2 0.42783203125 0.60126953125 0.010351562499999967 0.018164062500000022
2 0.41611328125 0.6036132812499999 0.0068359375 0.016210937500000022
2 0.387890625 0.60966796875 0.009375000000000022 0.013867187499999933
2 0.36220703125 0.61259765625 0.009570312500000011 0.019726562499999933
2 0.42119140624999996 0.56005859375 0.009960937499999989 0.014257812499999911
2 0.41416015625 0.561328125 0.008007812499999989 0.013671875
2 0.39775390625 0.5660156249999999 0.010351562500000022 0.017968749999999978
2 0.3904296875 0.56533203125 0.0078125 0.0166015625
2 0.38076171875 0.56904296875 0.009960937499999989 0.015820312499999933
2 0.36923828125 0.571484375 0.007617187500000011 0.014843749999999933
2 0.36201171875000004 0.5697265625000001 0.008007812499999989 0.014062499999999978
2 0.347265625 0.57216796875 0.008203125000000033 0.0126953125
2 0.3533203125 0.5508789062499999 0.008203124999999978 0.014257812500000022
2 0.358203125 0.54990234375 0.008203124999999978 0.013476562499999956
2 0.36767578125 0.54755859375 0.009960937500000044 0.014257812500000022
2 0.378125 0.54697265625 0.007421875000000022 0.011523437499999956
2 0.38300781250000004 0.5462890625 0.006640625000000011 0.010546874999999956
2 0.38759765625 0.544921875 0.008007812499999989 0.014453124999999956
2 0.3935546875 0.54560546875 0.006640624999999956 0.013085937499999978
2 0.41708984375 0.5404296875 0.006445312499999967 0.012890625000000044
2 0.41025390625 0.54130859375 0.008007812499999989 0.014257812500000022
2 0.40400390625 0.54423828125 0.006445312500000022 0.0107421875
2 0.3994140625 0.54345703125 0.0078125 0.013085937500000089
2 0.34033203125 0.520703125 0.009960937500000044 0.013281250000000022
2 0.34541015625000004 0.5216796875 0.009570312500000011 0.016406250000000067
2 0.35029296875000004 0.51689453125 0.007617187500000011 0.0126953125
2 0.36318359375 0.5125 0.009179687500000033 0.013671875
2 0.4039855870944993 0.4925511283497884 0.020660701692524708 0.00826428067700985
2 0.39503261636107195 0.47712447108603667 0.020385225669957707 0.0110190409026798
2 0.39475714033850495 0.46307519393511987 0.024792842031029605 0.01432475317348375
2 0.392277856135402 0.4468221086036671 0.025894746121297607 0.014875705218617752
2 0.391726904090268 0.4318086653737659 0.02754760225669961 0.011294516925246856
2 0.391175952045134 0.42271795662905504 0.022589033850493656 0.010192612834978854
2 0.38263619534555715 0.41583105606488013 0.01818141748942176 0.010192612834978854
2 0.37988143511988715 0.40784225141043723 0.01818141748942176 0.009090708744710851
2 0.3767134608603667 0.39365523624823695 0.014600229196050751 0.007713328631875904
2 0.39158916607898453 0.3813965532440057 0.011845468970380801 0.01570213328631881
2 0.39697265625 0.37812500000000004 0.0126953125 0.014453125000000011
2 0.403125 0.37617187500000004 0.009765625 0.012890624999999989
2 0.40751953125 0.3708984375 0.009179687499999978 0.013671875
2 0.41162109375 0.36796875 0.0126953125 0.013671875
2 0.4146484375 0.3619140625 0.008203125000000033 0.01171875
2 0.4193359375 0.35820312499999996 0.009374999999999967 0.010546875000000011
2 0.42460937499999996 0.3564453125 0.010937499999999989 0.014453124999999956
2 0.42998046874999996 0.35390625 0.011914062499999989 0.013671875
2 0.43349609375 0.34882812500000004 0.011914062499999989 0.014843749999999989
2 0.43740234375 0.3451171875 0.009570312500000011 0.014062500000000033
2 0.44375 0.34345703125000004 0.008203125000000033 0.011523437500000011
2 0.45771484375 0.34550781249999996 0.0087890625 0.01640625000000001
2 0.4806310033748702 0.3949409397715472 0.028799974039459997 0.01602252076843197
2 0.4806310033748702 0.41045641874350985 0.02717744029075808 0.009735202492211825
2 0.4770817107995846 0.42110429646936653 0.03630419262720663 0.010343652647975043
2 0.48649035868392665 0.49460204288025894 0.04045307443365703 0.016644754584681842
2 0.4956555083603021 0.5405331378101402 0.04234931229773464 0.015801982200647213
2 0.49881590480043153 0.555492347626753 0.04024238133764835 0.01369505124056103
2 0.5035564994606256 0.5670804679072277 0.03961030204962246 0.015380596008629954
2 0.5106147181769148 0.5777204692556634 0.02844356796116504 0.010534654800431476
2 0.511668183656958 0.5904674015641855 0.03181465749730311 0.011588120280474623
2 0.507032935544768 0.6044784924487594 0.04319208468176916 0.015169902912621436
2 0.5171462041531824 0.6278654261057174 0.0360285194174757 0.016434061488673102
2 0.5464260057471264 0.41318696120689646 0.02155172413793105 0.009653376436781602
2 0.5428340517241379 0.3961251795977011 0.012571839080459779 0.01100035919540232
2 0.5858349199054622 0.332359506302521 0.0075909269957983305 0.013540572478991597
2 0.5892200630252101 0.3722631630777311 0.008616727941176405 0.013335412289915971
2 0.594140625 0.38671875 0.012890625000000044 0.007031250000000044
2 0.5916015625 0.3994140625 0.016015624999999978 0.010546874999999956
2 0.59619140625 0.40507812499999996 0.013085937500000089 0.008593750000000011
2 0.59794921875 0.41181640625000004 0.011914062499999933 0.007617187500000011
2 0.598046875 0.42939453125000004 0.016406249999999956 0.008007812499999989
2 0.60380859375 0.44140625 0.015429687500000067 0.007031250000000044
2 0.60185546875 0.451171875 0.0166015625 0.008203124999999978
2 0.6044921875 0.45751953125 0.013281249999999911 0.007617187499999956
2 0.60478515625 0.46376953125 0.018164062500000022 0.008398437499999967
2 0.5994140625 0.4724609375 0.016406250000000067 0.0078125
2 0.6052734375 0.4767578125 0.018749999999999933 0.007421875000000022
2 0.61044921875 0.483203125 0.015429687499999956 0.008203124999999978
2 0.6140625 0.48876953125 0.014062499999999978 0.007617187499999956
2 0.61650390625 0.49541015624999996 0.015820312499999933 0.008007812499999989
2 0.61748046875 0.50322265625 0.017773437499999933 0.014648437499999944
2 0.6208984375 0.50966796875 0.017578125 0.013867187500000044
2 0.6290039062499999 0.514453125 0.012304687500000022 0.0078125
2 0.6329101562499999 0.51904296875 0.010351562500000022 0.010351562499999911
2 0.63740234375 0.5249999999999999 0.015039062499999978 0.011328125000000022
2 0.64169921875 0.53173828125 0.0126953125 0.013085937500000089
2 0.6458984375 0.537890625 0.017578125 0.019921874999999978
2 0.6552734375 0.53642578125 0.009765625 0.011914062499999933
2 0.66455078125 0.53984375 0.009179687500000089 0.014062499999999978
2 0.6817340447719689 0.8321833286985539 0.010428253615127892 0.016728656840934386
2 0.7120124929218572 0.6238674971687428 0.03229402604756515 0.026764227066817692
2 0.7006211070215176 0.6174529303510758 0.04357481596828994 0.03693905719139301
2 0.6739939360529217 0.5404837375964718 0.00990559536934943 0.014212375964718804
2 0.7061871210033075 0.5087212307056229 0.018303817530319733 0.017011783351708942
2 0.692082414553473 0.49773894018743103 0.019380512679162076 0.013135680815876405
2 0.685191565600882 0.492140125413451 0.014643054024255808 0.013135680815876516
2 0.6790544032524806 0.4869719886990077 0.016150427232635045 0.010551612458654935
2 0.678731394707828 0.4797581312017641 0.014643054024255697 0.012920341786108014
2 0.675070631201764 0.47458999448732087 0.014643054024255808 0.011628307607497224
2 0.6713021981808158 0.47082156146637266 0.015289071113561148 0.010120934399117987
2 0.6680721127342888 0.46576109426681367 0.017442461411245835 0.01248966372657112
2 0.6636576626240352 0.45983927094818083 0.018088478500551286 0.01184364663726567
2 0.6620065789473684 0.4454152960526316 0.016036184210526216 0.009251644736842146
2 0.6600534539473684 0.43832236842105265 0.017475328947368474 0.01315789473684209
2 0.65703125 0.42373046875 0.015625 0.0068359375
2 0.6568359374999999 0.41669921875000004 0.019921874999999978 0.009570312500000011
2 0.6544921875 0.40673828125 0.017578125 0.0087890625
2 0.6541015625 0.39814453125000004 0.017578125 0.009960937499999989
2 0.6501953125 0.39189453125 0.016015624999999978 0.006445312500000022
2 0.64951171875 0.38457031249999996 0.017382812499999956 0.010937499999999989
2 0.6488281250000001 0.37197265625 0.019140625000000022 0.010351562499999967
2 0.64599609375 0.36640625 0.01621093749999991 0.0078125
2 0.64716796875 0.359765625 0.019335937500000067 0.012109375000000033
2 0.64208984375 0.35361328125 0.0146484375 0.008007812499999989
2 0.64326171875 0.3484375 0.015820312499999933 0.008203124999999978
2 0.64189453125 0.340234375 0.016210937500000022 0.012500000000000011
2 0.6390625 0.3306640625 0.016796875000000044 0.010937499999999989
2 0.6375976562500001 0.3240234375 0.016210937500000022 0.009765625
2 0.6616843996617812 0.3033178903607666 0.018936724915445402 0.015633807779030395
2 0.6926217235062007 0.27997727593010147 0.02268003100338223 0.01739536358511834
2 0.7399788040216086 0.3799519807923169 0.019226440576230464 0.011957908163265252
2 0.7337653811524609 0.3674079006602641 0.022274534813925606 0.01078556422569027
2 0.7327102716086435 0.3583808523409363 0.02626050420168069 0.011957908163265307
2 0.7320068652460985 0.3482986944777911 0.02157112845138054 0.011488970588235281
2 0.731420693277311 0.3385682397959183 0.01946090936374545 0.007971938775510223
2 0.7315379276710684 0.3325892857142857 0.020164315726290516 0.008675345138055235
2 0.7287861792214356 0.30834096941354905 0.014416392821031354 0.006911969160768416
2 0.7313534820525783 0.3150554537411527 0.015206332153690605 0.007306938827098097
2 0.7317484517189079 0.3237447864004045 0.016786210819009106 0.009676756825075794
2 0.762945329595186 0.3664438594091904 0.019018394420131313 0.010257111597374191
2 0.7643343134573304 0.35789626641137856 0.022223741794310747 0.008547592997811826
2 0.7627316397702406 0.351699261487965 0.02201005196936545 0.006410694748358869
2 0.7604878966083151 0.3448611870897156 0.017522565645514243 0.008120213347921179
2 0.7557867204595186 0.3374888881291029 0.010684491247264782 0.008761282822757122
2 0.7565346348468271 0.3312918832056893 0.017308875820568947 0.009616042122538304
2 0.755679875547046 0.3225306003829322 0.019445774070021904 0.009188662472647713
2 0.7549319611597374 0.3153719912472648 0.0196594638949672 0.009402352297593009
2 0.72626953125 0.265234375 0.0087890625 0.02226562500000001
2 0.7489257812500001 0.30751953125 0.016992187499999978 0.0087890625
2 0.73798828125 0.26552734375 0.009960937499999933 0.02558593749999999
2 0.7447265624999999 0.24892578125 0.014062499999999978 0.01777343749999999
2 0.7515624999999999 0.245703125 0.015234375000000022 0.019140624999999967
2 0.7578125 0.2390625 0.016796875000000044 0.023046875000000022
2 0.7625976562500001 0.23183593749999998 0.015039062499999978 0.019140624999999994
2 0.78095703125 0.22080078125 0.021679687499999933 0.01738281250000001
2 0.77548828125 0.21318359375 0.021289062499999956 0.0185546875
2 0.80107421875 0.20634765625 0.016992187499999978 0.022851562500000006
2 0.80634765625 0.19794921875 0.013476562500000067 0.019335937499999983
2 0.8626999130085653 0.20942769673447537 0.014010639721627416 0.0064825347965738744
2 0.8623046875 0.2193359375 0.01718749999999991 0.010937499999999989
2 0.8658203124999999 0.23349609375000002 0.023828124999999978 0.011132812500000006
2 0.864453125 0.2435546875 0.029687499999999978 0.010546875000000011
2 0.86865234375 0.25224609374999996 0.027539062500000044 0.011914062499999989
2 0.8775390625 0.26093750000000004 0.01953125 0.008984374999999989
2 0.8728515625 0.2740234375 0.028906250000000022 0.01640625000000001
2 0.8812500000000001 0.28007812499999996 0.019921874999999978 0.008984374999999989
2 0.88388671875 0.28583984375000004 0.015820312500000044 0.008007812499999989
2 0.8841796875000001 0.29560546875000004 0.019140625000000022 0.011523437500000011
2 0.8905273437500001 0.30693359375 0.020117187500000022 0.012304687500000022
2 0.89306640625 0.3171875 0.01699218750000009 0.009765625
2 0.89921875 0.34345703125 0.021484375 0.0087890625
2 0.89912109375 0.33476562499999996 0.0185546875 0.008984374999999989
2 0.90244140625 0.35048828125 0.0166015625 0.009179687500000033
2 0.904296875 0.35751953125 0.01914062499999991 0.0107421875
2 0.91953125 0.40869140625 0.021484375 0.011523437499999956
2 0.9201489825581395 0.45359106420626893 0.04206426946410513 0.03752211830131441
2 0.7966966892250531 0.5200039808917197 0.03504014065817407 0.03607683121019112
2 0.8051975517515924 0.5309929007430998 0.0358694930997876 0.03193006900212314
2 0.8150461119957537 0.5416708134288748 0.041882298301486154 0.037528197983014766
2 0.8584059303069054 0.49313159367007675 0.06044197570332477 0.05569653132992336
