2 0.435546875 0.4049479166666667 0.04036458333333337 0.1015625
2 0.5670572916666666 0.37760416666666663 0.03515625 0.07552083333333331
2 0.679511655948553 0.3542001607717042 0.028888665594855367 0.05526527331189712
2 0.6939559887459807 0.3485480305466238 0.025120578778135005 0.05526527331189712
2 0.7121684083601286 0.34980405948553056 0.021352491961414755 0.05149718649517687
2 0.73100884244373 0.34289590032154343 0.023864549839228366 0.05024115755627012
2 0.7900422025723473 0.2904566921221865 0.04647307073954987 0.03705285369774919
2 0.7925542604501608 0.2141529340836013 0.07033762057877813 0.01758440514469453
2 0.791298231511254 0.18557827572347269 0.07159364951768488 0.027004622186495186
2 0.7966363545016077 0.1664238344051447 0.058405345659164 0.023864549839228283
2 0.7878441519292605 0.14318729903536978 0.0558932877813505 0.02386454983922831
2 0.7492212620578778 0.08289790996784566 0.05149718649517687 0.04772909967845659
2 0.7376029943729904 0.07033762057877813 0.044589027331189746 0.04144895498392283
2 0.716878516881029 0.02983068729903537 0.039564911575562745 0.033284766881028945
2 0.693641981511254 0.013816318327974277 0.03328476688102888 0.025120578778135047
2 0.6791976487138264 0.010362238745980707 0.027004622186495242 0.015700361736334406
2 0.5837394493569132 0.03202873794212219 0.014444332797427628 0.028888665594855308
2 0.5686671020900322 0.032342745176848875 0.01695639067524113 0.035796824758842445
2 0.5962997387459807 0.09702823553054662 0.02574859324758849 0.0659415192926045
2 0.5583048633440515 0.1133566117363344 0.027632636655948506 0.063429461414791
2 0.4992715032154341 0.04458902733118971 0.01632837620578781 0.04019292604501608
2 0.47415092443729906 0.04804310691318328 0.016328376205787754 0.03705285369774919
2 0.3315916398713826 0.022922528135048234 0.011304260450160808 0.03202873794212219
2 0.32091539389067525 0.02512057877813505 0.013816318327974253 0.03391278135048232
2 0.3011329381028939 0.03485480305466238 0.011932274919614183 0.02323653536977492
2 0.2804084606109325 0.03140072347266881 0.013188303858520878 0.03265675241157556
2 0.27161625803858525 0.03516881028938907 0.011932274919614183 0.03391278135048231
2 0.2606260048231511 0.04082094051446945 0.012560289389067503 0.023864549839228293
2 0.24963575160771706 0.0370528536977492 0.013188303858520906 0.041448954983922835
2 0.29422477893890675 0.07033762057877814 0.053381229903537 0.015072347266881031
