2 0.06637049485125858 0.38950765160183065 0.01921839244851259 0.04424699656750575
2 0.07955520594965676 0.38481478832951943 0.013408180778032033 0.04558781464530892
2 0.08894093249427917 0.3763229405034325 0.014302059496567515 0.03486127002288325
2 0.101008295194508 0.37386477402745993 0.014302059496567515 0.040671481693363876
2 0.11285218821510298 0.3691719107551487 0.013855120137299767 0.04201229977116705
2 0.1318471109839817 0.35419944221967964 0.01877145308924484 0.04782251144164762
2 0.15799306350114417 0.34302595823798626 0.021006149885583525 0.03352045194508013
2 0.17229512299771166 0.3363218678489702 0.017430635011441653 0.03798984553775747
2 0.18369207665903892 0.33028818649885583 0.02145308924485126 0.040224542334096114
2 0.19464209096109839 0.32738308066361554 0.021006149885583525 0.040671481693363876
2 0.2082737414187643 0.31151673340961095 0.013408180778032047 0.0223469679633867
2 0.22056457379862698 0.31241061212814647 0.02011227116704803 0.03754290617848971
2 0.23777173913043476 0.31062285469107553 0.022346967963386727 0.043800057208237986
2 0.265928918764302 0.3095055062929062 0.015195938215102955 0.042459239130434756
2 0.27821975114416475 0.30838815789473684 0.016536756292906185 0.043800057208237986
2 0.29453303775743706 0.3074942791762013 0.012514302059496552 0.04648169336384439
2 0.3088350972540046 0.3072708094965675 0.015195938215102955 0.04424699656750575
2 0.34347289759725397 0.3028014159038902 0.012961241418764258 0.029944937070938205
2 0.35419944221967964 0.3014605978260869 0.012961241418764313 0.03798984553775747
2 0.36760762299771166 0.3010136584668192 0.011173483981693377 0.03262657322654461
2 0.37744028890160186 0.29877896167048057 0.012067362700228845 0.030838815789473728
2 0.3944239845537757 0.29944937070938216 0.013855120137299781 0.049163329519450794
2 0.40760869565217395 0.2914044622425629 0.01340818077803202 0.03486127002288325
2 0.4210168764302059 0.29185140160183065 0.011620423340961084 0.0294979977116705
2 0.43330770881006864 0.2954269164759725 0.013855120137299726 0.0321796338672769
2 0.46057100972540044 0.314868778604119 0.012067362700228845 0.04245923913043481
2 0.473085311784897 0.3188912328375286 0.012067362700228845 0.042459239130434756
2 0.4835883867276888 0.31978511155606404 0.010726544622425616 0.03798984553775747
2 0.4936445223112128 0.3173269450800915 0.010279605263157854 0.035755148741418774
2 0.4375536327231121 0.34324942791762014 0.008044908466819212 0.018771453089244827
2 0.42503933066361554 0.3421320795194508 0.007151029748283744 0.021006149885583525
2 0.4129719679633867 0.3454841247139588 0.014302059496567487 0.0294979977116705
2 0.4011280749427918 0.34481371567505725 0.012067362700228845 0.024581664759725397
2 0.38950765160183065 0.34481371567505725 0.009385726544622441 0.01921839244851259
2 0.3810158037757437 0.34883616990846683 0.012961241418764313 0.030838815789473673
2 0.3725239559496567 0.353529033180778 0.015642877574370717 0.03486127002288325
2 0.3604565932494279 0.3582218964530892 0.011173483981693377 0.029051058352402737
2 0.3504004576659039 0.3579984267734554 0.010726544622425616 0.030391876430205966
2 0.33475758009153317 0.35933924485125857 0.016089816933638423 0.03039187643020591
2 0.3262657322654462 0.363585168764302 0.015195938215102955 0.03798984553775747
2 0.31084632437070936 0.36291475972540044 0.015642877574370717 0.031285755148741434
2 0.29252181064073224 0.3664902745995423 0.011173483981693377 0.034861270022883306
2 0.2840299628146453 0.37319436498855835 0.013855120137299781 0.025922482837528626
2 0.2634707522883295 0.3814627431350114 0.016536756292906185 0.02815717963386727
2 0.2518503289473684 0.38056886441647597 0.01474899885583525 0.03620208810068648
2 0.2395594965675057 0.3794515160183066 0.015195938215102983 0.03843678489702518
2 0.22771560354691076 0.3801219250572082 0.012961241418764313 0.033520451945080076
2 0.21363701372997712 0.38481478832951943 0.014302059496567515 0.02145308924485123
2 0.1993349542334096 0.3861556064073226 0.014302059496567487 0.039330663615560646
2 0.1877145308924485 0.3930831664759725 0.015195938215102983 0.04603475400457668
2 0.17877574370709381 0.39420051487414187 0.012514302059496552 0.03754290617848971
2 0.16290939645308924 0.3995637871853547 0.011173483981693377 0.03843678489702518
2 0.1454787614416476 0.4026923627002288 0.011173483981693377 0.02502860411899316
2 0.13475221681922195 0.40537399885583525 0.012961241418764285 0.02502860411899316
2 0.06771131292906178 0.4914098255148741 0.012067362700228838 0.04156536041189929
2 0.09475114416475972 0.4873873712814645 0.016983695652173905 0.042459239130434756
2 0.10659503718535468 0.48180062929061784 0.014748998855835235 0.037542906178489766
2 0.11977974828375286 0.4780016447368421 0.015195938215102983 0.03352045194508013
2 0.13207058066361554 0.47822511441647597 0.012067362700228818 0.03307351258581237
2 0.15061856407322655 0.47420266018306634 0.011620423340961084 0.02502860411899316
2 0.16156857837528604 0.47286184210526316 0.012067362700228845 0.031285755148741434
2 0.1760941075514874 0.4717444937070938 0.010726544622425616 0.031732694508009196
2 0.19978189359267734 0.45677202517162474 0.01698369565217389 0.03754290617848971
2 0.21319007437070936 0.4581128432494279 0.01251430205949658 0.0294979977116705
2 0.08178990274599543 0.6456039044622426 0.014302059496567501 0.04871639016018303
2 0.09385726544622425 0.6440396167048055 0.013408180778032033 0.04737557208237986
2 0.0989970680778032 0.5971109839816933 0.01474899885583525 0.02681636155606404
2 0.13877467105263158 0.5975579233409611 0.016536756292906185 0.03396739130434778
2 0.14257365560640733 0.639793692791762 0.011620423340961111 0.025475543478260865
2 0.15531142734553777 0.6458273741418764 0.012067362700228818 0.025028604118993103
2 0.1687196081235698 0.6400171624713958 0.01027960526315791 0.022346967963386755
2 0.17966962242562928 0.6377824656750573 0.015195938215102955 0.028604118993135086
2 0.17251859267734554 0.5924181207093822 0.013408180778032047 0.030838815789473673
2 0.1903961670480549 0.5875017877574371 0.014302059496567515 0.028157179633867213
2 0.18927881864988558 0.6330896024027459 0.01027960526315791 0.02458166475972534
2 0.19911148455377575 0.6321957236842105 0.009385726544622414 0.026369422196796277
2 0.20872068077803202 0.6301844965675056 0.01251430205949658 0.02681636155606404
2 0.21877681636155605 0.6266089816933638 0.01117348398169335 0.029497997711670387
2 0.23173805778032036 0.6237038758581235 0.016536756292906185 0.029051058352402737
2 0.245816647597254 0.6234804061784898 0.011620423340961084 0.019665331807780295
2 0.25766054061784893 0.6190110125858124 0.011173483981693322 0.03307351258581237
2 0.14235018592677345 0.7072815360411899 0.012067362700228845 0.029051058352402737
2 0.15575836670480547 0.7023652030892449 0.012067362700228818 0.022793907322654516
2 0.16670838100686497 0.7005774456521738 0.010726544622425643 0.022793907322654516
2 0.17855227402745993 0.6994600972540046 0.01117348398169335 0.025028604118993103
2 0.19218392448512583 0.6974488701372998 0.01251430205949658 0.02994493707093826
2 0.20447475686498856 0.6880631435926774 0.01117348398169335 0.02100614988558347
2 0.21810640732265446 0.6909682494279177 0.012514302059496552 0.019665331807780295
2 0.22927989130434784 0.6911917191075514 0.010726544622425643 0.019218392448512644
2 0.24224113272311212 0.6858284467963387 0.010726544622425616 0.020112271167048057
2 0.2661523884439359 0.6167763157894737 0.011173483981693377 0.02681636155606415
2 0.2636942219679634 0.6782304776887871 0.013408180778032075 0.025475543478260865
2 0.27598505434782605 0.678677417048055 0.014748998855835194 0.028157179633867213
2 0.2867115989702517 0.6773365989702518 0.011173483981693377 0.02994493707093826
2 0.2985554919908467 0.6719733266590389 0.010726544622425616 0.022793907322654405
2 0.31218714244851253 0.6654927059496567 0.008491847826086973 0.019665331807780295
2 0.28291261441647597 0.6143181493135011 0.010726544622425616 0.026369422196796277
2 0.29341568935926776 0.6132008009153318 0.011173483981693322 0.023240846681922278
2 0.30548305205949655 0.6107426344393593 0.011173483981693377 0.028157179633867324
2 0.31576265732265446 0.6107426344393593 0.010279605263157854 0.026369422196796277
2 0.32604226258581237 0.6053793621281465 0.011173483981693322 0.025475543478260865
2 0.3360983981693364 0.6060497711670481 0.011620423340961084 0.02681636155606415
2 0.34928310926773454 0.5957701659038901 0.01832451372997712 0.03039187643020591
2 0.3613504719679634 0.595993635583524 0.01206736270022879 0.0272633009153318
2 0.37073619851258577 0.5950997568649885 0.012067362700228845 0.028157179633867213
2 0.3258187929061785 0.6645988272311213 0.013408180778032075 0.02145308924485123
2 0.3407912614416476 0.6637049485125859 0.012067362700228845 0.016983695652173947
2 0.35241168478260865 0.6648222969107551 0.012067362700228845 0.021900028604118993
2 0.36000965389016015 0.6578947368421053 0.012067362700228845 0.019665331807780295
2 0.37878110697940504 0.6496263586956521 0.01027960526315791 0.01832451372997712
2 0.16961348684210525 0.747506078375286 0.011173483981693377 0.026369422196796277
2 0.18391554633867277 0.7461652602974829 0.013855120137299781 0.031732694508009085
2 0.1926308638443936 0.7466121996567505 0.009832665903890175 0.029051058352402737
2 0.20022883295194507 0.74080198798627 0.012514302059496552 0.02726330091533191
2 0.22704519450800914 0.7332040188787186 0.011620423340961111 0.02100614988558347
2 0.24090031464530892 0.7329805491990846 0.012514302059496552 0.025922482837528626
2 0.2522972683066361 0.7309693220823799 0.012067362700228845 0.024581664759725452
2 0.26771667620137296 0.7262764588100686 0.009832665903890148 0.028604118993134975
2 0.2779962814645309 0.7233713529748284 0.011620423340961084 0.02994493707093815
2 0.2900636441647597 0.722254004576659 0.012514302059496552 0.0294979977116705
2 0.30771774885583525 0.7177846109839816 0.008491847826086973 0.02413472540045769
2 0.324924914187643 0.7117509296338673 0.01340818077803202 0.031732694508009085
2 0.3363218678489702 0.710410111556064 0.01027960526315791 0.030838815789473673
2 0.34794229118993136 0.7079519450800915 0.00759796910755145 0.02145308924485123
2 0.35710454805491987 0.7075050057208239 0.009832665903890148 0.027710240274599562
2 0.37364130434782605 0.6994600972540046 0.011620423340961084 0.031285755148741434
2 0.38436784897025167 0.7008009153318078 0.011620423340961084 0.030391876430206022
2 0.39420051487414187 0.6947672339816934 0.012514302059496552 0.020112271167048057
2 0.40313930205949655 0.6943202946224256 0.008044908466819212 0.013855120137299837
2 0.4044801201372997 0.6576712671624714 0.009832665903890148 0.022793907322654405
2 0.4140893163615561 0.6491794193363845 0.013855120137299781 0.02368778604118993
2 0.4194525886727689 0.6873927345537757 0.012067362700228845 0.025028604118993103
2 0.429285254576659 0.6882866132723111 0.009385726544622386 0.02413472540045769
2 0.4404587385583524 0.6831468106407322 0.01027960526315791 0.026369422196796277
2 0.4507383438215103 0.6829233409610984 0.009385726544622441 0.02145308924485123
2 0.4616883581235698 0.6822529319221968 0.009832665903890203 0.01832451372997712
2 0.4753200085812357 0.6791243564073226 0.01206736270022879 0.030838815789473673
2 0.4853761441647597 0.6753253718535469 0.010726544622425616 0.03217963386727685
2 0.49610268878718533 0.6721967963386728 0.012514302059496607 0.02681636155606404
2 0.50504147597254 0.6704090389016018 0.012514302059496607 0.031285755148741434
2 0.5130863844393593 0.6708559782608696 0.010726544622425616 0.023240846681922167
2 0.520237414187643 0.6672804633867278 0.010726544622425616 0.02681636155606404
2 0.5352098827231121 0.6603529033180777 0.01206736270022879 0.02994493707093826
2 0.5463833667048055 0.6599059639588101 0.010279605263157965 0.026369422196796277
2 0.48202409897025167 0.742589745423341 0.01027960526315791 0.031732694508009085
2 0.4972200371853547 0.7343213672768878 0.009385726544622441 0.029497997711670387
2 0.4860465532036613 0.7852724542334095 0.0075979691075515055 0.025028604118993214
2 0.47420266018306634 0.7808030606407322 0.00893878718535468 0.022346967963386755
2 0.4654873426773455 0.7830377574370709 0.0067040903890160375 0.016983695652173836
2 0.5193435354691076 0.7378968821510297 0.012514302059496552 0.03575514874141883
2 0.5296231407322655 0.7320866704805492 0.010726544622425616 0.03217963386727685
2 0.5437017305491991 0.7289580949656751 0.015642877574370773 0.037542906178489655
2 0.5564395022883295 0.7278407465675057 0.011620423340961139 0.037989845537757416
2 0.5671660469107551 0.7264999284897025 0.014302059496567487 0.037095966819222004
2 0.5796803489702518 0.7166672625858124 0.016089816933638423 0.029051058352402737
2 0.4590067219679633 0.7888479691075515 0.009832665903890148 0.025028604118993103
2 0.4498444651029748 0.7884010297482837 0.01206736270022879 0.025028604118993103
2 0.43800057208237986 0.7951051201372998 0.013408180778032075 0.02681636155606404
2 0.429285254576659 0.7919765446224256 0.011173483981693322 0.025922482837528626
2 0.4178883009153318 0.7973398169336384 0.013408180778032075 0.02413472540045758
2 0.40872604405034324 0.8020326802059496 0.010279605263157854 0.02100614988558358
2 0.3966586813501144 0.8053847254004576 0.009385726544622441 0.027710240274599562
2 0.3803453947368421 0.8094071796338673 0.010726544622425616 0.02681636155606404
2 0.3658198655606407 0.8136531035469108 0.011173483981693377 0.025475543478260865
2 0.3559871996567506 0.8141000429061784 0.011173483981693377 0.028157179633867213
2 0.32894736842105265 0.7814734696796338 0.010726544622425671 0.031732694508009196
2 0.3369922768878718 0.8214745423340961 0.009832665903890148 0.025922482837528626
2 0.32894736842105265 0.8205806636155606 0.010726544622425671 0.025922482837528626
2 0.3204555205949656 0.8205806636155606 0.009832665903890148 0.023240846681922167
2 0.3086116275743707 0.7767806064073226 0.009385726544622441 0.016089816933638423
2 0.3003432494279176 0.7877306207093822 0.012514302059496552 0.031732694508009196
2 0.4487271167048055 0.853654176201373 0.016089816933638423 0.02413472540045769
2 0.46258223684210525 0.8543245852402745 0.015195938215103011 0.034414330663615544
2 0.4800128718535469 0.8427041618993134 0.014302059496567487 0.031732694508009085
2 0.4907394164759725 0.8435980406178489 0.010726544622425616 0.031732694508009196
2 0.4945384010297483 0.5191200657894737 0.013855120137299726 0.031732694508009196
2 0.5452660183066361 0.5106282179633868 0.010726544622425616 0.02279390732265446
2 0.5559925629290619 0.5088404605263158 0.012514302059496552 0.027263300915331856
2 0.565601759153318 0.5081700514874141 0.012961241418764202 0.031285755148741434
2 0.5763283037757436 0.5041475972540046 0.013855120137299726 0.025922482837528626
2 0.5975579233409611 0.4965496281464531 0.016983695652173947 0.027710240274599507
2 0.6102956950800915 0.4896220680778032 0.021900028604118993 0.032626573226544664
2 0.6040385440503433 0.5407966247139588 0.01832451372997712 0.028604118993135086
2 0.5919711813501145 0.540349685354691 0.01474899885583525 0.031285755148741434
2 0.5767752431350115 0.5479476544622426 0.0120673627002289 0.0294979977116705
2 0.5638140017162472 0.5501823512585813 0.00938572654462233 0.025028604118993214
2 0.55241704805492 0.5512996996567505 0.009832665903890203 0.0272633009153318
2 0.5293996710526316 0.5546517448512586 0.011173483981693377 0.03128575514874132
2 0.5204608838672768 0.560685426201373 0.009385726544622441 0.029051058352402737
2 0.5126394450800915 0.5600150171624714 0.010726544622425616 0.025922482837528626
2 0.5030302488558352 0.5624731836384439 0.014748998855835194 0.034414330663615544
2 0.4909628861556064 0.5626966533180777 0.019218392448512644 0.03217963386727696
2 0.47733123569794045 0.567389516590389 0.009832665903890148 0.02994493707093826
2 0.46057100972540044 0.570741561784897 0.013855120137299781 0.0294979977116705
2 0.4328607694508009 0.5763283037757437 0.00759796910755145 0.020112271167048057
2 0.42280463386727685 0.5723058495423341 0.010726544622425671 0.026369422196796277
2 0.4154301344393593 0.5787864702517163 0.011173483981693377 0.02413472540045769
2 0.4029158323798627 0.5877252574370708 0.008491847826086973 0.027710240274599562
2 0.393977045194508 0.5843732122425629 0.011173483981693377 0.025475543478260865
2 0.4283913758581236 0.6409110411899314 0.011173483981693322 0.02145308924485123
2 0.47353225114416475 0.6337600114416476 0.010279605263157854 0.02145308924485123
2 0.48448226544622425 0.6321957236842106 0.010726544622425616 0.021900028604118993
2 0.4938679919908467 0.6292906178489703 0.010726544622425616 0.027710240274599562
2 0.5077231121281465 0.6277263300915332 0.012514302059496552 0.025475543478260865
2 0.5155445509153318 0.6234804061784897 0.011173483981693266 0.0294979977116705
2 0.5575568506864989 0.6118599828375286 0.010279605263157965 0.02055921052631582
2 0.5671660469107551 0.6114130434782609 0.013408180778031964 0.030391876430206022
2 0.5669425772311213 0.6540957522883295 0.012961241418764313 0.029051058352402848
2 0.5761048340961098 0.6511906464530892 0.015195938215103011 0.030391876430206022
2 0.5955466962242563 0.6496263586956521 0.010279605263157965 0.022793907322654516
2 0.6047089530892449 0.6453804347826086 0.013408180778032075 0.0294979977116705
2 0.5803507580091534 0.6047089530892449 0.0120673627002289 0.028604118993135086
2 0.5913007723112127 0.6029211956521738 0.00893878718535468 0.025922482837528515
2 0.6002395594965675 0.6013569078947368 0.010726544622425616 0.0272633009153318
2 0.6136477402745995 0.599345680778032 0.016983695652173947 0.029497997711670387
2 0.5883956664759725 0.4207934067505721 0.012961241418764313 0.03262657322654461
2 0.5787864702517163 0.4234750429061785 0.011620423340961139 0.0272633009153318
2 0.568953804347826 0.43040260297482835 0.010726544622425616 0.02055921052631582
2 0.5448190789473684 0.43643628432494275 0.014302059496567487 0.029944937070938205
2 0.5334221252860412 0.4364362843249428 0.009385726544622441 0.021900028604118993
2 0.5197904748283753 0.4391179204805492 0.012514302059496552 0.0272633009153318
2 0.5092873998855836 0.4368832236842105 0.013855120137299726 0.025475543478260865
2 0.49878432494279173 0.4464924199084668 0.016089816933638423 0.035755148741418774
2 0.4889516590389016 0.4527495709382151 0.012514302059496552 0.02502860411899316
2 0.4750965389016018 0.44962099542334094 0.016089816933638423 0.031285755148741434
2 0.4623587671624714 0.44962099542334094 0.017430635011441653 0.0294979977116705
2 0.45476079805491987 0.45230263157894735 0.011173483981693322 0.026816361556064094
2 0.44716282894736836 0.4565485554919908 0.013855120137299781 0.030838815789473728
2 0.4239219822654462 0.4636995852402746 0.011173483981693377 0.025475543478260865
2 0.5611323655606407 0.3769933495423341 0.01206736270022879 0.029051058352402737
2 0.5512996996567505 0.37811069794050345 0.01832451372997712 0.02860411899313503
2 0.5249302774599542 0.38704948512585813 0.01206736270022879 0.026816361556064094
2 0.5083935211670481 0.39397704519450805 0.01564287757437066 0.02815717963386727
2 0.49543227974828374 0.39934031750572085 0.01564287757437066 0.033520451945080076
2 0.4838118564073226 0.4017984839816934 0.017430635011441653 0.035755148741418774
2 0.536997640160183 0.38570866704805495 0.012961241418764313 0.026816361556064094
2 0.46660469107551483 0.4035862414187643 0.011620423340961084 0.029497997711670443
2 0.4554312070938215 0.40827910469107553 0.012514302059496552 0.033520451945080076
2 0.4312964816933638 0.41207808924485123 0.014302059496567487 0.034861270022883306
2 0.4156536041189931 0.4152066647597254 0.021453089244851287 0.03396739130434778
2 0.3836974399313501 0.42235769450800914 0.012961241418764258 0.034861270022883306
2 0.36514945652173914 0.42213422482837526 0.015195938215102955 0.02815717963386727
2 0.40112807494279173 0.47353225114416475 0.012961241418764313 0.025475543478260865
2 0.38146274313501144 0.4746495995423341 0.009385726544622441 0.023240846681922223
2 0.3521882151029748 0.4793424628146453 0.012514302059496552 0.03173269450800914
2 0.39643521167048057 0.5005720823798627 0.03664902745995419 0.010726544622425671
2 0.3360983981693364 0.48336491704805495 0.012514302059496607 0.03173269450800914
2 0.32738308066361554 0.48559961384439354 0.011173483981693377 0.026369422196796333
2 0.33788615560640733 0.43353117848970246 0.015195938215102955 0.0321796338672769
2 0.32671267162471396 0.4308495423340961 0.014302059496567487 0.03307351258581237
2 0.3079412185354691 0.43710669336384433 0.01340818077803202 0.03396739130434784
2 0.2958738558352403 0.4404587385583524 0.014302059496567487 0.03173269450800914
2 0.28358302345537756 0.4438107837528604 0.015642877574370717 0.03128575514874138
2 0.26928096395881007 0.4438107837528604 0.01474899885583525 0.0321796338672769
2 0.25788401029748287 0.444481192791762 0.01608981693363848 0.029944937070938205
2 0.24335848112128144 0.4525261012585812 0.012961241418764285 0.031732694508009196
2 0.23531357265446223 0.45520773741418763 0.016536756292906185 0.03530820938215107
2 0.31308102116704806 0.4887281893592677 0.01027960526315791 0.021900028604118993
2 0.3045891733409611 0.49185676487414187 0.011173483981693377 0.02368778604118993
2 0.29408609839816935 0.49051594679633864 0.00893878718535468 0.02100614988558347
2 0.28090138729977115 0.4929741132723112 0.008491847826086918 0.025922482837528626
2 0.274420766590389 0.49699656750572085 0.012514302059496552 0.02502860411899316
2 0.23441969393592677 0.5043710669336384 0.013855120137299781 0.026369422196796277
2 0.223916618993135 0.5097343392448512 0.01340818077803202 0.02547554347826092
2 0.20648598398169338 0.5110751573226544 0.014302059496567515 0.030838815789473617
2 0.18592677345537756 0.5159914902745996 0.01608981693363845 0.033520451945080076
2 0.15955735125858123 0.5249302774599542 0.01698369565217392 0.037095966819222004
2 0.14748998855835238 0.5249302774599542 0.013408180778032047 0.034414330663615544
2 0.13542262585812356 0.526941504576659 0.01340818077803202 0.027710240274599562
2 0.126260368993135 0.5345394736842105 0.013855120137299767 0.025028604118993103
2 0.11486341533180777 0.5334221252860412 0.009832665903890161 0.025475543478260865
2 0.1068981664037855 0.846867606466877 0.011706427444794956 0.040048304416403724
2 0.14971904574132494 0.8237628154574133 0.011090299684542587 0.03573541009463721
2 0.16204160094637227 0.8185257294952681 0.011090299684542587 0.03511928233438488
2 0.17405609227129337 0.8142128351735016 0.010474171924290232 0.03511928233438488
2 0.19777701104100948 0.8123644518927444 0.011090299684542587 0.03388702681388012
2 0.20917537460567825 0.8077434936908517 0.01170642744479497 0.034503154574132555
2 0.22427050473186122 0.8071273659305994 0.013554810725552063 0.032038643533123023
2 0.24957249195278972 0.7963217542918455 0.010478138412017224 0.023471030042918395
2 0.25984106759656656 0.7961121915236051 0.00922076180257514 0.023051904506437793
2 0.28373122317596566 0.8220979747854077 0.013412017167381995 0.02389015557939911
2 0.2474768642703863 0.8386534334763949 0.01466939377682408 0.021794527896995763
2 0.23553178648068668 0.8384438707081545 0.012573766094420596 0.02305190450643768
2 0.22673015021459225 0.8405394983905579 0.00838251072961374 0.019698900214592308
2 0.21562332349785407 0.8430542516094421 0.009639887339055797 0.01886064914163088
2 0.20724081276824033 0.851017636802575 0.010478138412017168 0.023051904506437793
2 0.2166711373390558 0.9197542247854077 0.01592677038626608 0.044846432403433445
2 0.228406652360515 0.9147247183476395 0.011735515021459225 0.03562567060085842
2 0.22727082215665234 0.9891823699034334 0.01030210568669529 0.017729010193133
2 0.2533446217811159 0.9874429989270386 0.009639887339055825 0.019279774678111594
2 0.276606089055794 0.9826230552575108 0.013412017167381995 0.022213653433476366
2 0.30091537017167386 0.9752883583690988 0.00670600858369097 0.018441523605150167
2 0.3229194608369099 0.9681632242489271 0.013831142703862709 0.02933878755364805
2 0.34785743025751076 0.9555894581545065 0.010897263948497882 0.020956276824034337
2 0.36085032188841204 0.9595711507510729 0.010897263948497882 0.022213653433476366
2 0.37300496244635195 0.9518173283261803 0.007544259656652397 0.016765021459227425
2 0.4098880096566524 0.946159133583691 0.013412017167381995 0.01886064914163088
2 0.42225221298283266 0.9419678782188841 0.00880163626609437 0.020537151287553734
2 0.4507527494635193 0.9371479345493563 0.009639887339055797 0.02011802575107302
2 0.4698229613733906 0.9428061292918455 0.014250268240343367 0.025566657725321962
2 0.479253285944206 0.9388244366952789 0.01131638948497854 0.02430928111587982
2 0.48994098712446355 0.9354714324034334 0.008382510729613712 0.02933878755364805
2 0.6810622317596566 0.6624111453862661 0.03436829399141628 0.013831142703862653
2 0.6837865477467812 0.702647196888412 0.024728406652360535 0.01634589592274671
2 0.6802239806866953 0.7145922746781116 0.028500536480686733 0.01844152360515028
2 0.6494182537553648 0.7003420064377682 0.020537151287553734 0.014250268240343367
2 0.6705840933476395 0.6345392972103004 0.018441523605150167 0.010059012875536455
2 0.6766614136266094 0.6133734576180259 0.04652293454935619 0.01215464055793991
2 0.6726797210300429 0.5915789297210301 0.0352065450643777 0.013831142703862653
2 0.6737275348712446 0.5316439780042919 0.04568468347639476 0.013831142703862653
2 0.6944742489270386 0.48239672746781115 0.04107430257510736 0.014250268240343311
2 0.6942646861587983 0.4534770654506438 0.02808141094420602 0.009220761802575084
2 0.6913308074034334 0.4226713385193133 0.02389015557939922 0.008801636266094426
2 0.6890256169527897 0.43273035139484983 0.02933878755364805 0.009639887339055797
2 0.6907021190987124 0.4094688841201717 0.02263277896995708 0.011735515021459197
2 0.6341201716738198 0.3688137070815451 0.030177038626609476 0.01760327253218885
2 0.6666024007510729 0.3784535944206009 0.01718414699570825 0.018441523605150223
2 0.5605636400214593 0.29001810622317603 0.02389015557939922 0.021794527896995708
2 0.5714609039699572 0.3009153701716738 0.023051904506437793 0.026824034334763935
2 0.5901119903433476 0.3078309415236052 0.02682403433476399 0.02808141094420602
2 0.595770185085837 0.31663257778969955 0.019698900214592308 0.02472840665236048
2 0.6196603406652361 0.3342358503218884 0.013831142703862764 0.01131638948497854
2 0.5192797746781116 0.19361923283261803 0.02011802575107291 0.021794527896995708
2 0.5222136534334765 0.23762741416309013 0.019279774678111594 0.01592677038626608
2 0.5614018910944205 0.2673853272532189 0.029757913090128763 0.03185354077253222
2 0.37799376640419946 0.2021612532808399 0.03844734251968501 0.043573654855643046
2 0.36722851049868765 0.19395915354330712 0.03332103018372706 0.03742208005249345
2 0.34851747047244097 0.1767860072178478 0.023581036745406847 0.024606299212598437
2 0.33390748031496065 0.17550442913385828 0.025118930446194232 0.026144192913385822
2 0.3374958989501312 0.04170767716535434 0.012815780839895041 0.02716945538057743
2 0.4205421587926509 0.1778112696850394 0.014866305774278221 0.012303149606299218
2 0.45745160761154857 0.2144644028871391 0.030245242782152237 0.025118930446194232
2 0.20549335629921262 0.033249261811023625 0.029732611548556442 0.03280839895013123
2 0.21651492782152232 0.027097687007874023 0.029219980314960647 0.030757874015748032
2 0.23215018044619423 0.013512959317585307 0.027682086614173235 0.025118930446194225
2 0.15986917650918636 0.049653461286089245 0.00922736220472442 0.011277887139107608
2 0.5194099378881987 0.2201733954451346 0.030328027950310532 0.028710533126294013
