4 0.032552083333333336 0.06184895833333333 0.036458333333333336 0.040364583333333336
3 0.212890625 0.23828125 0.08203125 0.07552083333333334
4 0.033083545918367346 0.10921556122448979 0.03427933673469387 0.03507653061224489
4 0.03228635204081633 0.15625 0.034279336734693876 0.03507653061224489
4 0.07971938775510204 0.1534598214285714 0.035076530612244895 0.03746811224489796
4 0.07732780612244897 0.0625797193877551 0.03826530612244898 0.03587372448979592
4 0.08011798469387754 0.10762117346938775 0.03427933673469387 0.036670918367346955
3 0.034279336734693876 0.26147959183673464 0.06696428571428571 0.07653061224489793
3 0.02949617346938775 0.3615274234693877 0.057397959183673464 0.08211096938775508
3 0.215640943877551 0.3527582908163265 0.09805484693877553 0.08370535714285715
3 0.3958067602040816 0.3168845663265306 0.08211096938775508 0.077327806122449
3 0.012755102040816327 0.5683992346938775 0.02072704081632653 0.03188775510204078
3 0.03985969387755102 0.5959024234693877 0.04464285714285714 0.05022321428571419
3 0.013552295918367346 0.6277901785714286 0.025510204081632654 0.03746811224489799
3 0.037468112244897954 0.7549426020408163 0.07015306122448979 0.08290816326530615
3 0.04025829081632653 0.9095982142857142 0.05022321428571429 0.04783163265306123
3 0.2307876275510204 0.6823979591836735 0.08370535714285712 0.08450255102040816
3 0.3447863520408163 0.6441326530612244 0.08529974489795916 0.08450255102040816
3 0.47074298469387754 0.4747289540816326 0.077327806122449 0.08211096938775508
3 0.5767697704081632 0.5584343112244897 0.08689413265306123 0.07413903061224492
3 0.6895727040816326 0.4440369897959183 0.054209183673469385 0.04942602040816324
3 0.7501594387755102 0.5185746173469388 0.07653061224489799 0.07573341836734693
3 0.5632174744897959 0.7138871173469388 0.07413903061224492 0.07573341836734693
3 0.6919642857142857 0.7206632653061225 0.078125 0.07015306122448972
3 0.8079559948979591 0.5998883928571428 0.07095025510204078 0.07413903061224492
3 0.7493622448979591 0.8079559948979591 0.07653061224489799 0.06297831632653061
3 0.8011798469387754 0.8912627551020407 0.09725765306122447 0.07174744897959184
3 0.9833187181122449 0.8807796556122449 0.02945631377551028 0.05875318877551028
3 0.8605707908163265 0.6863839285714285 0.06616709183673475 0.06058673469387754
3 0.9809470663265305 0.5086096938775511 0.032684948979591844 0.06377551020408168
3 0.8390465561224489 0.2826052295918367 0.0852997448979591 0.07732780612244894
3 0.7489636479591836 0.20966198979591835 0.06935586734693877 0.07653061224489793
3 0.592315051020408 0.1953125 0.09247448979591832 0.08131377551020405
3 0.6564891581632653 0.031090561224489794 0.0725446428571428 0.06058673469387755
3 0.7533482142857142 0.037468112244897954 0.08290816326530615 0.07174744897959183
3 0.9115911989795917 0.08410395408163265 0.06776147959183676 0.07095025510204081
3 0.9642059948979591 0.16302614795918366 0.05978954081632648 0.06297831632653061
