3 0.14987244897959182 0.07174744897959183 0.07493622448979591 0.06696428571428573
3 0.05301339285714285 0.1060267857142857 0.04384566326530612 0.05102040816326529
3 0.08290816326530612 0.009964923469387753 0.04623724489795918 0.018335459183673467
3 0.02551020408163265 0.23636798469387754 0.044642857142857144 0.07573341836734693
3 0.02152423469387755 0.5145886479591837 0.04145408163265306 0.06616709183673464
3 0.056600765306122444 0.5887276785714286 0.07493622448979592 0.0725446428571429
3 0.02112563775510204 0.8872767857142856 0.04225127551020408 0.05899234693877553
3 0.1454878826530612 0.764907525510204 0.042251275510204064 0.04065688775510212
3 0.17777423469387754 0.8187181122448979 0.04783163265306123 0.04145408163265307
3 0.3698979591836734 0.9235491071428571 0.04464285714285715 0.04862882653061229
3 0.4233099489795918 0.8848852040816326 0.04783163265306123 0.04942602040816324
3 0.5201690051020408 0.9052136479591836 0.07892219387755106 0.0948660714285714
3 0.8741230867346939 0.920360331632653 0.043845663265306145 0.04065688775510201
3 0.9367028061224489 0.9251434948979591 0.052614795918367374 0.043845663265306145
3 0.982940051020408 0.9219547193877551 0.027104591836734637 0.05660076530612246
