3 0.08837890625 0.10654296875 0.07597656250000001 0.0857421875
3 0.17979910714285713 0.503125 0.08683035714285717 0.08303571428571421
3 0.21216517857142858 0.5830357142857143 0.08459821428571426 0.07633928571428572
3 0.28683035714285715 0.7572544642857143 0.084375 0.0770089285714286
3 0.31328124999999996 0.8254464285714286 0.05959821428571427 0.04508928571428572
3 0.12477678571428572 0.88203125 0.04196428571428572 0.0435267857142857
3 0.10044642857142858 0.8186383928571428 0.040624999999999994 0.04397321428571421
3 0.018191964285714287 0.6267857142857143 0.035937500000000004 0.049107142857142794
3 0.02958984375 0.86201171875 0.058789062499999996 0.06972656249999998
3 0.01923828125 0.7349609375 0.0376953125 0.044921875
3 0.1816293352601156 0.02470195086705204 0.07609284682080925 0.04809429190751445
