3 0.7598632812499999 0.7279296875 0.025976562500000022 0.025390625
3 0.72314453125 0.7154296874999999 0.02597656249999991 0.027734374999999978
3 0.6734375 0.7189453125 0.022656250000000044 0.025390625
3 0.68203125 0.6988281249999999 0.022656250000000044 0.023046875000000022
3 0.79169921875 0.6451171875 0.0380859375 0.035937499999999956
3 0.7154296875 0.61259765625 0.026562500000000044 0.021679687499999933
3 0.75078125 0.53544921875 0.023828124999999978 0.025976562500000022
3 0.76826171875 0.55107421875 0.0361328125 0.04082031250000007
3 0.6800781250000001 0.80537109375 0.021093750000000022 0.0185546875
3 0.7076171874999999 0.8140625 0.019921874999999978 0.020312499999999956
3 0.66591796875 0.84638671875 0.021679687500000044 0.021679687499999933
3 0.6955078125 0.86279296875 0.022265625000000067 0.02480468750000009
3 0.6673828125000001 0.9048828124999999 0.021874999999999978 0.023046875000000022
3 0.64453125 0.89814453125 0.016796875000000044 0.016210937500000022
3 0.600390625 0.940625 0.014453125000000067 0.01171875
3 0.6167968749999999 0.94873046875 0.019921874999999978 0.015820312500000044
3 0.63740234375 0.9552734375 0.021679687499999933 0.022265625000000067
3 0.65625 0.96416015625 0.017578125 0.015820312499999933
3 0.567578125 0.991796875 0.017187500000000022 0.012499999999999956
