4 0.17539315604751618 0.6484881209503239 0.043871490280777525 0.04260596652267823
4 0.22285029697624187 0.6398403752699784 0.04598069654427647 0.04134044276457882
4 0.23044343952483798 0.6900394843412527 0.05188647408207345 0.0497772678185745
4 0.12183261546920822 0.7140705186950147 0.052407899560117294 0.05126237170087977
4 0.17581561583577715 0.70232885813783 0.05326704545454544 0.046680260263929685
4 0.1986528546277666 0.8726185236418511 0.022793008048289737 0.023185990945674084
3 0.32063137755102045 0.4568790584415584 0.057253014842300554 0.04565746753246752
3 0.32906612844702465 0.5772462354862119 0.04252086357039192 0.0422373911465892
3 0.33714509252539915 0.63238162191582 0.042804335994194476 0.04308780841799709
3 0.3739965076197388 0.6841153392597967 0.042804335994194476 0.047339894775036195
3 0.3238218886066764 0.728195301161103 0.03883572206095792 0.04195391872278664
3 0.540247708596713 0.5350624209860937 0.05975426675094819 0.046420670037926715
3 0.5604950221238938 0.5898783185840708 0.05777891908975985 0.04345764854614409
3 0.5883968078381796 0.6461757269279393 0.039506953223767405 0.04543299620733254
3 0.5904956147281922 0.7317329725031606 0.07580396649810361 0.07382861883691527
3 0.61123676517067 0.8218582095448799 0.0822238463969659 0.0728409450063211
3 0.6403731431731985 0.9526015328697851 0.039260034766118834 0.046914506953223745
