3 0.2515625 0.2232421875 0.04453124999999997 0.046875
3 0.18779296875 0.2400390625 0.04316406250000002 0.04765624999999998
3 0.08271484375 0.47294921875 0.0791015625 0.08652343750000002
3 0.046484375 0.73837890625 0.04765625 0.047070312500000044
3 0.020605468749999998 0.6857421875 0.0404296875 0.04726562499999998
3 0.5962611607142857 0.6713634672619047 0.04859561011904767 0.06022135416666663
3 0.8863234747023809 0.6200939360119048 0.04557291666666674 0.0516183035714286
3 0.9521227655099895 0.058224073343848576 0.04436119873817035 0.04867409305993691
3 0.7482871648264984 0.32141331493165093 0.04374507097791802 0.04436119873817029
3 0.7820715036803365 0.4486436974237645 0.04846871713985279 0.051138604100946394
3 0.9049789965452262 0.42123704459798994 0.04293930590452255 0.04809202261306533
