3 0.7946322332164328 0.16338927855711427 0.04442478707414832 0.050491608216432865
3 0.555775613727455 0.044597006513026075 0.05166583166332661 0.04540330661322645
3 0.7877825964428857 0.020427573897795613 0.0546013902805611 0.03933648547094189
3 0.8988891165077473 0.33774396603098933 0.07658857270560193 0.0879953814064362
3 0.8106609430870082 0.35555255512514905 0.08217558104886769 0.08729700536352797
3 0.5147822929082241 0.3541558030393326 0.04306652264600702 0.046325610846245535
3 0.6054547824791419 0.400132225864124 0.07542461263408817 0.0879953814064362
3 0.6147664630512515 0.550865055125149 0.0456272348033373 0.04865353098927294
3 0.5572668355184743 0.5645997839690107 0.04748957091775918 0.05703404350417163
3 0.4982540598927294 0.5683244561978545 0.045860026817640065 0.048187946960667416
3 0.4462250446960668 0.5870642133492252 0.04655840286054824 0.05773241954707986
3 0.36858890792610255 0.5934659937425506 0.07426065256257447 0.07519182061978547
3 0.83720703125 0.5052734375 0.04511718749999993 0.056640625
3 0.9310546875 0.58349609375 0.050000000000000044 0.045117187500000044
3 0.9481445312500001 0.4833984375 0.04355468750000002 0.044921875
3 0.151953125 0.40732421875 0.07148437499999999 0.0693359375
3 0.0572265625 0.0396484375 0.076953125 0.07851562499999999
3 0.151171875 0.03134765625 0.08046875 0.0626953125
