4 0.92646484375 0.82490234375 0.011914062499999933 0.0126953125
4 0.9111328125 0.81611328125 0.01171875 0.011914062499999933
4 0.8958984375000001 0.80771484375 0.011328125000000022 0.0126953125
4 0.881640625 0.7998046875 0.012109374999999978 0.013281249999999911
4 0.8895507812500001 0.7853515625 0.013085937499999978 0.013281250000000022
4 0.9044921875 0.79404296875 0.012500000000000067 0.013476562499999956
4 0.919921875 0.8017578125 0.012890625000000044 0.013281249999999911
4 0.934375 0.81025390625 0.013281250000000022 0.013476562500000067
4 0.86923828125 0.64736328125 0.031445312500000044 0.031445312500000044
4 0.848046875 0.67763671875 0.022656250000000044 0.023632812500000044
4 0.83271484375 0.647265625 0.023632812499999933 0.023046875000000022
4 0.8465820312500001 0.61787109375 0.024023437500000022 0.024023437500000022
4 0.87802734375 0.6033203125 0.023242187499999956 0.0234375
4 0.82001953125 0.5960937500000001 0.023242187500000067 0.023046875000000022
4 0.808203125 0.6259765625 0.022656250000000044 0.02187500000000009
4 0.77978515625 0.60322265625 0.021289062499999956 0.021679687499999933
4 0.7549804687499999 0.5830078125 0.022851562499999978 0.022656250000000044
4 0.78232421875 0.5658203125 0.0224609375 0.022265624999999956
4 0.7578125 0.5591796875 0.013281249999999911 0.012499999999999956
4 0.7701171875 0.54404296875 0.014843750000000044 0.0146484375
4 0.78056640625 0.5255859375 0.0146484375 0.014843749999999933
4 0.8482421875 0.5359375 0.024609375000000044 0.024218750000000067
4 0.82841796875 0.56240234375 0.027148437500000067 0.027539062500000044
4 0.8021484375 0.54130859375 0.024609375000000044 0.0244140625
4 0.885546875 0.69013671875 0.03359374999999998 0.0341796875
4 0.85615234375 0.7033203125 0.013867187499999933 0.012890624999999933
4 0.8775390624999999 0.7208984375 0.014062499999999978 0.013671875
4 0.8677734375 0.73896484375 0.014843750000000044 0.0146484375
4 0.9333984375 0.72900390625 0.025781249999999978 0.0263671875
4 0.98623046875 0.71337890625 0.023632812500000044 0.0263671875
4 0.96806640625 0.7482421875 0.027539062499999933 0.027734374999999978
4 0.95283203125 0.69453125 0.025585937499999933 0.026953125000000022
4 0.9659931651634723 0.4990707793122886 0.02157905862457732 0.024441586809470117
4 0.7072265625 0.27607421875 0.03984375000000007 0.03847656249999998
4 0.75625 0.27851562500000004 0.03125 0.03046874999999999
4 0.79658203125 0.29775390625 0.0126953125 0.013867187499999989
4 0.81142578125 0.29658203125 0.013867187500000044 0.0126953125
4 0.654296875 0.254296875 0.012890625000000044 0.012500000000000011
4 0.65390625 0.2701171875 0.01171875 0.012500000000000011
4 0.6533203125 0.28515625 0.012109375000000089 0.012890625000000044
4 0.63408203125 0.2546875 0.013867187499999933 0.013671875
4 0.6338867187499999 0.27060546875 0.012304687500000022 0.011914062499999989
4 0.6338867187499999 0.28525390625 0.012304687500000022 0.012304687499999967
4 0.6505859375 0.31611328125000004 0.010156249999999978 0.009960937499999989
4 0.6337890625 0.31630859375 0.010546874999999956 0.010351562499999967
4 0.6341796875 0.329296875 0.010937500000000044 0.009375000000000022
4 0.6501953125 0.32939453125 0.010546875000000067 0.010351562500000022
4 0.7392578125 0.6288085937500001 0.01718749999999991 0.018945312499999978
4 0.753125 0.63994140625 0.012109374999999978 0.0146484375
4 0.76845703125 0.65234375 0.013476562499999956 0.015234374999999911
4 0.7830078125 0.6634765625000001 0.015625 0.017187500000000022
4 0.794921875 0.6727539062500001 0.009765625 0.011132812499999978
4 0.80615234375 0.69189453125 0.011132812500000089 0.015429687499999956
4 0.81513671875 0.705859375 0.009960937499999933 0.013671875
4 0.823046875 0.72216796875 0.010156249999999978 0.012304687499999911
4 0.83212890625 0.73798828125 0.009960937500000044 0.013085937499999978
4 0.8194335937499999 0.78701171875 0.012304687500000022 0.013867187500000044
4 0.805078125 0.77275390625 0.012499999999999956 0.013476562500000067
4 0.821484375 0.7560546875 0.010546875000000067 0.01171875
4 0.81220703125 0.7404296875 0.010351562500000022 0.01171875
4 0.8015625 0.7228515625 0.013671875 0.012109374999999978
4 0.7933593750000001 0.70517578125 0.011328125000000022 0.011914062500000044
4 0.78203125 0.68974609375 0.013671875 0.013867187499999933
4 0.7701171874999999 0.6755859375 0.012109374999999978 0.014062499999999978
4 0.7572265625 0.6639648437500001 0.012499999999999956 0.012304687500000022
4 0.738671875 0.6724609374999999 0.016796875000000044 0.017968749999999978
4 0.75283203125 0.686328125 0.0146484375 0.014843749999999933
4 0.73515625 0.70087890625 0.011328125000000022 0.0126953125
4 0.74931640625 0.7146484375 0.013476562500000067 0.013281250000000022
4 0.76318359375 0.7294921875 0.0126953125 0.013671875
4 0.77705078125 0.74423828125 0.013476562500000067 0.0146484375
4 0.7912109375 0.75771484375 0.010546875000000067 0.011523437499999956
4 0.9916015625 0.86611328125 0.012890625000000044 0.021679687500000044
4 0.9861278597023153 0.8921323732083792 0.008398222160970303 0.010766951488423437
4 0.9734228569459757 0.8921323732083792 0.012274324696802563 0.01248966372657112
4 0.9796676888092613 0.9055910625689084 0.012274324696802674 0.012274324696802674
4 0.805859375 0.5744140625 0.008984374999999933 0.010156249999999978
4 0.8025021563163482 0.31287320859872614 0.01596503450106157 0.01617237261146498
