4 0.17421874999999998 0.8328125 0.035546875000000006 0.03476562500000002
4 0.2177734375 0.85380859375 0.02226562500000001 0.023242187500000067
4 0.24599609374999998 0.81904296875 0.016210937499999994 0.0166015625
4 0.24404296875 0.84033203125 0.01738281250000001 0.0166015625
4 0.275390625 0.8265625 0.018750000000000044 0.018750000000000044
4 0.308203125 0.82939453125 0.017968750000000033 0.0185546875
4 0.27265625000000004 0.8599609375 0.01835937500000001 0.018359374999999956
4 0.30556640625 0.862109375 0.018945312500000033 0.019140625000000022
4 0.24833984375 0.91259765625 0.0361328125 0.03652343750000009
4 0.2923828125 0.91240234375 0.029296875 0.029492187499999933
4 0.6861328125 0.8705078125 0.030468750000000044 0.030468750000000044
4 0.72197265625 0.86201171875 0.020898437499999978 0.021679687499999933
4 0.74970703125 0.8641601562500001 0.020117187500000022 0.020898437499999978
4 0.96435546875 0.86298828125 0.02480468750000009 0.025195312500000067
4 0.9361328125 0.8785156249999999 0.024609375000000044 0.026953125000000022
4 0.9619140625 0.89765625 0.024609375000000044 0.024609374999999933
4 0.93388671875 0.91279296875 0.023632812499999933 0.024804687499999978
4 0.96484375 0.9253906249999999 0.012890625000000044 0.013281250000000022
4 0.92607421875 0.94365234375 0.013085937499999978 0.013867187499999933
4 0.953515625 0.9501953125 0.015625 0.015234374999999911
4 0.9334960937500001 0.9685546875 0.016992187499999978 0.016015624999999978
4 0.9546874999999999 0.9810546875 0.019140625000000022 0.01953125
4 0.9319179205246914 0.7452457883230453 0.03817836934156382 0.04058963477366251
4 0.9421657986111112 0.7881462191358025 0.016075102880658387 0.015874164094650256
4 0.9632643711419753 0.7888495048868314 0.01446759259259267 0.01446759259259267
4 0.9852671682098766 0.7924664030349795 0.014668531378600802 0.015271347736625418
4 0.9825645415380658 0.7566289705504116 0.030964666923868345 0.03361705889917688
4 0.9765263310185186 0.7270608281893005 0.017682613168724326 0.01547228652263366
4 0.9590223735408561 0.7103219236381323 0.015959387159533045 0.015579401750972721
4 0.9290035262645915 0.7070920476653696 0.013679474708171213 0.012919503891050566
4 0.9916441208657587 0.7108577030642023 0.01280550826848248 0.019690843871595365
4 0.9777746534533074 0.6112179292315175 0.04054444309338523 0.03928289153696496
1 0.56708984375 0.16533203125 0.0185546875 0.018945312500000006
1 0.587109375 0.16708984375 0.01953125 0.02128906250000001
1 0.59267578125 0.1650390625 0.0166015625 0.017968749999999978
1 0.49873046875 0.26142578125000004 0.010351562500000022 0.01933593750000001
1 0.49345703125 0.26103515625 0.010351562500000022 0.0185546875
1 0.48818359375 0.26123046875 0.009570312500000011 0.0185546875
1 0.4818359375 0.2599609375 0.010156250000000033 0.021484375
1 0.49189453125 0.3060546875 0.013085937499999978 0.02031250000000001
1 0.4861328125 0.30419921875 0.015234375000000022 0.022070312500000022
1 0.44208984375000004 0.27099609375 0.02324218750000001 0.008398437500000022
1 0.44189453125 0.27656250000000004 0.0224609375 0.008593750000000011
1 0.44072265625 0.2828125 0.022070312500000022 0.0078125
1 0.43955078125 0.29775390625 0.022851562500000033 0.012304687499999967
1 0.4392578125 0.30781250000000004 0.021484375 0.012500000000000011
1 0.4384765625 0.316015625 0.021874999999999978 0.014843749999999989
1 0.4216796875 0.27333984375 0.007421875000000022 0.02167968749999999
1 0.43984375 0.3662109375 0.02070312499999999 0.009765625
1 0.43505859375 0.37353515625 0.022070312500000022 0.011523437499999956
1 0.43291015624999996 0.38564453125 0.02167968749999999 0.0087890625
1 0.43388671875 0.403125 0.0244140625 0.012109374999999978
1 0.45087890625 0.423828125 0.0068359375 0.024218749999999956
1 0.456640625 0.42490234375 0.0078125 0.022851562500000033
1 0.1427734375 0.28173828125 0.018359374999999983 0.019726562500000044
1 0.1419921875 0.30244140625000004 0.01874999999999999 0.01933593750000001
1 0.14111328125 0.3103515625 0.01738281250000001 0.016015624999999978
1 0.14121093750000002 0.31767578124999996 0.017968750000000006 0.01582031249999999
1 0.1408203125 0.32509765625 0.017578125 0.015429687500000011
1 0.3717147220730398 0.5832857814178303 0.016783029001074146 0.012797059613319006
1 0.37192450993555315 0.5913626141245971 0.016783029001074146 0.015943877551020447
1 0.3711902524167562 0.6041596737379162 0.015314513963480159 0.013426423200859294
1 0.37181961600429647 0.6108728853383458 0.016153665413533802 0.01258727175080554
1 0.37066578276047263 0.6244042024704618 0.015524301825993514 0.014894938238453337
1 0.32105095327604727 0.7188087406015037 0.016153665413533858 0.014475362513426404
1 0.31286922663802363 0.7189136345327605 0.016153665413533858 0.013426423200859294
1 0.30835878759398494 0.7174451194951664 0.017202604726100967 0.014265574650913049
1 0.30007216702470463 0.7177598012889366 0.017831968313641255 0.014475362513426404
1 0.2923100161117078 0.7170255437701396 0.01657324113856068 0.01468515037593987
1 0.2850723348549946 0.7166059680451127 0.017202604726100967 0.014265574650912938
1 0.31716987781954886 0.7338085727712137 0.018880907626208365 0.015104726100966692
1 0.30353366675617616 0.7331792091836734 0.018041756176154666 0.017202604726100912
1 0.2979742883995704 0.7329694213211599 0.017831968313641255 0.01636345327604727
1 0.2910512889366273 0.7326547395273899 0.017412392588614378 0.016153665413533802
1 0.2831842440923738 0.7316058002148227 0.01636345327604727 0.014894938238453226
1 0.2774150778732546 0.730766648764769 0.018671119763694954 0.014894938238453226
1 0.26262503356605804 0.7300323912459721 0.014265574650912993 0.015524301825993514
1 0.255702034103115 0.7297177094522018 0.01552430182599357 0.014894938238453226
1 0.2352477175080559 0.7288785580021482 0.017831968313641228 0.015314513963480048
1 0.22926876342642322 0.7273051490332976 0.015524301825993542 0.01468515037593987
1 0.50439453125 0.61064453125 0.019726562500000044 0.016992187499999978
1 0.50390625 0.625 0.017968750000000033 0.01953125
1 0.50126953125 0.641015625 0.01972656249999999 0.018750000000000044
1 0.50107421875 0.64970703125 0.0185546875 0.0185546875
1 0.4302734375 0.573828125 0.021875000000000033 0.008984375000000044
1 0.42978515625 0.59169921875 0.02167968749999999 0.0107421875
1 0.42890625 0.60068359375 0.019921874999999978 0.0107421875
1 0.42783203125 0.60595703125 0.0244140625 0.011523437499999956
1 0.42792968750000004 0.6107421875 0.02421875000000001 0.01171875
1 0.42802734375 0.6146484375000001 0.022851562499999978 0.010156249999999978
1 0.42607421875 0.62080078125 0.0224609375 0.009179687499999978
1 0.44443359375 0.55859375 0.006054687499999989 0.024609375000000044
1 0.45419921875 0.55732421875 0.005664062500000011 0.0205078125
1 0.45917968750000004 0.558203125 0.005078124999999989 0.021484375
1 0.47275390625 0.559375 0.005273437500000033 0.020703124999999933
1 0.47636718749999996 0.5965820312500001 0.007031249999999989 0.020117187500000022
1 0.6454101562500001 0.5453125000000001 0.024023437500000022 0.008203124999999978
1 0.7982421875 0.6087890625000001 0.024609375000000044 0.008203124999999978
1 0.7999023437499999 0.6208984375 0.025976562500000022 0.008203124999999978
1 0.8001953125 0.6270507812499999 0.026171874999999956 0.007226562499999978
1 0.799609375 0.6306640625 0.026171875000000067 0.008593750000000067
1 0.79833984375 0.6363281249999999 0.0244140625 0.008203124999999978
1 0.8037755145074224 0.5728797655195682 0.022404267881241613 0.008698127530364363
1 0.8423899291497976 0.5743294534412956 0.020559210526315708 0.00843454790823217
1 0.2404296875 0.99130859375 0.011328124999999994 0.013476562499999956
1 0.2482421875 0.9921875 0.011328124999999994 0.01171875
1 0.17822265625 0.98232421875 0.018164062500000022 0.013867187500000044
1 0.177734375 0.99140625 0.017578125 0.012500000000000067
1 0.17587890625 0.99375 0.01933593750000001 0.008593749999999956
