2 0.827902183600713 0.09295621657754011 0.016711229946524075 0.013229723707664884
2 0.3419436416184971 0.09921423410404623 0.20321531791907518 0.06435151734104044
2 0.6780956466763006 0.15114703757225434 0.18007135115606931 0.056448699421965315
4 0.8011938820422535 0.3584397007042253 0.029984595070422615 0.031910211267605626
4 0.7956921214788732 0.39557658450704225 0.03108494718309862 0.02860915492957744
4 0.35934235724233987 0.6393900156685237 0.023938022284122562 0.025842183147632314
4 0.34954952994428967 0.6641441068941505 0.020673746518105884 0.019857677576601618
4 0.349413518454039 0.6883541521587744 0.024754091225626773 0.025842183147632314
4 0.3358123694289694 0.7018192896935933 0.007888666434540392 0.0097928272980502
4 0.3548539780640669 0.706443680362117 0.006800574512534796 0.00924878133704743
4 0.38151223015320335 0.6827776810584958 0.011152942200557125 0.010336873259052859
4 0.37335154073816157 0.6693125435236769 0.02094576949860727 0.02203386142061281
4 0.39429731023676884 0.7029073816155988 0.029650504874651817 0.026658252089136414
4 0.40150591922005574 0.6723047963091922 0.029922527855153203 0.03128264275766013
4 0.4142909993036212 0.6456465442200557 0.019585654596100288 0.018769585654596188
4 0.7376441791845494 0.7864024499284692 0.021794527896995763 0.022073944921316202
4 0.6148006795558958 0.6629558288667687 0.026021726646248022 0.026619927258805465
4 0.6309520960949464 0.6192871841500766 0.029012729709035234 0.02781632848392035
4 0.945385082347973 0.7433092271959459 0.04651868665540537 0.04552892736486491
4 0.8873192039695946 0.7299474767736487 0.047178526182432456 0.048498205236486513
4 0.8737924936655406 0.7833944784628378 0.0458588471283784 0.045199007601351315
4 0.8163864548141893 0.7685480891047298 0.045199007601351426 0.04651868665540537
4 0.8287584459459459 0.7162558065878378 0.04684860641891886 0.048828125
4 0.8557842966573816 0.665232198816156 0.03318680362116999 0.03345882660167132
4 0.8152528725626741 0.6544872910863511 0.03264275766016711 0.03373084958217276
4 0.8710175835654597 0.6048430971448469 0.03373084958217265 0.036179056406685284
4 0.8304861594707521 0.5969544307103064 0.03155466573816157 0.030738596796657358
