4 0.8266059027777777 0.5726996527777777 0.08897569444444431 0.09114583333333337
4 0.5748697916666666 0.5729166666666667 0.06640625 0.06770833333333337
4 0.6569010416666666 0.5716145833333334 0.06640625 0.0703125
4 0.5768229166666666 0.6529947916666667 0.0703125 0.06901041666666663
4 0.658203125 0.6516927083333334 0.06901041666666674 0.06640625
4 0.6686197916666667 0.7805989583333333 0.04036458333333337 0.04036458333333337
4 0.6256510416666667 0.7799479166666667 0.03776041666666663 0.03385416666666663
4 0.5774739583333333 0.7799479166666667 0.03776041666666663 0.03645833333333337
4 0.6187620604631218 0.8691841766723842 0.015410591766723769 0.01574560463121788
4 0.6195995926243567 0.8954826865351629 0.021105810463121766 0.022110849056603765
