2 0.688406117397454 0.5843959954031117 0.0464108910891089 0.049449699434229055
2 0.6791515647100423 0.5922692715700141 0.048344678217821735 0.05193599717114572
2 0.8362086872230428 0.7763455502215657 0.036062130723781394 0.03692762186115217
2 0.8337564623338256 0.7868756923929099 0.03750461595273269 0.038370107090103356
2 0.6796990398818316 0.868664604874446 0.044428545051698576 0.04615952732644024
2 0.5381912389217134 0.8201971011816838 0.04702501846381091 0.051352474150664684
2 0.08775358890324964 0.986294947839734 0.03933657219350074 0.023503854320531814
2 0.59306640625 0.98056640625 0.03261718749999998 0.034960937499999956
2 0.58330078125 0.98232421875 0.028710937499999978 0.031445312500000044
2 0.57744140625 0.98447265625 0.028710937499999978 0.027148437499999956
2 0.5681640625 0.98779296875 0.023828124999999978 0.0205078125
2 0.55400390625 0.9861328125 0.028710937499999978 0.023828124999999978
2 0.85712890625 0.97509765625 0.0400390625 0.041210937500000044
