2 0.07733554790026247 0.10758079068241469 0.054338910761154845 0.024606299212598423
2 0.041451361548556435 0.4612963418635171 0.02768208661417323 0.016404199475065606
2 0.08390681407942238 0.6783055054151624 0.09871389891696752 0.04935694945848379
2 0.23356413583032493 0.7385914936823105 0.10611744133574008 0.054292644404332124
2 0.2802050507703081 0.8230589110644257 0.044588147759103636 0.028995973389355667
2 0.2512090773809524 0.8222382703081232 0.056624212184873984 0.032278536414565906
2 0.2297356442577031 0.8281195290616246 0.03720238095238096 0.025986957282913115
2 0.268991456166419 0.9055709045319464 0.04237091381872213 0.02408757429420505
2 0.4751953125 0.9652343750000001 0.048828125 0.021874999999999978
2 0.46572265625 0.9754882812500001 0.0576171875 0.025976562500000022
2 0.46220703124999996 0.98486328125 0.05683593749999999 0.0224609375
2 0.455859375 0.99189453125 0.04531249999999998 0.012304687500000022
2 0.460489149928264 0.9009930954088953 0.050159164275466295 0.017093346484935434
2 0.45110182030129126 0.8872623744619799 0.0588459469153515 0.026620785509325673
2 0.49369507711621236 0.7988533446915351 0.0750986370157819 0.028021879483500767
2 0.4817857783357245 0.811042862266858 0.07762060616929689 0.02774166068866568
2 0.4810249162479062 0.8289559778056952 0.08669650335008378 0.03206134840871022
2 0.5862057684254607 0.8410607726130653 0.049727805695142346 0.019629396984924607
2 0.5857150335008375 0.8551285071189281 0.05528946817420444 0.02159233668341709
2 0.6688128140703518 0.8597086997487438 0.06575847989949746 0.0268268425460636
2 0.7576358354271358 0.893405831239531 0.10927030988274711 0.03795016750418756
2 0.7615617148241206 0.8770480004187605 0.07851758793969843 0.02944409547738691
2 0.6350907123834887 0.9366417693075899 0.08166195073235683 0.03250873834886825
2 0.7113489170441676 0.9546600721970555 0.03140925821064555 0.01946489241223104
2 0.941844706632653 0.9641860650510203 0.11240433673469397 0.06381536989795922
