3 0.3497067270249221 0.17264773169781933 0.044112636292834906 0.039245035046728965
3 0.36141939252336447 0.22527867017133957 0.04563376168224298 0.044112636292834906
3 0.38012923481308414 0.2759321456386293 0.046546436915887834 0.04380841121495327
3 0.39138556269470404 0.32765040887850466 0.048371787383177545 0.04745911214953269
3 0.5175280448717949 0.38942834851551955 0.07037575910931182 0.07828314777327938
3 0.5719991089613035 0.1845563900203666 0.09467286150712828 0.07637474541751527
3 0.5948717540733197 0.2543676807535642 0.05449656313645623 0.04494971995926683
3 0.754895747102649 0.42991385554635764 0.04042063327814571 0.04818139486754963
3 0.9825097816080196 0.4982146967062193 0.03107418678396079 0.03872685658756142
3 0.8230574324324325 0.23975929054054052 0.0380067567567568 0.04187781531531529
3 0.8058136261261262 0.15899493243243246 0.023930180180180116 0.021818693693693686
3 0.7808277027027029 0.07629504504504503 0.041525900900900914 0.03941441441441442
3 0.9779839174349241 0.063175755829718 0.04012591513015196 0.041617238340563995
