3 0.47960707720588236 0.3167509191176471 0.04078584558823528 0.04193474264705882
3 0.4393310546875 0.35595703125 0.041748046875 0.052734375
3 0.3898034963196635 0.38898199263932703 0.04559345425867506 0.05216548370136698
3 0.3392578125 0.4095703125 0.04140625000000003 0.04648437499999997
3 0.24351535215366707 0.4683862048894063 0.04547438882421423 0.049567083818393476
3 0.17453890771637123 0.5471397614702815 0.03991788321167883 0.038899569864442096
3 0.15712890625 0.84501953125 0.0283203125 0.028710937499999978
3 0.165625 0.9236328125 0.033203125 0.037109375
3 0.0314453125 0.85625 0.0359375 0.03554687499999998
3 0.04658203125 0.984375 0.0357421875 0.02734375
