3 0.05825296483097056 0.05047880316248637 0.039403285169029446 0.04259814612868047
3 0.1966773343373494 0.204089796686747 0.039533132530120474 0.04165097891566266
3 0.36963287601626016 0.2181465955284553 0.06542174796747968 0.07876016260162605
3 0.5416706546707504 0.18155388591117916 0.04426684532924963 0.04965065084226647
3 0.6456080111026034 0.1523916060490046 0.042771343797856076 0.048753349923430334
3 0.7607051028481013 0.12284909018987344 0.040545886075949444 0.044501582278481014
3 0.9151531469042056 0.03476379964953274 0.04335207359813087 0.04814361857476636
3 0.1804586367313916 0.6017394822006472 0.07711367313915857 0.07837783171521029
3 0.34543133090614886 0.5590741302588997 0.04424555016181225 0.05056634304207119
3 0.6782753484712231 0.47330260791366907 0.04215377697841727 0.053746065647481966
3 0.7732969874100719 0.43185139388489213 0.04180249550359716 0.04812556205035973
3 0.8268674123201438 0.4167462904676259 0.03793839928057563 0.048828124999999944
3 0.9445043103448276 0.3906119646829811 0.04193026974416025 0.050403225806451624
