4 0.09970703125 0.39541015625 0.015820312500000003 0.015429687500000011
4 0.105078125 0.417578125 0.016406249999999997 0.017968750000000033
4 0.1123046875 0.4375 0.01640625000000001 0.018750000000000044
4 0.13124999999999998 0.38681640625 0.017187499999999994 0.01738281250000001
4 0.1544921875 0.38076171875 0.018359374999999983 0.018945312500000033
4 0.13681640625 0.40791015625000004 0.0166015625 0.01777343749999999
4 0.1609375 0.4015625 0.017968750000000006 0.017578125
4 0.16533203125 0.4234375 0.017382812499999983 0.01679687499999999
4 0.14208984375 0.42958984375 0.01777343749999999 0.016210937499999967
3 0.02763671875 0.36142578125 0.043164062499999996 0.05292968749999999
3 0.34424041348253276 0.26492136326419213 0.0420049808951965 0.04584299945414849
3 0.5080983231707317 0.23084984756097562 0.06796239837398377 0.07748983739837395
