3 0.4861328125 0.88994140625 0.023046875000000022 0.024023437500000022
3 0.48232421875 0.91845703125 0.03261718750000003 0.0322265625
3 0.671641385605007 0.9612145775382475 0.024176373435326748 0.018200191237830343
3 0.5101486439499304 0.8463088925591098 0.026077885952712154 0.02526295201668982
3 0.5332384388038942 0.8444073800417246 0.027707753824756653 0.03232571279554941
3 0.5200636735048678 0.8234907423504867 0.027436109179415857 0.024176373435326748
3 0.5316085709318498 0.7972770340751043 0.020101703755215583 0.0228181502086231
3 0.599010496918336 0.668227561633282 0.032802869799691825 0.034006644838212585
3 0.6387350731895224 0.6449044202619415 0.030997207241910685 0.033705701078582395
3 0.6527289580123268 0.6573935862865948 0.02226983821263484 0.025580219568567042
3 0.6828233339753467 0.6688294491525424 0.030094375963020004 0.029793432203389814
3 0.7159271475346687 0.6828233339753467 0.028288713405238863 0.029492488443759624
3 0.7466234110169492 0.6972686344375963 0.02407550077041609 0.025279275808936852
3 0.7880031779661018 0.7130681818181819 0.024376444530046282 0.027385882126348182
3 0.7332314137134053 0.7574573863636365 0.030997207241910685 0.035511363636363646
3 0.9036695383615084 0.8353482607282184 0.04266905071521454 0.043177015604681346
3 0.9531961150845253 0.8326814450585176 0.018794700910273132 0.014984964239271759
3 0.9058283891417425 0.876239434330299 0.0231124024707412 0.021842490247074187
3 0.9294487565019506 0.8796681973342002 0.022604437581274395 0.03733541937581275
3 0.9567518693107933 0.8891925390117035 0.023366384915474714 0.03657347204161243
3 0.985526810386866 0.882854407103381 0.02504012922626797 0.035072435793238044
3 0.9347823878413524 0.9298297301690507 0.018032753576072813 0.022350455136540992
3 0.9123049414824447 0.9685620529908971 0.025398244473342046 0.02666815669700917
