3 0.6162172651187905 0.032599892008639296 0.039653077753779686 0.03670018898488121
3 0.5485117440604752 0.07562769978401726 0.025732316414686873 0.024888633909287264
3 0.39164402173913043 0.2623980978260869 0.029891304347826053 0.024116847826086973
3 0.3196331521739131 0.25492527173913043 0.03192934782608697 0.02479619565217392
3 0.8010365604575163 0.05026424632352941 0.02744587418300648 0.03223294526143791
3 0.8441202001633987 0.06574244281045752 0.02744587418300648 0.029998978758169932
3 0.8838528901143791 0.08281632965686275 0.02265880310457513 0.025211907679738563
3 0.43142520680147056 0.44554706648284315 0.021302466299019607 0.019866344975490224
3 0.4496160768995098 0.4488980162377451 0.01986634497549017 0.01938763786764708
3 0.47151692708333337 0.4527276731004902 0.020105698529411742 0.01843022365196073
3 0.4649347043504902 0.467806946997549 0.019387637867647023 0.019387637867647023
3 0.14534556230407522 0.6871999902037618 0.035511363636363646 0.03428683385579934
3 0.21835815047021942 0.6363820043103449 0.021123138714733536 0.020817006269592486
3 0.23010551638719515 0.5525497808689024 0.033346036585365835 0.03870522103658536
3 0.3531722184065934 0.5973128434065934 0.019101991758241788 0.016741071428571397
3 0.3724888392857143 0.6043956043956045 0.01824347527472525 0.01717032967032972
3 0.38408203124999996 0.63720703125 0.01738281250000001 0.015429687499999956
3 0.375 0.6509765624999999 0.017187500000000022 0.017968749999999978
3 0.36240234375 0.662890625 0.02558593749999999 0.026171875000000067
3 0.34560546875 0.6778320312499999 0.02167968749999999 0.016210937500000022
3 0.3376953125 0.6560546875 0.017968749999999978 0.012890624999999933
3 0.32685546875000004 0.64853515625 0.01972656249999999 0.015820312500000044
3 0.328125 0.66396484375 0.01953125 0.015429687499999956
3 0.675 0.361328125 0.04453125000000002 0.044140625000000044
3 0.6569065522974606 0.39357712363966146 0.02243613966142688 0.01865742140266019
3 0.6774533328295043 0.39853669135429265 0.014878703143893501 0.01912976118500609
3 0.6902065069528416 0.4110536955864571 0.01771274183796856 0.019602100967351876
3 0.737558570133011 0.39853669135429265 0.02078295042321643 0.018185081620314403
3 0.7167756197097945 0.4404568470374849 0.021727629987908004 0.019365931076178955
3 0.6422086148648649 0.47065033783783783 0.019214527027027084 0.016891891891891886
3 0.6606841216216217 0.4782516891891892 0.02153716216216217 0.018158783783783772
3 0.6805320945945945 0.4900760135135135 0.017736486486486513 0.012246621621621656
3 0.60126953125 0.49482421875000004 0.019335937500000067 0.01738281250000001
3 0.61826171875 0.5059570312499999 0.0185546875 0.016992187499999978
3 0.65302734375 0.56591796875 0.016992187499999978 0.0185546875
3 0.56142578125 0.573828125 0.029492187500000044 0.02734375
3 0.5433593750000001 0.6044921875 0.027734374999999978 0.02773437500000009
3 0.5243164062500001 0.631640625 0.018164062500000022 0.016015624999999978
3 0.5205078125 0.652734375 0.016406249999999956 0.018750000000000044
3 0.53623046875 0.67392578125 0.017382812499999956 0.0166015625
3 0.54736328125 0.68154296875 0.0185546875 0.015429687499999956
3 0.5455078125 0.72919921875 0.03515625 0.03339843749999993
3 0.5016592081310679 0.819753109830097 0.03010277609223294 0.03342119235436891
3 0.5035554459951457 0.8498558859223301 0.03673960861650488 0.03389525182038833
3 0.40336218134414836 0.8899460457705677 0.038700391077636176 0.036889846465816944
3 0.3751855808227115 0.9350965020278099 0.033495075318655865 0.032589803012746166
3 0.42757821552723063 0.9784364136732329 0.025573942641946734 0.02150021726535345
3 0.3913673232908459 0.9852259559675549 0.019689672653534163 0.01742649188876011
3 0.37382767236384706 0.973796893105446 0.020821263035921245 0.01720017381228267
3 0.34915900202781 0.9645178519698725 0.020368626882966367 0.01855808227114719
3 0.4620146952104499 0.7881497187953556 0.03118196661828737 0.03656794267053698
