3 0.30339805825242716 0.07521743527508092 0.039188915857605144 0.03855683656957929
3 0.309747967199559 0.1709619625137817 0.016581105292171994 0.017227122381477417
3 0.2764780871003308 0.20983065738699008 0.022825937155457554 0.02304127618522603
3 0.22109375 0.23281249999999998 0.02734375 0.024999999999999994
3 0.19179687499999998 0.22333984375 0.024999999999999994 0.0244140625
3 0.08964772031823745 0.13662312576499389 0.031077876376988986 0.024623240514075884
3 0.0814001300489596 0.16746194155446756 0.02797008873929009 0.029404452264381875
3 0.1455078125 0.37783203125 0.01835937500000001 0.016992187500000033
3 0.11455078125 0.426953125 0.04082031249999998 0.03671875000000002
3 0.05078125 0.4396484375 0.024609374999999996 0.037109375
3 0.07337136243386243 0.5034722222222222 0.07192460317460317 0.08804563492063494
3 0.06531084656084656 0.35765955687830686 0.09093915343915343 0.09238591269841273
1 0.585777271923621 0.8011182814710042 0.019061615983026914 0.018785360678925
