3 0.2277620160213618 0.38122183744993327 0.01694968291054738 0.016688918558077415
3 0.4686986539433772 0.3658090558645096 0.0159962714863498 0.01639124115267948
3 0.4343362929726997 0.38417514534883723 0.01481136248736098 0.01481136248736098
3 0.37641014004149376 0.4243603042876902 0.019180065698478577 0.020530774550484077
3 0.07158203125 0.4873046875 0.025976562499999994 0.024609375000000044
3 0.1 0.50478515625 0.024218749999999997 0.025195312499999956
3 0.13564453124999998 0.51533203125 0.027929687499999994 0.029101562500000067
3 0.1611328125 0.5421875 0.026953125000000022 0.025781249999999978
3 0.1984202876376989 0.6188083307833537 0.031077876376989 0.03131693696450433
3 0.03590703342618384 0.8015157120473537 0.02067374651810585 0.02148981545961004
