3 0.5745442708333333 0.068359375 0.07052951388888895 0.07378472222222221
3 0.2096896701388889 0.4855685763888889 0.14268663194444445 0.12152777777777779
3 0.10796440972222221 0.3746202256944444 0.07269965277777778 0.0634765625
3 0.35074869791666663 0.75927734375 0.16221788194444448 0.14051649305555558
3 0.37027994791666663 0.9147135416666666 0.16004774305555552 0.13780381944444442
3 0.7831488715277777 0.8930121527777777 0.08951822916666663 0.07161458333333337
3 0.7769097222222221 0.8067491319444444 0.08355034722222221 0.07703993055555558
1 0.15439453125000002 0.78828125 0.018945312500000006 0.026953125000000022
1 0.13720703125 0.75595703125 0.020117187500000022 0.0263671875
1 0.12685546874999998 0.7623046874999999 0.018164062499999994 0.025000000000000022
1 0.14511718750000002 0.7953125000000001 0.019140624999999994 0.026953125000000022
1 0.05908203125 0.64892578125 0.026757812500000006 0.02089843750000009
1 0.072265625 0.6615234375 0.025781250000000006 0.020312499999999956
1 0.0818359375 0.6658203125 0.013281249999999994 0.010156249999999978
1 0.08203125 0.677734375 0.025390625 0.01992187500000009
1 0.08828125 0.690234375 0.024609375000000003 0.01953125
1 0.09404296875000001 0.69853515625 0.025195312499999997 0.020117187500000022
1 0.105078125 0.71279296875 0.024609375000000003 0.021289062499999956
1 0.21875 0.9107421874999999 0.029687499999999978 0.013281250000000022
1 0.22158203125 0.92119140625 0.0302734375 0.0107421875
1 0.2267578125 0.951953125 0.030078124999999983 0.013281250000000022
1 0.22880859375 0.962109375 0.029492187500000017 0.010156249999999978
1 0.2302734375 0.97109375 0.030078124999999983 0.010546874999999956
