2 0.09309895833333334 0.9778645833333333 0.04557291666666667 0.03645833333333337
2 0.24609375 0.93359375 0.03645833333333334 0.1171875
2 0.35788071725571724 0.651864604989605 0.01989669958419954 0.041823674636174646
2 0.35239897349272353 0.6595796517671517 0.01949064449064447 0.03857523388773387
2 0.48923954002079006 0.6011077182952183 0.017054313929313947 0.04750844594594594
2 0.3311428720735786 0.35955790133779264 0.024822324414715713 0.02678198160535117
2 0.39417851170568563 0.4219403219063545 0.08949101170568563 0.10190217391304346
2 0.7043659357734806 0.14918206146408838 0.035069924033149125 0.07175845994475137
2 0.717314830801105 0.14675414364640882 0.03291177486187846 0.07445614640883977
2 0.7561615158839778 0.1648286429558011 0.038307147790055285 0.07715383287292815
2 0.7213393365603645 0.05487435933940771 0.012902192482915797 0.04671483485193622
2 0.7131086275626424 0.05487435933940771 0.013347095671981779 0.04226580296127563
2 0.7059901765375854 0.07044597095671978 0.014236902050113853 0.04671483485193622
2 0.7286802391799545 0.1342895785876993 0.04004128701594534 0.08453160592255127
2 0.15110844017094016 0.4114917200854701 0.0784588675213675 0.11184561965811962
