3 0.8675578172782874 0.15798212920489296 0.049574732415902045 0.035239870030581044
3 0.9617682409502262 0.6714507918552036 0.06628252262443435 0.0883766968325792
3 0.9849892180429864 0.9490596719457014 0.026115313914027216 0.05500565610859731
1 0.5647818688118812 0.10219236209335221 0.01353650990099009 0.024862977369165484
1 0.6205854402404526 0.011166239391796343 0.01132646746817545 0.018509105374823198
1 0.568649443069307 0.07484308698727017 0.010773956859971734 0.019337871287128716
1 0.5442008486562941 0.23921499292786425 0.011050212164073536 0.019890381895332404
1 0.34930273161244696 0.7163079031117398 0.011878978076379054 0.02375795615275811
1 0.32303299919268025 0.8904694227664154 0.013245088805166838 0.021234189989235763
1 0.32334835844994614 0.9030837930570506 0.012614370290635057 0.01829083692142086
