3 0.06221575248070564 0.3236373346196252 0.049097298787210586 0.05168136714443222
3 0.11195906835722161 0.31879220644983464 0.046943908489525885 0.04931263781697903
3 0.21004599641675853 0.3098556367144432 0.0462978914002205 0.04349848401323042
3 0.26377308434399116 0.3030724572767365 0.044790518191841266 0.04328314498346192
3 0.32051491868798243 0.29876567668136716 0.0462978914002205 0.04629789140022056
3 0.6268346885336273 0.2735710101984565 0.05297340132304307 0.051035350055126855
3 0.6809924545203969 0.2685105429988975 0.04112975468577729 0.04479051819184124
3 0.7866162486218302 0.2591432952039691 0.04608255237045211 0.041991110804851156
3 0.2817127467982924 0.4869263607257204 0.04314801227321241 0.042939567769477105
3 0.33037109375 0.4892578125 0.04433593749999998 0.046093750000000044
3 0.38232421875 0.50078125 0.04355468750000002 0.048828124999999944
3 0.45556640625 0.51162109375 0.033398437500000044 0.038867187499999956
3 0.49443359374999996 0.48056640624999997 0.04511718749999999 0.04628906249999998
3 0.68134765625 0.46376953125 0.05019531249999998 0.04628906250000003
3 0.73974609375 0.46865234375 0.046679687499999956 0.04121093749999999
3 0.7916015624999999 0.4595703125 0.03867187500000002 0.046875
3 0.41767578125 0.9751953125 0.05527343750000002 0.045703124999999956
3 0.9296875 0.9357421875 0.06484375000000009 0.06874999999999998
3 0.6129322379725086 0.9797405229810996 0.05538552405498287 0.0366127040378007
