3 0.20937626415857608 0.3040301375404531 0.04329743122977345 0.0391889158576052
3 0.2138671875 0.3978515625 0.048828125 0.04765625000000001
3 0.236328125 0.4482421875 0.03945312499999998 0.034375000000000044
3 0.2431640625 0.49794921875 0.04570312499999998 0.044726562499999956
3 0.40605468749999996 0.25 0.04179687500000001 0.05390625000000002
3 0.44482421875 0.28681640625000004 0.039257812500000044 0.04121093749999999
3 0.47646484375 0.38154296875000004 0.04472656250000001 0.04472656250000001
3 0.7768235146383466 0.15994098019517797 0.045520594144661364 0.04776298794489092
3 0.694864021239954 0.21779474024110218 0.047090269804822116 0.04507211538461539
3 0.6463161954649828 0.24010655855338695 0.03430862514351318 0.04215700344431689
3 0.6130166475315729 0.2669031644661309 0.04081156716417911 0.03744797646383466
3 0.6158196397818598 0.32599024110218144 0.03699949770378874 0.04215700344431689
3 0.8453125 0.2541015625 0.042187500000000044 0.040624999999999994
3 0.8609375 0.29921875 0.049609374999999956 0.04414062499999999
3 0.85185546875 0.35205078125 0.04238281249999998 0.04628906249999998
3 0.86767578125 0.40244140625 0.05722656249999991 0.04667968750000001
3 0.8603515625 0.44970703125 0.046093750000000044 0.043164062500000044
3 0.86376953125 0.9015625 0.05136718749999991 0.05351562500000007
3 0.92060546875 0.8759765625 0.03925781249999993 0.045703124999999956
