3 0.14872472426470587 0.22282858455882354 0.08559283088235296 0.08616727941176472
3 0.15490004595588236 0.33053768382352944 0.09564568014705885 0.08903952205882354
3 0.16624540441176472 0.43767233455882354 0.08674172794117649 0.07927389705882348
3 0.3785041360294118 0.4763039981617647 0.07869944852941174 0.08071001838235287
3 0.3635684742647059 0.29348575367647056 0.09535845588235292 0.08616727941176466
3 0.3552389705882353 0.20171760110294118 0.09363511029411764 0.09047564338235292
3 0.6868867132248939 0.18810776166902407 0.09365054809052331 0.0884016973125884
3 0.8859286598302687 0.1740187411598303 0.09226927157001419 0.08895420792079209
3 0.8938019359971711 0.2813439268033946 0.09586059052333806 0.0908879950495049
3 0.7002850954738331 0.3702981347241867 0.08950671852899583 0.0903354844413013
3 0.7091252652050919 0.458837959688826 0.07624646393210743 0.07845650636492218
3 0.895735723125884 0.3926748143564356 0.0743126768033946 0.0814953147100424
3 0.7264108009708738 0.7078276699029127 0.0944326456310679 0.08608919902912626
3 0.9317733616504855 0.7127578883495146 0.07964199029126207 0.08760618932038833
3 0.9414441747572816 0.8208434466019419 0.08002123786407767 0.08077973300970875
3 0.9525845722087378 0.9302468901699029 0.09092460558252424 0.08872496966019416
3 0.40811820652173914 0.8566576086956521 0.0906929347826087 0.10869565217391297
3 0.4093070652173913 0.9611497961956521 0.0720108695652174 0.07379415760869568
3 0.09578804347826086 0.80859375 0.08084239130434782 0.10088315217391308
3 0.19123641304347827 0.7466032608695652 0.044836956521739135 0.048913043478260865
3 0.19548233695652173 0.8001019021739131 0.04449728260869565 0.03974184782608703
3 0.19463315217391303 0.852921195652174 0.05638586956521738 0.05095108695652173
3 0.20329483695652173 0.9069293478260869 0.042459239130434784 0.03804347826086951
3 0.20550271739130435 0.9738875679347826 0.0577445652173913 0.04831861413043481
