3 0.60517578125 0.65888671875 0.03925781249999993 0.04511718749999993
3 0.29482421875 0.7911132812499999 0.07675781249999997 0.08339843749999998
3 0.1001953125 0.8751953125 0.046875 0.060546875
1 0.43385575457317077 0.35370617378048785 0.01929306402439024 0.013338414634146367
1 0.42694836128048785 0.3373904344512195 0.01929306402439024 0.013100228658536606
1 0.4244474085365854 0.3315548780487805 0.01810213414634143 0.013338414634146367
1 0.446360518292683 0.3797875381097562 0.019054878048780477 0.01214748475609756
1 0.448266006097561 0.38502762957317077 0.01810213414634143 0.010718368902439046
1 0.4909012957317074 0.370141006097561 0.02286585365853666 0.014291158536585358
1 0.4936404344512195 0.37883479420731714 0.01786394817073167 0.011671112804878037
1 0.49602229420731714 0.38502762957317077 0.017387576219512202 0.010718368902439046
1 0.4832793445121952 0.35525438262195125 0.018578506097560954 0.015005716463414642
1 0.4781583460365854 0.34620331554878053 0.018340320121951192 0.013576600609756073
1 0.4747046493902439 0.3376286204268293 0.019054878048780477 0.01452934451219512
1 0.4643435594512195 0.31273818597560976 0.018340320121951248 0.01381478658536589
1 0.4663681402439025 0.31964557926829273 0.01714939024390244 0.012862042682926844
1 0.46970274390243905 0.3254811356707317 0.01857850609756101 0.01452934451219512
1 0.4711318597560976 0.32941120426829273 0.017625762195121963 0.012862042682926844
