3 0.305078125 0.04228515625 0.03242187499999999 0.040820312500000004
3 0.15458984375 0.11894531250000001 0.04082031249999998 0.044921875000000014
3 0.055078125000000006 0.16796875 0.038671875 0.04296875
3 0.48415433443509615 0.5110332782451923 0.07159893329326933 0.08826622596153849
3 0.5831017127403847 0.46889554537259615 0.07512019230769229 0.09037898137019229
3 0.6428457406850963 0.43239182692307687 0.042489858774038436 0.04648061899038464
3 0.6861572265625 0.40480863131009615 0.04319411057692313 0.04765437199519229
3 0.7505962665264423 0.41243802584134615 0.0335693359375 0.037560096153846145
3 0.7862783578725963 0.3644315279447115 0.042959359975961564 0.050940880408653855
3 0.9782573993389423 0.30947171724759615 0.03957895132211542 0.06074406550480771
3 0.6420882737138263 0.5822698954983923 0.045845056270096385 0.044275020096463
3 0.6397332194533762 0.69625452170418 0.10079632234726688 0.07881581591639875
3 0.5279466438906752 0.8658184284565916 0.07065162781350481 0.082583902733119
3 0.42479526728295824 0.7626670518488745 0.043961012861736315 0.052125200964630136
3 0.7399285966149507 0.19173131170662905 0.04407616361071931 0.04462711565585331
3 0.6388288963328632 0.12203587799717913 0.04903473201692532 0.04021949929478137
3 0.6078378437940761 0.23883771156558534 0.07134828984485198 0.07217471791255287
3 0.522027062764457 0.27616471262341324 0.07988804654442871 0.08291828279266572
3 0.44103711212976027 0.31982766220028214 0.06941995768688297 0.06776710155148097
3 0.35550180712270807 0.356603711212976 0.08622399506346967 0.09283541960507757
3 0.26831364598025387 0.3935174982369535 0.0787861424541608 0.07851066643159382
3 0.2012352344851904 0.4319464033850494 0.04820830394922426 0.05344234837799716
