3 0.08229006163328198 0.15120618258859786 0.03761796995377503 0.04243307010785824
3 0.560766696313066 0.7174209653945667 0.04825962160413966 0.05988235769728334
4 0.4844913151364764 0.5202339872828784 0.037560096153846145 0.03344060173697261
4 0.47940252791563276 0.5628828706575681 0.030775046526054617 0.03344060173697272
4 0.5304115617245657 0.6376395781637717 0.028109491315136514 0.027382521712158825
4 0.4190640508684863 0.5791185251240695 0.032228985732009885 0.037802419354838745
4 0.47176934708436724 0.6062587236352357 0.03150201612903225 0.03344060173697272
4 0.4653477822580645 0.6455150821960298 0.03174433933002485 0.03344060173697272
4 0.4143387484491315 0.6257657413151365 0.03150201612903225 0.03271363213399503
4 0.40731137562034736 0.6656279078784119 0.032955955334987574 0.03150201612903225
4 0.4288933215130024 0.5315131870567376 0.03462987588652483 0.033937278368794344
