2 0.6544921875 0.10966796875 0.008984374999999933 0.0244140625
2 0.6544921875 0.12822265625 0.009765625 0.015429687499999983
2 0.6509765625 0.1697265625 0.008593749999999956 0.021484375
2 0.6482421875 0.19609375 0.009375000000000022 0.026562500000000017
2 0.657421875 0.23037109375 0.010546875000000067 0.02753906249999999
2 0.673046875 0.23212890625 0.011328125000000022 0.027539062500000017
2 0.6861328125 0.23369140625 0.01171875 0.027539062500000017
2 0.7 0.23623046875 0.01171875 0.02714843750000001
2 0.71357421875 0.24306640625 0.0146484375 0.03652343750000003
2 0.6734374999999999 0.19912109375 0.009375000000000022 0.02324218750000001
2 0.68291015625 0.20322265625 0.009960937499999933 0.0205078125
2 0.694140625 0.201953125 0.008984374999999933 0.023046874999999994
2 0.740234375 0.243359375 0.014062500000000089 0.029687499999999978
2 0.7533203125 0.2470703125 0.010546874999999956 0.03125
2 0.78076171875 0.25302734375 0.0146484375 0.03574218749999997
2 0.80869140625 0.25390625 0.011914062500000044 0.03281250000000002
2 0.81279296875 0.219921875 0.010351562500000022 0.0234375
2 0.78876953125 0.21884765625 0.0107421875 0.02128906250000001
2 0.76728515625 0.21259765625 0.0107421875 0.024804687500000006
2 0.735546875 0.20927734375 0.011328125000000022 0.025195312499999983
2 0.72392578125 0.2078125 0.011523437500000067 0.023828125000000006
2 0.71318359375 0.2052734375 0.011132812499999978 0.023828125000000006
2 0.66552734375 0.14130859375 0.009570312499999956 0.0205078125
2 0.66748046875 0.11455078125 0.009570312499999956 0.022070312499999994
2 0.68720703125 0.11582031250000001 0.009960937499999933 0.021875000000000006
2 0.696875 0.1171875 0.010546874999999956 0.02265624999999999
2 0.7072265625 0.1216796875 0.010546875000000067 0.017578125
2 0.71572265625 0.12128906249999999 0.009570312499999956 0.021484374999999986
2 0.72392578125 0.12275390624999999 0.008007812499999933 0.017382812499999997
2 0.7318359375 0.127734375 0.008593749999999956 0.016015625000000006
2 0.67470703125 0.13974609375000002 0.008007812500000044 0.018164062499999994
2 0.6845703125 0.1427734375 0.010156250000000089 0.019921875000000006
2 0.6935546875 0.14326171875 0.008593750000000067 0.017382812499999983
2 0.70048828125 0.14736328124999998 0.0087890625 0.014257812499999994
2 0.7267578125 0.14921875 0.0078125 0.018359374999999983
2 0.7353515625 0.149609375 0.007031250000000044 0.017968750000000006
2 0.60986328125 0.5091796875 0.015039062500000089 0.043749999999999956
2 0.6220703125 0.52158203125 0.007421874999999911 0.0166015625
2 0.63603515625 0.52109375 0.008398437500000022 0.016406249999999956
2 0.6436523437499999 0.522265625 0.008398437500000022 0.017578125
2 0.652734375 0.52109375 0.008984375000000044 0.017578125
2 0.669140625 0.5213867187500001 0.009375000000000022 0.016992187499999978
2 0.67666015625 0.51875 0.0087890625 0.018749999999999933
2 0.6857421875 0.5206054687499999 0.008984374999999933 0.016992187499999978
2 0.69287109375 0.51904296875 0.008007812500000044 0.0166015625
2 0.701953125 0.51611328125 0.008203124999999978 0.017773437500000044
2 0.7279296875000001 0.52021484375 0.04140624999999998 0.013476562500000067
2 0.73505859375 0.536328125 0.05214843749999998 0.015625
2 0.7322265625 0.55830078125 0.04375000000000007 0.013476562500000067
2 0.7375 0.5876953125 0.046875 0.017578125
2 0.73701171875 0.603515625 0.04121093749999993 0.012499999999999956
2 0.9327148437499999 0.66123046875 0.008398437500000022 0.0224609375
2 0.5069114323566085 0.5445370947630923 0.013394248753117122 0.03312032418952615
2 0.5501383260598505 0.5623149158354115 0.018508416458852817 0.008767144638404
2 0.5500165601620948 0.5382052680798006 0.011933057980049844 0.033607387780548614
2 0.5291945916458853 0.5345522911471321 0.016560162094763076 0.04286159600997508
2 0.5917822630922693 0.5461200514339153 0.008767144638404 0.018751948254364104
2 0.6000623441396509 0.545267690149626 0.009254208229426464 0.018021352867830354
2 0.6132130610972568 0.5899557746259352 0.01217658977556113 0.028980283665835493
2 0.65068359375 0.5667968750000001 0.020117187500000022 0.010156249999999978
2 0.69453125 0.563671875 0.021484375 0.008984374999999933
2 0.6919921874999999 0.58212890625 0.010156249999999978 0.023242187499999956
2 0.6815429687500001 0.5861328125 0.010351562500000022 0.026171875000000067
2 0.6714843749999999 0.5884765625 0.010156249999999978 0.033203125
2 0.6489035642062688 0.5897568566734075 0.00908430232558144 0.025080573811931184
2 0.8172851562500001 0.13818359375 0.008398437500000022 0.0185546875
2 0.8091796875 0.1400390625 0.008593749999999956 0.01874999999999999
2 0.80927734375 0.16396484374999998 0.008007812499999933 0.020898437500000006
2 0.79951171875 0.161328125 0.009960937499999933 0.018750000000000017
2 0.7517578125 0.153515625 0.009375000000000022 0.018359374999999983
2 0.7603515624999999 0.155859375 0.008203124999999978 0.01874999999999999
2 0.768359375 0.1560546875 0.007031249999999933 0.015625
2 0.771604938271605 0.13249903549382716 0.007233796296296391 0.01519097222222221
2 0.7628038194444444 0.1316550925925926 0.008439429012345623 0.015914351851851846
2 0.7564139660493827 0.12984664351851852 0.006751543209876476 0.013744212962962951
2 0.7485773533950617 0.1285204475308642 0.007474922839506237 0.013985339506172853
2 0.7400173611111112 0.12779706790123457 0.00868055555555558 0.014467592592592601
2 0.7861930941358025 0.13539255401234568 0.008439429012345734 0.01711998456790123
2 0.7940297067901235 0.134789737654321 0.00868055555555558 0.017361111111111133
2 0.7763069058641976 0.15564718364197533 0.009886188271604923 0.01470871913580249
2 0.85341796875 0.118359375 0.017382812499999956 0.009374999999999994
2 0.89453125 0.11796875 0.014843750000000044 0.008203125000000006
2 0.8939453125000001 0.12568359375 0.015234375000000022 0.008398437499999994
2 0.85283203125 0.13193359375000002 0.016992187499999978 0.009179687500000006
2 0.850390625 0.14150390625 0.015234375000000022 0.0087890625
2 0.85205078125 0.155859375 0.01699218750000009 0.010937499999999989
2 0.8516601562499999 0.16943359375 0.016992187499999978 0.009570312500000011
2 0.85185546875 0.17900390625 0.0166015625 0.009960937500000017
2 0.85185546875 0.18691406249999998 0.016992187499999978 0.0074218749999999944
2 0.85205078125 0.19472656249999998 0.01699218750000009 0.008203125000000006
2 0.85048828125 0.2033203125 0.0146484375 0.008593749999999983
2 0.850390625 0.22587890625 0.017968749999999978 0.009960937500000017
2 0.8513671875 0.2361328125 0.018359375000000067 0.008984375000000017
2 0.8525390625 0.25400390625 0.02109374999999991 0.009960937499999989
2 0.84990234375 0.26220703125 0.017773437499999933 0.008007812500000044
2 0.8537109375 0.28076171875 0.022656249999999933 0.010351562500000022
2 0.8525390625 0.31269531250000004 0.02109374999999991 0.008984374999999989
2 0.8458007812499999 0.3220703125 0.020117187500000022 0.009765625
2 0.89560546875 0.13359375 0.015820312500000044 0.008593749999999983
2 0.89365234375 0.14189453125 0.015429687499999956 0.008398437499999994
2 0.894921875 0.149609375 0.014453124999999956 0.0078125
2 0.8955078125 0.157421875 0.01718749999999991 0.008984375000000017
2 0.8907226562499999 0.16875 0.018945312499999978 0.008203125000000006
2 0.9189453125 0.193359375 0.01953125 0.008593750000000011
2 0.9197265625 0.20185546875 0.019140625000000022 0.009179687500000006
2 0.9188476562500001 0.2130859375 0.020117187500000022 0.009765625
2 0.91748046875 0.22255859375 0.019335937499999956 0.009570312500000011
2 0.91416015625 0.232421875 0.021289062499999956 0.010156249999999978
2 0.93916015625 0.237109375 0.015429687500000067 0.007031250000000017
2 0.93779296875 0.25361328125 0.020117187500000022 0.009179687499999978
2 0.9364257812500001 0.26259765625 0.016992187499999978 0.0087890625
2 0.9369140625 0.27060546875 0.018359374999999956 0.0087890625
2 0.9351562499999999 0.27998046875 0.016015624999999978 0.008398437500000022
2 0.9339843750000001 0.28886718749999996 0.016015624999999978 0.008984374999999989
2 0.933984375 0.29697265625 0.016796875000000044 0.0087890625
2 0.93271484375 0.30615234375 0.015820312500000044 0.0087890625
2 0.9315429687500001 0.31484375 0.016992187499999978 0.009374999999999967
2 0.91435546875 0.25166015625 0.017382812500000067 0.009960937500000017
2 0.91337890625 0.2623046875 0.019335937500000067 0.010937499999999989
2 0.9130859375 0.273046875 0.020312499999999956 0.008984374999999989
2 0.9099609375 0.29150390625 0.018749999999999933 0.009570312499999956
2 0.8995117187499999 0.37333984375 0.027929687500000022 0.010351562500000022
2 0.9251953125 0.3822265625 0.016406249999999956 0.008203125000000033
2 0.92314453125 0.39824218749999996 0.015039062499999978 0.008593750000000011
2 0.92333984375 0.4068359375 0.015429687499999956 0.008593750000000011
2 0.9220703125 0.41552734375 0.013281250000000022 0.0068359375
2 0.9205078124999999 0.42363281249999996 0.016015624999999978 0.008593750000000011
2 0.89638671875 0.4060546875 0.023242187499999956 0.009765625
2 0.89599609375 0.4173828125 0.0224609375 0.008984374999999989
2 0.9181640625 0.45908203125 0.016796874999999933 0.009179687500000033
2 0.89306640625 0.46220703124999996 0.02285156250000009 0.011523437500000011
2 0.89169921875 0.47529296875 0.021679687500000044 0.008398437500000022
2 0.9162109375 0.47773437500000004 0.017187500000000022 0.008593750000000011
2 0.3994140625 0.5546875 0.018750000000000044 0.05234374999999991
2 0.381640625 0.5662109375 0.015625 0.037109375
2 0.36992187499999996 0.5782226562499999 0.010546875000000011 0.022070312500000022
2 0.40605468749999996 0.5887695312500001 0.03046874999999999 0.013085937499999978
2 0.37548828125 0.5943359375 0.021679687500000044 0.008984375000000044
2 0.37568359375000004 0.60361328125 0.02324218750000001 0.009960937500000044
2 0.37919921875 0.61162109375 0.020898437499999978 0.009960937499999933
2 0.38115234374999996 0.62041015625 0.02128906250000001 0.009570312500000067
2 0.46298828125 0.52666015625 0.03261718750000003 0.0126953125
2 0.49462890625 0.5439453125 0.0146484375 0.03867187499999991
2 0.4837890625 0.54609375 0.010937499999999989 0.026953125000000022
2 0.52548828125 0.57109375 0.0107421875 0.020312500000000067
2 0.4669921875 0.54150390625 0.025781249999999978 0.012304687499999911
2 0.46494140625 0.5533203124999999 0.024023437499999967 0.010156249999999978
2 0.466796875 0.5655273437499999 0.021874999999999978 0.012304687500000022
2 0.49267578125 0.6338867187499999 0.03261718750000003 0.012304687500000022
2 0.5244140625 0.6287109375 0.022656250000000044 0.009375000000000022
2 0.49755859375 0.6482421875 0.0263671875 0.009765625
2 0.501171875 0.6728515625 0.028906250000000022 0.012499999999999956
2 0.50234375 0.6849609375 0.02656249999999999 0.01171875
2 0.5099609375 0.693359375 0.020703124999999933 0.01171875
2 0.73828125 0.640625 0.038281250000000044 0.013281249999999911
2 0.73662109375 0.65341796875 0.03183593750000002 0.009960937500000044
2 0.7330078125 0.6716796875 0.022656250000000044 0.009765625
2 0.73310546875 0.68115234375 0.0185546875 0.009570312499999956
2 0.70263671875 0.67158203125 0.008398437499999911 0.021289062500000067
2 0.69287109375 0.6729492187499999 0.011132812500000089 0.024023437500000022
2 0.7010742187500001 0.6463867187500001 0.011132812499999978 0.020117187500000022
2 0.6820312500000001 0.647265625 0.011328125000000022 0.0234375
2 0.671875 0.6486328125 0.009765625 0.021874999999999978
2 0.6416015625 0.65009765625 0.008593749999999956 0.022851562499999978
2 0.6737304687500001 0.67412109375 0.010351562500000022 0.023632812499999933
2 0.66298828125 0.6751953125 0.009960937500000044 0.024218749999999956
2 0.6539062499999999 0.67529296875 0.009375000000000022 0.02207031249999991
2 0.64384765625 0.6753906249999999 0.0087890625 0.019921874999999978
2 0.6341796875 0.674609375 0.008593749999999956 0.018749999999999933
2 0.6253906250000001 0.67548828125 0.010156249999999978 0.018164062500000022
2 0.74990234375 0.7791015625 0.0244140625 0.008984374999999933
2 0.661328125 0.76181640625 0.010937499999999933 0.021289062499999956
2 0.63408203125 0.7393554687499999 0.009179687499999978 0.020117187500000022
2 0.6556640625000001 0.73544921875 0.009375000000000022 0.019335937499999956
2 0.6748046875 0.73583984375 0.010546874999999956 0.01894531250000009
2 0.69140625 0.73115234375 0.010937500000000044 0.021679687499999933
2 0.71083984375 0.72998046875 0.0087890625 0.021289062499999956
2 0.7025390625 0.75390625 0.008984375000000044 0.015625
2 0.68369140625 0.758984375 0.0087890625 0.020703124999999933
2 0.71220703125 0.754296875 0.009960937499999933 0.018750000000000044
2 0.38789062500000004 0.6484375 0.02031250000000001 0.013671875
2 0.39130859375000004 0.67236328125 0.01777343749999999 0.009570312499999956
2 0.3953125 0.67998046875 0.017968749999999978 0.009570312500000067
2 0.42597656250000004 0.6921875 0.02851562499999999 0.012500000000000067
2 0.42705078124999996 0.7029296875 0.02949218749999999 0.01171875
2 0.42734375 0.71396484375 0.024999999999999967 0.009960937500000044
2 0.42851562499999996 0.7228515625 0.02265624999999999 0.009765625
2 0.398828125 0.7041992187499999 0.01835937500000001 0.011132812499999978
2 0.40078125 0.7203124999999999 0.01640625000000001 0.009375000000000022
2 0.40654296875 0.7337890625 0.018164062500000022 0.010937500000000044
2 0.440625 0.78447265625 0.025390625 0.011523437500000067
2 0.445703125 0.803515625 0.026953124999999967 0.012109374999999978
2 0.3484375 0.68720703125 0.015234375000000022 0.012304687500000022
2 0.3306640625 0.70390625 0.02070312499999999 0.009375000000000022
2 0.3310546875 0.7134765625 0.024218749999999956 0.012890625000000044
2 0.3568359375 0.7169921875 0.01679687499999999 0.01171875
2 0.34248046875 0.74111328125 0.018164062500000022 0.009960937500000044
2 0.34375 0.7494140625000001 0.020312499999999956 0.009375000000000022
2 0.34609375 0.7587890625 0.023828125000000033 0.008984375000000044
2 0.34794921875 0.7666015625 0.020898437499999978 0.009374999999999911
2 0.3767578125 0.77890625 0.017187500000000022 0.010546874999999956
2 0.36884765625 0.7509765625 0.018945312499999978 0.010156250000000089
2 0.3146484375 0.78125 0.0078125 0.01601562500000009
2 0.30732421875000004 0.7783203125 0.007617187500000011 0.015234374999999911
2 0.7440429687500001 0.700390625 0.026757812499999978 0.009765625
2 0.741796875 0.71455078125 0.0234375 0.009960937499999933
2 0.74619140625 0.7279296875 0.025195312499999956 0.010546874999999956
2 0.74521484375 0.7498046875 0.0224609375 0.008984374999999933
2 0.74794921875 0.75947265625 0.0263671875 0.009960937499999933
2 0.6794921875 0.808984375 0.009375000000000022 0.021484375
2 0.64658203125 0.8138671875000001 0.0087890625 0.016015624999999978
2 0.6552734375 0.83447265625 0.009374999999999911 0.01699218750000009
2 0.670703125 0.8322265625 0.008984374999999933 0.016796874999999933
2 0.67861328125 0.83203125 0.008007812500000044 0.01914062499999991
2 0.68671875 0.82900390625 0.0078125 0.015429687499999956
2 0.7017578125 0.83134765625 0.008593749999999956 0.018945312499999978
2 0.71455078125 0.828125 0.0087890625 0.01796875000000009
2 0.72333984375 0.82744140625 0.008007812499999933 0.016992187499999978
2 0.7302734375 0.82587890625 0.008593750000000067 0.017382812500000067
2 0.73251953125 0.8431640625 0.008007812500000044 0.014843750000000044
2 0.74921875 0.80078125 0.023046875000000022 0.009765625
2 0.81552734375 0.7873046875 0.033398437500000044 0.012109374999999978
2 0.8501953125 0.78330078125 0.021484375 0.0107421875
2 0.88876953125 0.75849609375 0.009960937500000044 0.024023437500000022
2 0.88525390625 0.72314453125 0.008007812500000044 0.02089843750000009
2 0.8701171875 0.72900390625 0.01718749999999991 0.0087890625
2 0.86611328125 0.64580078125 0.015429687499999956 0.008398437500000022
2 0.823046875 0.6501953125 0.020312500000000067 0.009765625
2 0.79833984375 0.6609375 0.01894531250000009 0.009765625
2 0.80166015625 0.715625 0.019726562500000044 0.008984374999999933
2 0.80029296875 0.67060546875 0.01894531250000009 0.007226562499999978
2 0.8001953125000001 0.68046875 0.019140625000000022 0.007421875000000022
2 0.8 0.6890624999999999 0.017968749999999978 0.008203124999999978
2 0.80341796875 0.7503906250000001 0.0185546875 0.009375000000000022
2 0.82763671875 0.7665039062500001 0.01699218750000009 0.008398437500000022
2 0.80478515625 0.767578125 0.0185546875 0.008593749999999956
2 0.9365234375 0.744140625 0.010156250000000089 0.03515625
2 0.9357421875 0.70478515625 0.011328125000000022 0.03261718749999998
2 0.8248233449214026 0.6682427070737607 0.02101912031438935 0.010155305320435293
2 0.8257680244860943 0.7129969014510278 0.020074440749697664 0.011808494558645743
2 0.8672158403869408 0.6678884522370012 0.017004232164449795 0.010391475211608214
2 0.87080078125 0.71435546875 0.015429687500000067 0.007617187499999956
2 0.87099609375 0.73828125 0.015820312500000044 0.008984375000000044
2 0.82548828125 0.7225585937500001 0.019726562499999933 0.007226562499999978
2 0.9180096960167714 0.6885072720125784 0.01392164570230614 0.00777974318658281
2 0.5112110193920335 0.7521783280922432 0.023339229559748376 0.009827044025157217
2 0.5161245414046121 0.763233752620545 0.024977070230607912 0.010645964360587068
2 0.5945361635220126 0.7194215146750523 0.022110849056603765 0.009008123689727476
2 0.5955598139412996 0.7282249082809223 0.0208824685534591 0.00859866352201255
2 0.596583464360587 0.738256682389937 0.024567610062893097 0.009827044025157217
2 0.5986307651991614 0.7476742662473794 0.022110849056603765 0.009008123689727476
2 0.5986307651991614 0.7560681996855345 0.022929769392033617 0.011055424528301883
2 0.6031348270440251 0.7730607966457022 0.022929769392033617 0.009827044025157217
2 0.5392590408805031 0.7263823375262053 0.022929769392033506 0.009827044025157217
2 0.5413063417190775 0.7366188417190775 0.019654088050314433 0.009008123689727476
2 0.5425347222222221 0.74603642557652 0.023748689727463357 0.009827044025157217
2 0.5488813548218029 0.7822736504192871 0.019244627882599508 0.010236504192872142
2 0.5505191954926625 0.7916912342767295 0.024158149895178282 0.009417583857442402
2 0.5501097353249476 0.8015182783018868 0.01924462788259962 0.00777974318658281
2 0.6070246986373165 0.7994709774633123 0.0208824685534591 0.009417583857442402
2 0.6100956498951782 0.8097074816561844 0.018835167714884693 0.010236504192872142
2 0.6103003799790356 0.8201487159329139 0.02252030922431858 0.009827044025157217
2 0.8514724187631026 0.8062270702306079 0.02252030922431869 0.010645964360586957
2 0.7937385351153039 0.8242433176100628 0.02252030922431869 0.011464884696016697
2 0.8287473794549265 0.8170777646750523 0.01637840670859536 0.007779743186582699
2 0.8283379192872117 0.8260858883647798 0.0171973270440251 0.00859866352201255
2 0.8324325209643605 0.8418501048218028 0.018016247379454953 0.009827044025157217
2 0.5519523060796645 0.5789766771488469 0.018016247379454953 0.006551362683438144
2 0.5515428459119496 0.5875753406708595 0.018835167714884693 0.008189203354297625
2 0.5380306603773585 0.6094814596436058 0.009008123689727476 0.01924462788259962
2 0.5564563679245282 0.6131666011530398 0.018016247379454953 0.010236504192872031
2 0.4772258254716981 0.8160541142557651 0.009417583857442346 0.019654088050314433
2 0.45142983490566035 0.8477872772536688 0.009417583857442346 0.0208824685534591
2 0.48541502882599574 0.7943527253668763 0.018425707547169823 0.009827044025157217
2 0.4903285508385744 0.8009040880503144 0.017606787211740083 0.009827044025157217
2 0.5288178066037735 0.810935862159329 0.019244627882599508 0.010236504192872142
2 0.5281658894766147 0.6423519278953229 0.024577185412026692 0.012397341314031252
2 0.5314283477171492 0.660186699610245 0.027622146436525608 0.01239734131403114
2 0.5334945712694877 0.6725840409242761 0.02653466035634744 0.009352380289532336
2 0.5289271297327394 0.6831326559020043 0.016094793986637046 0.009134883073496636
2 0.5842801712138085 0.6616004315144766 0.028492135300668187 0.014354816258351888
2 0.6522480512249442 0.6496380846325167 0.011309855233852972 0.021314727171492187
2 0.5190304487179487 0.77734375 0.029647435897435903 0.010216346153846256
2 0.4384014423076923 0.7546073717948718 0.029847756410256443 0.012820512820512775
2 0.43880208333333337 0.7662259615384615 0.02544070512820512 0.01041666666666663
0 0.44970703125 0.0150390625 0.007617187499999956 0.0125
0 0.395703125 0.12783203125 0.008203124999999978 0.013867187500000003
0 0.46464843749999996 0.12724609375 0.008593750000000011 0.013867187500000003
0 0.4650390625 0.151171875 0.008203124999999978 0.012109375000000006
0 0.4525390625 0.13173828125 0.010546875000000011 0.0146484375
0 0.44462890624999996 0.18515625 0.009960937499999989 0.01171875
0 0.4265625 0.23857421875 0.009375000000000022 0.0146484375
0 0.3701171875 0.21220703125 0.0078125 0.013085937500000006
0 0.35703125 0.23125 0.008984374999999989 0.014062500000000006
0 0.3404296875 0.2640625 0.008984374999999989 0.012890624999999989
0 0.35439453125 0.29072265625000004 0.010351562499999967 0.011523437500000011
0 0.34267578125 0.29013671875 0.008398437499999967 0.011914062499999989
0 0.31103515625 0.34892578125 0.008007812500000044 0.011132812499999978
0 0.34443359375 0.40937500000000004 0.009179687499999978 0.012500000000000011
0 0.3203125 0.39345703125 0.008984375000000044 0.0126953125
0 0.30185546875 0.41025390625 0.009570312500000011 0.013476562500000011
0 0.38466796875 0.36015624999999996 0.008398437499999967 0.012500000000000011
0 0.379296875 0.34228515625 0.008203125000000033 0.013085937499999978
0 0.36181640625 0.39599609375 0.009179687499999978 0.013085937499999978
0 0.32119140625 0.3580078125 0.011523437500000011 0.015625
0 0.34345703125000004 0.472265625 0.011523437500000011 0.013281249999999967
0 0.27724609375 0.50322265625 0.008007812499999989 0.013085937499999978
0 0.30498046875 0.5265625 0.0087890625 0.013281250000000022
0 0.30625 0.55244140625 0.010156250000000033 0.014257812500000022
0 0.30644531249999996 0.5889648437499999 0.010937499999999989 0.014257812500000022
0 0.2783203125 0.6400390625000001 0.008203124999999978 0.014062499999999978
0 0.22099609375 0.6380859375 0.008398437499999994 0.010937500000000044
0 0.2166015625 0.61865234375 0.008984375000000017 0.013085937500000089
0 0.2361328125 0.59501953125 0.009765625 0.013867187499999933
0 0.1896484375 0.69853515625 0.008203125000000006 0.013476562500000067
0 0.20546875 0.7124999999999999 0.008984374999999989 0.013281250000000022
0 0.21748046875 0.7100585937499999 0.009570312499999983 0.013085937499999978
0 0.22822265625 0.7775390625 0.011132812500000006 0.016015624999999978
0 0.18935546874999998 0.7274414062500001 0.009179687500000006 0.014257812500000022
0 0.17705078125 0.75947265625 0.011132812500000006 0.0126953125
0 0.18798828125 0.76552734375 0.009179687499999978 0.013867187500000044
0 0.14150390625 0.86748046875 0.009960937499999989 0.015429687500000067
0 0.12744140625 0.8790039062499999 0.0087890625 0.014257812500000022
0 0.125390625 0.9140625 0.008593750000000011 0.012890625000000044
0 0.1111328125 0.92705078125 0.011328124999999994 0.0146484375
