2 0.5017233455882353 0.0563821231617647 0.04423253676470584 0.038775275735294115
2 0.42532169117647056 0.0717486213235294 0.02240349264705882 0.03446691176470587
2 0.44903860740291257 0.4431128640776699 0.013036635315533951 0.028206538228155387
2 0.4396759329490291 0.4450091019417476 0.012325546116504826 0.02631030036407772
2 0.396655036407767 0.41538038531553395 0.013036635315533951 0.03247307342233008
2 0.3861072132888349 0.4198839502427184 0.014695843446601964 0.028206538228155387
2 0.37283354824029125 0.42296533677184467 0.01327366504854366 0.0244140625
2 0.3620486953883495 0.42735038683252424 0.01398475424757284 0.025125151699029125
2 0.34913057493932037 0.42521711923543687 0.015169902912621325 0.03839881674757284
2 0.34261225728155337 0.4620752427184466 0.022517824635922334 0.046694857402912626
2 0.37354463743932037 0.46717138197815533 0.01327366504854366 0.03460634101941751
2 0.38065552942961167 0.45851979672330095 0.011851486650485465 0.0272584192961165
2 0.3898996890169903 0.457690192657767 0.012325546116504826 0.027495449029126207
2 0.40234375 0.46089009405339804 0.01398475424757284 0.030102776092232997
2 0.34354073660714285 0.33980389030612246 0.020428093112244916 0.054807079081632626
2 0.37169164540816324 0.253109056122449 0.027901785714285754 0.043845663265306145
2 0.36795479910714285 0.30019331951530615 0.048329878826530615 0.01843510841836732
2 0.3320749440715884 0.5646366401006712 0.02621644295302017 0.054399119127516826
2 0.343216932326622 0.5386386675055929 0.016603747203579433 0.03211514261744974
2 0.3582913870246085 0.5889960850111857 0.024031739373601757 0.04587877516778516
2 0.3732566065436242 0.5380924916107384 0.010705047539149914 0.02272091722595071
2 0.41815226510067116 0.5233457424496645 0.013545162192393767 0.031678201901566005
2 0.4313697217561522 0.5227995665548099 0.014637513982102945 0.026216442953020058
2 0.501498706655481 0.4919952460850112 0.019880802572706913 0.034955257270693485
2 0.5274966792505593 0.5426803691275168 0.021628565436241587 0.03626607941834448
2 0.5131868708053691 0.5467220707494407 0.021847035794183456 0.04522336409395977
2 0.4964738884228188 0.545083543064877 0.015074454697986572 0.031896672259507874
2 0.4850041946308725 0.5491252446868009 0.014855984340044759 0.03604760906040272
2 0.47672779788418707 0.5132673301781736 0.010874860801781738 0.01957474944320714
2 0.4695503897550111 0.5519818346325167 0.010004871937639215 0.01826976614699327
2 0.4594367692093541 0.5526343262806236 0.010657363585746094 0.016529788418708335
2 0.447583170935412 0.5516555888084632 0.010874860801781738 0.022402213251670355
2 0.4382307906458797 0.5594854885857461 0.016964782850779514 0.03240708518930957
2 0.41724230929844097 0.5650316675946547 0.016312291202672635 0.03392956570155903
2 0.40571495684855235 0.5675328855790646 0.015442302338530056 0.03414706291759462
2 0.39070764894209353 0.5316458449331849 0.011962346881959907 0.022402213251670466
2 0.4016912583518931 0.5312108505011135 0.011744849665924317 0.021967218819599066
2 0.36630859375 0.35624999999999996 0.010351562499999967 0.02226562500000001
2 0.37607421875 0.35566406250000004 0.010351562499999967 0.02070312499999999
2 0.3865234375 0.34912109375 0.010156249999999978 0.0263671875
2 0.6607572115384615 0.7741887019230769 0.3635817307692307 0.05108173076923084
1 0.6331768573752711 0.9437279690889371 0.02753863882863339 0.03092800976138832
1 0.6683182788774403 0.9828561381507592 0.02664469224511934 0.030381473698481654
1 0.6058500542299349 0.9115289452277657 0.021183568329717906 0.024996610629067217
