4 0.96416015625 0.64794921875 0.024023437500000022 0.02402343749999991
4 0.9549804687500001 0.681640625 0.024804687499999978 0.02382812500000009
4 0.9659179687499999 0.776171875 0.026757812499999978 0.025390625
4 0.96591796875 0.8150390624999999 0.0244140625 0.023828124999999978
4 0.93623046875 0.799609375 0.017773437499999933 0.017578125
4 0.93212890625 0.7712890625 0.015039062500000089 0.016015624999999978
4 0.92041015625 0.78740234375 0.0166015625 0.015429687500000067
4 0.9043945312499999 0.77568359375 0.018164062500000022 0.017773437499999933
4 0.987890625 0.8341796875 0.020312499999999956 0.026953125000000022
4 0.846875 0.8749023437500001 0.030468749999999933 0.029882812500000022
4 0.86630859375 0.911328125 0.0283203125 0.029687499999999978
4 0.90068359375 0.93623046875 0.029492187499999933 0.029492187499999933
4 0.864453125 0.8128906250000001 0.011328125000000022 0.012109374999999978
4 0.876171875 0.82041015625 0.010937499999999933 0.011523437499999956
4 0.9609375 0.8419921875 0.009374999999999911 0.010156249999999978
4 0.967578125 0.84794921875 0.0078125 0.008398437500000022
4 0.97392578125 0.8513671875 0.009179687499999978 0.009765625
4 0.98037109375 0.8568359375000001 0.0087890625 0.008203124999999978
4 0.98759765625 0.86220703125 0.008007812499999933 0.009570312499999956
4 0.95595703125 0.8690429687500001 0.007617187499999956 0.008398437500000022
4 0.962109375 0.87421875 0.007031249999999933 0.007421875000000022
4 0.9689453125 0.87890625 0.007421875000000022 0.0078125
4 0.95 0.8765625 0.006249999999999978 0.0078125
4 0.9571289062499999 0.8810546875 0.007226562499999978 0.008984374999999933
4 0.96337890625 0.8865234375 0.007617187499999956 0.007421875000000022
4 0.9451171875 0.8832031250000001 0.007031249999999933 0.008203124999999978
4 0.95146484375 0.88818359375 0.007617187500000067 0.008007812500000044
4 0.95732421875 0.8927734375 0.008007812499999933 0.008203124999999978
4 0.89169921875 0.82705078125 0.0185546875 0.017382812499999956
4 0.85263671875 0.82373046875 0.017382812499999956 0.01894531250000009
4 0.87060546875 0.837890625 0.019335937499999956 0.01992187500000009
4 0.88984375 0.85166015625 0.021874999999999978 0.0224609375
4 0.9076171875000001 0.87470703125 0.023046875000000022 0.023242187500000067
4 0.916796875 0.8500000000000001 0.014062499999999978 0.015234375000000022
2 0.10975894764957266 0.3405448717948718 0.06593883547008547 0.15024038461538464
