2 0.675624791388518 0.2696146945927904 0.1246453604806409 0.022425734312416568
2 0.961946080942623 0.709566043374317 0.07220158811475408 0.018367913251366108
2 0.774691555669399 0.747742699795082 0.05523181352459017 0.010405993852458995
2 0.7688215078551912 0.49586428449453557 0.07337559767759572 0.011473275273224115
2 0.936918331625683 0.22397434255464482 0.06537098702185795 0.010405993852459022
2 0.9495922984972678 0.23117849214480876 0.05656591530054644 0.008271431010928976
4 0.46640625 0.333984375 0.012500000000000011 0.012890625000000044
4 0.48203125 0.3337890625 0.012890624999999989 0.01171875
4 0.46660156249999996 0.34951171875 0.012890624999999989 0.011914062499999989
4 0.48193359375 0.34912109375 0.012304687500000022 0.011914062500000044
4 0.4814453125 0.3638671875 0.013671875 0.012890624999999989
4 0.48173828125 0.37919921874999996 0.011132812499999978 0.011914062499999989
4 0.5158203125 0.340625 0.019921874999999978 0.01953125
4 0.5440429687499999 0.34052734375 0.020117187500000022 0.020117187500000022
4 0.5728515625 0.3404296875 0.021484375 0.02031250000000001
4 0.515625 0.3689453125 0.01992187500000009 0.01953125
4 0.5443359375 0.36923828125 0.01953125 0.01972656249999999
4 0.5734375 0.36943359375 0.01953125 0.020117187500000022
4 0.60810546875 0.32548828125 0.018164062500000022 0.018945312499999978
4 0.63642578125 0.32626953125 0.018945312499999978 0.01777343749999999
4 0.60859375 0.35537109375 0.019140625000000022 0.0185546875
4 0.63662109375 0.3556640625 0.0205078125 0.01953125
4 0.6083984375 0.38486328125 0.01914062499999991 0.018945312500000033
4 0.6373046875 0.3841796875 0.01953125 0.01874999999999999
4 0.6708984375 0.35029296875 0.020312499999999956 0.020117187500000022
4 0.6701171875 0.37705078125 0.021093750000000022 0.020117187499999967
4 0.69482421875 0.36376953125 0.01894531250000009 0.019726562500000044
4 0.6943359375 0.33642578125 0.01992187500000009 0.019335937499999956
4 0.7349609375 0.3314453125 0.03125 0.03007812500000001
4 0.73525390625 0.3724609375 0.0302734375 0.028906249999999967
4 0.7748046875000001 0.3318359375 0.029687499999999978 0.029687499999999978
4 0.77490234375 0.371875 0.03183593749999991 0.030859375000000022
4 0.80966796875 0.33046875 0.0166015625 0.015625
4 0.8099609375 0.35087890625 0.017578125 0.016210937500000022
4 0.809765625 0.37158203125 0.017187500000000022 0.017382812499999956
4 0.8107421875 0.39130859375000004 0.017187500000000022 0.01582031249999999
4 0.7091796875 0.4228515625 0.026953125000000022 0.026953125000000022
4 0.72734375 0.4544921875 0.028125000000000067 0.02617187500000001
4 0.69169921875 0.45498046875 0.0283203125 0.02910156250000001
4 0.67236328125 0.42255859375 0.027539062500000044 0.0263671875
4 0.6548828125 0.45439453125 0.02734375 0.026757812499999978
4 0.63662109375 0.42304687500000004 0.027148437499999956 0.02617187500000001
4 0.61923828125 0.4548828125 0.027539062500000044 0.02734375
4 0.6001953124999999 0.42294921875 0.026953125000000022 0.027929687499999967
4 0.58349609375 0.455078125 0.027539062500000044 0.028124999999999956
4 0.5646484375 0.4236328125 0.028515624999999933 0.02734375
4 0.5464843749999999 0.45546875 0.028906250000000022 0.02812500000000001
4 0.528515625 0.42333984375 0.028515624999999933 0.027539062500000044
4 0.5115234375 0.45585937499999996 0.02851562499999999 0.02617187500000001
4 0.49267578125 0.42470703125 0.027929687499999967 0.027929687499999967
2 0.1257604670495768 0.9857731257557436 0.09753816505441355 0.018421251511487324
