2 0.4923221982758621 0.7839439655172413 0.052532327586206906 0.15086206896551724
2 0.4704879502118644 0.6037307997881356 0.02731064618644069 0.07200079449152541
2 0.3964181673728814 0.7075940148305085 0.026483050847457612 0.07117319915254239
2 0.24786480402542374 0.6095239671610171 0.03062102754237289 0.038896980932203395
2 0.5534461069915254 0.9525456832627119 0.03763903601694918 0.09100238347457623
2 0.3840042372881356 0.9219412076271187 0.05131091101694912 0.06455243644067798
2 0.38545794308357345 0.13301512968299714 0.0191372478386167 0.04334023775216139
2 0.5697946685878963 0.44174396613832856 0.08611761527377515 0.02251440922190201
2 0.7667957492795389 0.4757970100864553 0.057974603746397735 0.02307726945244959
2 0.9516953350144092 0.5171672370317002 0.05628602305475505 0.024765850144092272
4 0.6166848575367647 0.5908346737132353 0.03590303308823539 0.03446691176470584
4 0.629250919117647 0.6360724954044117 0.03662109375 0.034466911764705954
4 0.6418169806985293 0.679156135110294 0.03590303308823528 0.03733915441176472
4 0.6551011029411764 0.7233168658088235 0.033748851102941124 0.033748851102941124
4 0.5680283368644068 0.720802436440678 0.013241525423728806 0.013572563559322015
4 0.5830905720338984 0.7146782309322034 0.01158633474576276 0.01191737288135597
4 0.5974907309322035 0.7115333686440678 0.01125529661016944 0.013572563559322015
4 0.5839181673728814 0.7353681144067796 0.011255296610169552 0.014234639830508544
4 0.5974907309322035 0.7299059851694916 0.008606991525423768 0.011255296610169552
4 0.5685248940677967 0.8025688559322034 0.016882944915254217 0.017545021186440746
4 0.5902078919491526 0.7969412076271187 0.017213983050847537 0.017545021186440635
4 0.6070908368644068 0.7924721927966102 0.011255296610169552 0.012579449152542388
4 0.6105667372881356 0.8050516419491526 0.010262182203389814 0.010593220338983134
4 0.5736559851694916 0.8221001059322034 0.01588983050847459 0.01555879237288127
4 0.5963320974576272 0.816306938559322 0.014896716101694851 0.017213983050847426
4 0.5796146716101696 0.8394796080508475 0.014565677966101642 0.01588983050847459
4 0.600635593220339 0.8348450741525424 0.014234639830508433 0.017213983050847537
4 0.6597259004237288 0.7702926377118644 0.01191737288135597 0.012579449152542388
4 0.6640293961864407 0.785354872881356 0.013241525423728806 0.013572563559322015
4 0.668167372881356 0.8004171080508475 0.010262182203389814 0.012579449152542277
4 0.6258200143129771 0.9524590489821882 0.010188056615776153 0.012424459287531775
4 0.6387414519720102 0.9487317111959287 0.010685034987277353 0.010933524173027953
4 0.6521598680025444 0.9448801288167938 0.010188056615776042 0.013169926844783797
4 0.6643358381043256 0.9412770356234097 0.011678991730279864 0.011927480916030464
4 0.6223411657124682 0.967989623091603 0.010188056615776042 0.013169926844783686
4 0.6356353371501272 0.9666229325699744 0.011927480916030575 0.012424459287531886
4 0.648432530216285 0.9621501272264631 0.009194099872773531 0.011927480916030575
4 0.6639631043256997 0.960162213740458 0.01590330788804062 0.01689726463104324
4 0.6247018129770991 0.9889869592875318 0.01540632951653953 0.01640028625954204
4 0.6438652989821882 0.992398715807888 0.01695690203562339 0.011296318384223958
4 0.6403566316793893 0.9787989026717556 0.009442589058524131 0.010436545801526642
4 0.6563841841603053 0.9787989026717556 0.01664877544529264 0.01739424300254455
4 0.7166428117048346 0.9637653069338421 0.01689726463104324 0.01615179707379133
4 0.735155256043257 0.9787989026717557 0.01565481870229013 0.01689726463104324
4 0.7540404341603053 0.989856671437659 0.01664877544529264 0.013666905216284997
4 0.6735299379770991 0.8642453880407124 0.014163883587786308 0.012921437659033086
4 0.6898059796437659 0.8602695610687022 0.011927480916030575 0.013418416030534397
4 0.707075978053435 0.8576604246183206 0.01565481870229013 0.01764273218829515
4 0.6772572757633588 0.881639631043257 0.011678991730279864 0.009939567430025442
4 0.6916696485368956 0.878533516221374 0.010685034987277353 0.010685034987277353
4 0.7033486402671756 0.8764213581424936 0.010188056615776042 0.011430502544529264
4 0.7182579914122138 0.8739364662849872 0.009691078244274842 0.012424459287531775
4 0.6864513756361323 0.8990338740458015 0.01714575381679395 0.018388199745547062
4 0.7045910861959288 0.8948095578880406 0.014660861959287508 0.01540632951653953
4 0.7233520197201018 0.8900882633587786 0.01590330788804073 0.01739424300254455
4 0.7826166905216285 0.8733152433206106 0.01664877544529253 0.01565481870229013
4 0.8026200699745547 0.8606422948473282 0.01640028625954193 0.01565481870229013
4 0.755904103053435 0.8185233778625953 0.01540632951653953 0.01540632951653953
4 0.7826166905216285 0.8175294211195929 0.01615179707379133 0.01739424300254455
4 0.7658436704834606 0.8401419370229006 0.01640028625954193 0.01739424300254455
4 0.7947926606234097 0.8367873330152671 0.01615179707379133 0.01714575381679395
4 0.7515555423027989 0.767583094783715 0.009691078244274842 0.010933524173027953
4 0.7677073393765903 0.770316475826972 0.010188056615776153 0.010436545801526642
4 0.7822439567430025 0.773422590648855 0.008945610687022931 0.009691078244274842
4 0.7987684875954199 0.7756589933206106 0.009194099872773531 0.009691078244274842
4 0.7518040314885496 0.7837348918575063 0.008697121501272331 0.010436545801526753
4 0.7669618718193384 0.786344028307888 0.008697121501272331 0.011678991730279864
4 0.783237913486005 0.789077409351145 0.010436545801526753 0.011678991730279975
4 0.7983957538167938 0.792183524173028 0.008945610687022931 0.010933524173027953
4 0.7776469068066157 0.7505615855597965 0.012672948473282375 0.012672948473282486
4 0.7923077687659033 0.7536677003816794 0.010188056615776042 0.010933524173028064
4 0.6854232594936709 0.5894152162447257 0.016894119198312296 0.016070015822784778
4 0.6909859572784811 0.6100178006329113 0.015657964135021074 0.01524591244725737
4 0.698196861814346 0.6326806434599156 0.017718222573839704 0.01936642932489452
4 0.7037595595991561 0.6526651503164557 0.016482067510548593 0.018954377637130815
4 0.7082921281645569 0.6740918380801688 0.015657964135021074 0.019778481012658222
4 0.7255982990506329 0.606309335443038 0.023074894514767963 0.02183873945147674
4 0.7301308676160337 0.6289721782700423 0.018130274261603407 0.020190532700421926
4 0.7363116429324894 0.6510169435654009 0.02060258438818574 0.019778481012658222
4 0.7931747758438819 0.6273239715189873 0.016482067510548593 0.016894119198312185
4 0.7863759229957806 0.6462783491561181 0.017718222573839704 0.017718222573839704
4 0.7773107858649789 0.6674990110759493 0.01607001582278489 0.018130274261603296
4 0.7707179588607596 0.6876895437763713 0.017718222573839593 0.018130274261603296
4 0.7620648734177216 0.7068499472573839 0.017718222573839704 0.018542325949367
4 0.8242846782700421 0.6396855221518987 0.016894119198312185 0.01524591244725737
4 0.8174858254219409 0.659464003164557 0.016482067510548593 0.01854232594936711
4 0.8090387658227849 0.6800665875527426 0.01524591244725737 0.01607001582278489
4 0.800179654535865 0.6994330168776371 0.01730617088607589 0.01936642932489452
4 0.7919386207805907 0.7216838080168777 0.019778481012658222 0.019366429324894407
4 0.8057735979462874 0.5472082345971564 0.009565067140600347 0.010799269352290697
4 0.8006825138230647 0.5598588072669826 0.009256516587677788 0.009565067140600347
4 0.7960542555292258 0.5718922788309636 0.011107819905213256 0.010799269352290697
4 0.8198126481042654 0.5513736670616114 0.014810426540284416 0.014193325434439186
4 0.8262922097156398 0.5692695991311216 0.014193325434439075 0.014810426540284416
4 0.809167654028436 0.5802231437598736 0.013884774881516626 0.015118977093206976
4 0.7530114533965244 0.5521450434439179 0.015118977093206976 0.016353179304897325
4 0.7355783471563981 0.5453569312796208 0.016044628751974765 0.016353179304897214
4 0.7170653139810426 0.5371803416271721 0.016044628751974765 0.017278830963665004
4 0.5819414511494253 0.6431169181034483 0.01608896072796928 0.014966475095785414
4 0.3055245535714286 0.7692522321428572 0.02957589285714285 0.0306919642857143
4 0.3482142857142857 0.7692522321428572 0.030133928571428548 0.029575892857142905
4 0.29994419642857145 0.8119419642857142 0.02734375 0.0267857142857143
4 0.27036830357142855 0.7974330357142857 0.01171875 0.014508928571428603
4 0.2606026785714286 0.8289620535714286 0.02901785714285715 0.029575892857142905
4 0.294921875 0.8568638392857142 0.0306919642857143 0.0318080357142857
4 0.3528134097525473 0.8174979530567685 0.015352074235807867 0.01677356259097529
4 0.36844978165938863 0.8277326692139737 0.014783478893740876 0.016204967248908297
4 0.34172580058224167 0.8342715156477438 0.01421488355167394 0.015067776564774427
4 0.35693572598253276 0.8442219341339156 0.015067776564774371 0.01677356259097529
4 0.3304960425764192 0.8799012918486171 0.029282660116448367 0.02842976710334788
4 0.2032728347889374 0.8867244359534207 0.019900836972343516 0.020469432314410563
4 0.19971911390101893 0.9157227983988355 0.018479348617176122 0.01933224163027658
4 0.22701169032023288 0.9046351892285298 0.017910753275109187 0.01933224163027658
4 0.22317367176128092 0.9319277656477438 0.021038027656477443 0.0181950509461426
4 0.2737786572052402 0.9101789938136826 0.014783478893740931 0.01734215793304228
4 0.30064478711790393 0.9300798307860263 0.01677356259097529 0.016204967248908297
4 0.2577158387918486 0.9313591703056769 0.01677356259097529 0.01705786026200873
4 0.24335880640465793 0.9532500909752548 0.017626455604075664 0.01705786026200873
4 0.15067776564774382 0.9505492631004366 0.013646288209606977 0.014499181222707436
4 0.12438023107714702 0.9880765556768558 0.013930585880640459 0.013930585880640556
4 0.1759765625 0.9748046875 0.011328124999999994 0.012109374999999978
4 0.18994140625 0.9841796875 0.011523437500000011 0.010937499999999933
4 0.16835937499999998 0.9852539062500001 0.010156250000000006 0.011132812499999978
4 0.1806640625 0.99384765625 0.009765625 0.008398437500000022
4 0.16015625 0.99423828125 0.01171875 0.007617187499999956
2 0.13213698308270677 0.8770412359022556 0.09985902255639098 0.12702655075187974
2 0.018147145669291338 0.9578001968503936 0.03383366141732284 0.05351870078740162
2 0.02014640748031496 0.97533218503937 0.03598671259842519 0.04490649606299213
4 0.011072834645669289 0.8097010334645669 0.0203001968503937 0.024913877952755903
4 0.04075418307086614 0.7132750984251968 0.023683562992125984 0.025836614173228356
4 0.06536048228346455 0.7303457185039369 0.023683562992125977 0.02429872047244097
4 0.08273868110236221 0.7048166830708661 0.025221456692913383 0.02429872047244097
4 0.09904035433070865 0.6840551181102361 0.025221456692913383 0.025221456692913313
4 0.07797121062992125 0.6677534448818897 0.01753198818897639 0.016609251968503935
4 0.05905511811023621 0.6632935531496063 0.015994094488188976 0.01507135826771655
4 0.04044660433070866 0.659910187007874 0.016301673228346455 0.01507135826771644
4 0.050135334645669286 0.6854392224409449 0.018454724409448814 0.019992618110236227
4 0.027220718503937008 0.6820558562992125 0.017531988188976378 0.019992618110236227
4 0.006459153543307086 0.694205216535433 0.01168799212598425 0.0178395669291338
