4 0.7061631944444444 0.042720734126984114 0.022321428571428492 0.01984126984126984
4 0.6801215277777778 0.024429563492063478 0.022321428571428603 0.021701388888888888
2 0.6407490079365079 0.0771329365079365 0.0502232142857143 0.03658234126984128
2 0.722594246031746 0.16920882936507936 0.05890376984126988 0.04464285714285715
4 0.08179534857904085 0.04276753996447602 0.015958037300177613 0.01630495115452931
4 0.11804784635879217 0.024207648756660736 0.010754329484902306 0.010407415630550622
4 0.10902808614564831 0.06340891429840143 0.016998778863232672 0.015958037300177627
4 0.12498612344582592 0.04814470470692717 0.009366674067495556 0.011101243339253997
4 0.13730156527531084 0.03183975355239786 0.012488898756660732 0.00971358792184725
4 0.15343305950266428 0.04727742007104795 0.015611123445825908 0.016304951154529304
4 0.14250527309058614 0.0625416296625222 0.015264209591474232 0.014917295737122561
4 0.13036328818827708 0.07936695159857904 0.015958037300177627 0.016651865008880995
4 0.16176348202396806 0.06969873501997337 0.008842376830892146 0.0078020972037283615
4 0.15643204893475365 0.07854111185086551 0.008062167110519297 0.0078020972037283615
4 0.14810981191744343 0.09232481691078562 0.01638440412782957 0.017164613848202392
4 0.16618467043941412 0.10168733355525966 0.01768475366178429 0.015604194407456723
4 0.16839526464713717 0.08218209054593875 0.01690454394141147 0.015604194407456723
4 0.18568991344873503 0.062156707723035956 0.013523635153129154 0.011443075898801593
4 0.18751040279627162 0.07659058754993342 0.011963215712383485 0.014823984687083888
4 0.18933089214380827 0.09388523635153129 0.01924517310252996 0.017164613848202406
4 0.2035047020639148 0.07867114680426099 0.01742468375499337 0.01794482356857524
4 0.21377746338215714 0.05331433089214381 0.013003495339547283 0.013523635153129161
4 0.2234000499334221 0.03914052097203728 0.014043774966711053 0.012743425432756326
4 0.23328270639147802 0.026657165446071905 0.013003495339547283 0.012743425432756323
4 0.24355546770972036 0.013783705059920107 0.012743425432756333 0.013003495339547269
4 0.15126953125 0.00732421875 0.0146484375 0.0134765625
4 0.17343750000000002 0.0062499999999999995 0.012109375000000006 0.011328125
4 0.16337890625 0.016406249999999997 0.013085937500000006 0.012890625
4 0.18544921875 0.01640625 0.009570312500000011 0.009375000000000001
4 0.176953125 0.0294921875 0.012109375000000006 0.010156249999999999
4 0.18857421875000002 0.03623046875 0.010351562499999994 0.0107421875
4 0.19970703125 0.04443359375 0.0126953125 0.010351562499999994
4 0.19736328125 0.0236328125 0.009960937499999989 0.012109374999999999
4 0.2099609375 0.0310546875 0.012500000000000011 0.012500000000000004
4 0.21826171875 0.01611328125 0.013476562500000011 0.012304687500000001
4 0.2298828125 0.005078124999999999 0.01171875 0.009765625
4 0.2076171875 0.009765625 0.009765625 0.0109375
4 0.1978515625 0.00361328125 0.014843749999999989 0.0072265625
2 0.3103711970899471 0.01533564814814818 0.02816013558201058 0.02712673611111111
4 0.717834581842576 0.26833631484794274 0.023409548300536653 0.023060152057245042
4 0.6472565406976745 0.27480014534883723 0.014325245974955325 0.015722830948121658
4 0.7029852415026834 0.2889506932021467 0.022361359570661987 0.02236135957066193
4 0.8521484375 0.175 0.010546874999999956 0.01171875
4 0.8603515625 0.165234375 0.010156250000000089 0.008593749999999983
4 0.854296875 0.13876953125000002 0.009765625 0.011132812500000006
4 0.86845703125 0.15205078125 0.007226562499999978 0.009179687500000006
4 0.8524414062500001 0.1580078125 0.009179687499999978 0.009374999999999994
4 0.84619140625 0.151171875 0.008007812500000044 0.007031250000000017
4 0.84375 0.1697265625 0.006640624999999956 0.005859375
4 0.83896484375 0.16064453125 0.007617187499999956 0.0087890625
