4 0.27726180069930073 0.10414390297202798 0.03141389860139859 0.03346263111888112
4 0.32438264860139865 0.09629042832167833 0.034145541958041925 0.03551136363636363
4 0.37252786276223776 0.08570531031468531 0.034828452797202814 0.030730987762237774
4 0.3810642482517483 0.1324847027972028 0.03687718531468531 0.03551136363636362
4 0.3349677666083916 0.1427283653846154 0.03346263111888115 0.03277972027972026
4 0.2854567307692308 0.1512647508741259 0.03414554195804198 0.034828452797202814
4 0.28511527534965037 0.21409254807692307 0.026633522727272707 0.026633522727272735
4 0.3199437281468531 0.2072634396853147 0.02799934440559443 0.02526770104895104
4 0.35306490384615385 0.20111724213286714 0.024584790209790208 0.029365166083916094
4 0.38174715909090906 0.19497104458041958 0.017755681818181823 0.018438592657342656
4 0.2933102054195804 0.24789663461538464 0.026633522727272707 0.024584790209790208
4 0.32369973776223776 0.24038461538461542 0.025950611888111874 0.024584790209790236
4 0.35784527972027974 0.2349213286713287 0.025950611888111874 0.025950611888111902
4 0.38789335664335667 0.22911658653846154 0.01912150349650349 0.018438592657342656
4 0.4305752840909091 0.0645350743006993 0.02526770104895104 0.02390187937062937
4 0.46301354895104896 0.07751038024475525 0.024584790209790208 0.026633522727272735
4 0.435355659965035 0.09765625 0.026633522727272763 0.024584790209790208
4 0.4691597465034965 0.1099486451048951 0.02731643356643354 0.02321896853146853
4 0.44320913461538464 0.13316761363636365 0.025950611888111874 0.025950611888111888
4 0.4742815777972028 0.1430698208041958 0.02526770104895104 0.02526770104895104
4 0.4490138767482518 0.16697170017482518 0.027999344405594373 0.023901879370629375
4 0.2984320367132867 0.29979785839160844 0.02048732517482521 0.01912150349650349
4 0.3295044798951049 0.29399311625874125 0.019804414335664322 0.021170236013985988
4 0.3605769230769231 0.2933102054195804 0.024584790209790208 0.02526770104895104
4 0.30935861013986016 0.3342848557692308 0.024584790209790208 0.023901879370629375
4 0.341796875 0.33018739073426573 0.01707277097902099 0.018438592657342656
4 0.37047913024475526 0.32608992569930073 0.01843859265734271 0.018438592657342656
4 0.3298459353146853 0.3933566433566434 0.03277972027972026 0.035511363636363646
4 0.3715034965034965 0.38277152534965037 0.025950611888111874 0.021170236013986043
4 0.34077250874125875 0.439453125 0.03414554195804198 0.032096809440559426
4 0.3786740603146853 0.41384396853146854 0.026633522727272763 0.028682255244755206
4 0.4322825611888112 0.3448699737762238 0.03414554195804198 0.035511363636363646
4 0.4981834571678322 0.3322361232517482 0.03346263111888109 0.03346263111888109
4 0.49920782342657344 0.3814057036713287 0.034145541958041925 0.03346263111888115
4 0.4397945804195804 0.3936980987762238 0.03687718531468531 0.037560096153846145
4 0.48725688374125875 0.42647781905594406 0.03482845279720287 0.034828452797202814
4 0.4763303103146853 0.4814521416083916 0.03619427447552448 0.03414554195804198
4 0.4425262237762238 0.44662368881118886 0.032779720279720315 0.03277972027972026
4 0.38516171328671334 0.4537942526223776 0.034145541958041925 0.032096809440559426
4 0.39438100961538464 0.503646743881119 0.03619427447552448 0.034828452797202814
4 0.3493088942307693 0.48554960664335667 0.03346263111888109 0.034145541958041925
2 0.708726820054945 0.11474072802197803 0.03541380494505497 0.12233859890109891
2 0.671166723901099 0.12117960164835166 0.04399896978021978 0.15667925824175824
2 0.5912173763736264 0.12439903846153849 0.03434065934065933 0.12448489010989013
