4 0.5021046605603449 0.39939722521551724 0.014311691810344807 0.015153556034482762
4 0.4844255118534483 0.4076054014008621 0.01262796336206895 0.014732623922413812
4 0.4650626346982759 0.4130775188577587 0.01599542025862072 0.01725821659482757
4 0.5513537176724138 0.5313594423491379 0.0235721982758621 0.026518723060344862
4 0.5458816002155173 0.5766096443965517 0.026097790948275912 0.0252559267241379
4 0.5181000808189655 0.542303677262931 0.0260977909482758 0.02567685883620685
4 0.4810580549568966 0.5532479121767242 0.020204741379310387 0.019783809267241437
4 0.4991581357758621 0.5730317214439655 0.014311691810344807 0.0130488954741379
4 0.4981058054956897 0.5963934536637931 0.01894194504310348 0.015153556034482762
4 0.4764278017241379 0.5808189655172413 0.01683728448275862 0.015995420258620663
4 0.46548356681034486 0.6064958243534483 0.01599542025862072 0.016837284482758674
4 0.4509614089439655 0.5616665544181034 0.017258216594827624 0.017258216594827513
4 0.5246245285560345 0.6414331896551724 0.022309401939655138 0.021888469827586188
4 0.41770777209051724 0.572821255387931 0.01978380926724138 0.019362877155172376
4 0.38824252424568967 0.5837654903017242 0.02483499461206895 0.0244140625
4 0.35646214978448276 0.5938678609913793 0.0252559267241379 0.0227303340517242
4 0.3631970635775862 0.6313308189655173 0.023572198275862044 0.026097790948275912
4 0.396240234375 0.6227017106681034 0.027360587284482762 0.02567685883620696
4 0.42717874461206895 0.6161772629310345 0.01936287715517243 0.019362877155172376
4 0.3453074488146552 0.945556640625 0.018941945043103425 0.018941945043103536
4 0.3453074488146552 0.975653286637931 0.018941945043103425 0.018521012931034475
4 0.3693005792025862 0.9409263873922414 0.013890759698275856 0.0130488954741379
4 0.3703529094827586 0.9607101966594829 0.01178609913793105 0.013048895474138011
4 0.3703529094827586 0.9819672683189655 0.01262796336206895 0.014311691810344862
4 0.3903471848060345 0.9409263873922414 0.013048895474137956 0.014732623922413701
4 0.3911890490301724 0.9613415948275863 0.013890759698275856 0.013469827586206962
4 0.3911890490301724 0.9815463362068966 0.013890759698275856 0.014311691810344862
4 0.4183391702586207 0.9472403690732759 0.021046605603448287 0.019783809267241326
4 0.4170763739224138 0.9802835398706897 0.022730334051724144 0.021046605603448287
4 0.44548929148706895 0.9668137122844828 0.01978380926724138 0.018521012931034475
4 0.44380556303879315 0.9910173087284484 0.01894194504310348 0.013890759698275912
4 0.47242894665948276 0.9666032462284484 0.018100080818965525 0.017258216594827513
4 0.4731108566810345 0.9919012661637931 0.018622036637930994 0.012291217672413701
4 0.4490672144396552 0.8626330145474139 0.021888469827586188 0.021467537715517238
4 0.4494881465517242 0.8201188712284484 0.02946524784482757 0.026518723060344862
4 0.5130488954741379 0.8331677667025863 0.028623383620689613 0.027360587284482762
4 0.5170477505387931 0.9066204202586208 0.02315126616379315 0.026097790948275912
4 0.5170477505387931 0.9590264682112069 0.020625673491379337 0.020625673491379337
4 0.5164163523706897 0.9849137931034484 0.022730334051724088 0.020204741379310387
4 0.556194436961207 0.9070413523706897 0.02483499461206895 0.0244140625
4 0.5555630387931034 0.9644985856681035 0.030307112068965525 0.029886179956896575
4 0.6096528151939655 0.922405374461207 0.017258216594827624 0.016416352370689724
4 0.6378552667025863 0.9221949084051725 0.017258216594827513 0.018521012931034475
4 0.6109156115301725 0.9503973599137931 0.018100080818965525 0.016837284482758674
4 0.6365924703663793 0.9493450296336208 0.016416352370689724 0.016416352370689613
4 0.6584468894453006 0.9572840427580893 0.009630200308166414 0.009630200308166414
4 0.6582964175654854 0.9694722650231125 0.009329256548536113 0.009931144067796605
4 0.6420454545454546 0.97323406201849 0.013542469183358996 0.013843412942989186
4 0.6250421321263483 0.9705255681818182 0.012037750385208046 0.013241525423728806
4 0.6090921128659477 0.9742873651771957 0.013241525423728806 0.015348131741140136
4 0.6089416409861326 0.9903878563174114 0.012338694144838236 0.010833975346687286
4 0.624640372207242 0.9934650062596302 0.01243800558551611 0.00916373748073962
4 0.6427978139445301 0.9909897438366718 0.012037750385208046 0.013241525423728806
4 0.6471354166666666 0.7873883928571429 0.020461309523809534 0.0234375
4 0.6460193452380952 0.8199404761904763 0.019717261904761862 0.02083333333333337
4 0.6145833333333334 0.7868303571428572 0.02157738095238093 0.0200892857142857
4 0.6136532738095237 0.8193824404761905 0.021205357142857095 0.022693452380952328
4 0.5535714285714286 0.7803199404761905 0.029017857142857095 0.02938988095238093
4 0.5539434523809523 0.8240327380952381 0.028273809523809423 0.027529761904761973
4 0.5133928571428571 0.7914806547619048 0.02901785714285715 0.027157738095238138
4 0.6452752976190477 0.7230282738095237 0.019717261904761973 0.021205357142857095
4 0.6134672619047619 0.7217261904761905 0.02083333333333337 0.023065476190476275
4 0.5591517857142858 0.7224702380952381 0.023809523809523836 0.023809523809523836
4 0.517942093175853 0.7129982775590551 0.03537155511811019 0.0338336614173228
4 0.6446915496760259 0.691515928725702 0.020670221382289355 0.024044951403887738
4 0.6124206938444925 0.6902504049676026 0.023623110151187898 0.021513903887689034
4 0.6459570734341253 0.6586123110151187 0.020670221382289466 0.021513903887688923
4 0.6138971382289418 0.6571358666306695 0.02320126889848806 0.024466792656587466
2 0.6364656452483801 0.6149517413606911 0.07171301295896326 0.024466792656587466
4 0.55863593412527 0.6486990415766739 0.024888633909287305 0.02699784017278617
4 0.5592686960043197 0.6845555480561556 0.025310475161987034 0.0261541576673866
4 0.5242558720302376 0.6744313579913607 0.023623110151187898 0.023623110151187898
4 0.4740567629589633 0.6613542791576674 0.03121625269978401 0.03374730021598271
4 0.4329272408207343 0.6702129454643628 0.02910704643628509 0.03459098272138228
4 0.4637216522678186 0.7107097057235421 0.03332545896328298 0.03037257019438455
4 0.4244904157667386 0.7100769438444925 0.02826336393088552 0.029107046436285144
4 0.39011035367170627 0.6843446274298056 0.03543466522678185 0.03754387149028071
4 0.4400985421166307 0.7741968142548596 0.03163809395248385 0.032481776457883305
4 0.6566664751838235 0.4945642807904411 0.017233455882353033 0.016874425551470562
4 0.6315343520220588 0.501565372242647 0.016515395220588314 0.014361213235294101
4 0.9483768857758621 0.08597117456896551 0.010439116379310276 0.009765625
4 0.9542699353448276 0.10466056034482757 0.010775862068965525 0.01279633620689656
4 0.9773370150862069 0.08698141163793102 0.012459590517241437 0.014480064655172403
4 0.9770002693965517 0.11594154094827586 0.014480064655172376 0.012459590517241381
4 0.9761584051724138 0.1395137392241379 0.008755387931034475 0.00909213362068964
4 0.947198275862069 0.03630118534482757 0.026266163793103425 0.02491918103448276
4 0.9461880387931034 0.006499191810344813 0.0235721982758621 0.01245959051724138
2 0.9108297413793103 0.1752087823275862 0.04849137931034486 0.11887122844827588
2 0.7190667229729729 0.6788672687110187 0.03248440748440751 0.08852001039501045
2 0.7483026897089398 0.7026214916839917 0.04141761954261958 0.11166515072765071
2 0.7814614848726115 0.7111738654458599 0.03296675955414008 0.08770402070063688
2 0.6266276041666666 0.5758199605855856 0.053227055180180116 0.015836148648648574
2 0.6503818271396395 0.588356911599099 0.0884184966216216 0.024194115990990972
2 0.7636347433460076 0.9608038260456273 0.04084481939163498 0.07129277566539927
2 0.7739367012779553 0.3062475039936102 0.021840055910543166 0.06240015974440899
2 0.791623093011811 0.36927903543307083 0.01845472440944884 0.011918676181102372
2 0.2914755351681957 0.9771597859327217 0.032253440366972475 0.034642584097859364
2 0.24488723241590213 0.9810421444954129 0.0238914373088685 0.023294151376146766
4 0.9922944229014599 0.03555542883211679 0.011504904197080279 0.022639142335766423
