3 0.5994073275862069 0.6283674568965517 0.08081896551724144 0.08485991379310343
4 0.7312950721153846 0.2771935096153846 0.04281850961538458 0.0405649038461538
4 0.7793719951923077 0.2805739182692307 0.044320913461538436 0.04131610576923078
4 0.7301682692307692 0.3271484375 0.04206730769230771 0.04281850961538458
4 0.7774939903846154 0.3294020432692307 0.043569711538461564 0.04281850961538464
4 0.7252854567307692 0.37560096153846156 0.044320913461538436 0.04507211538461536
4 0.7763671875 0.375225360576923 0.041316105769230727 0.03831129807692307
1 0.8135616691285081 0.5227566469719349 0.009808899556868478 0.017886816838995512
1 0.8584229597488922 0.5866587426144756 0.010674390694239366 0.017598319793205253
1 0.7209541174298375 0.8102439531019201 0.013270864106351588 0.022791266617429806
