2 0.7446338383838383 0.28298611111111116 0.023016624579124567 0.02959280303030304
2 0.7189019593821511 0.30615346109839814 0.02100614988558347 0.01966533180778035
2 0.6961080520594966 0.33587492848970246 0.025475543478260976 0.02815717963386727
2 0.6742080234553776 0.35956271453089245 0.019218392448512533 0.020112271167048057
2 0.6567773884439359 0.3807923340961098 0.019218392448512644 0.018771453089244827
2 0.6272793907322655 0.41945258867276886 0.04156536041189929 0.043353117848970224
2 0.6876162042334095 0.4149831950800915 0.02458166475972534 0.025475543478260865
2 0.6956611127002288 0.42235769450800914 0.01832451372997712 0.02055921052631582
2 0.7028121424485125 0.4295087242562929 0.025475543478260865 0.022346967963386755
2 0.7251591104118993 0.4049270594965675 0.019218392448512533 0.02145308924485123
2 0.7459417906178489 0.382133152173913 0.02055921052631582 0.022346967963386755
2 0.7682887585812357 0.35755148741418763 0.018771453089244883 0.02145308924485123
2 0.698789688215103 0.5461598970251716 0.022793907322654516 0.025922482837528626
2 0.6447100257437071 0.5510762299771167 0.025475543478260865 0.025028604118993103
2 0.6357712385583525 0.5631435926773456 0.025475543478260865 0.025028604118993214
2 0.617893664187643 0.5837028032036613 0.022793907322654405 0.023240846681922278
2 0.6102956950800915 0.5950997568649885 0.025475543478260865 0.021900028604118993
2 0.6022507866132722 0.6038150743707094 0.02100614988558347 0.023240846681922278
2 0.5919711813501145 0.6138712099542334 0.025475543478260865 0.020112271167048057
2 0.564037471395881 0.6409110411899314 0.025922482837528626 0.018771453089244883
2 0.5479476544622426 0.6623641304347826 0.022346967963386755 0.022346967963386755
2 0.5390088672768878 0.6730906750572082 0.025922482837528515 0.02145308924485123
2 0.5327517162471396 0.6847110983981693 0.02413472540045758 0.025028604118993103
2 0.52180170194508 0.6934264159038901 0.022793907322654516 0.020112271167048057
2 0.513533323798627 0.7028121424485125 0.02860411899313503 0.02458166475972534
2 0.4958792191075515 0.7233713529748284 0.020112271167048112 0.02100614988558358
2 0.48738737128146453 0.7340978975972541 0.021900028604118993 0.021900028604118993
2 0.47956593249427915 0.7432601544622426 0.02502860411899316 0.02413472540045769
2 0.5850436212814645 0.734097897597254 0.027710240274599562 0.0272633009153318
2 0.5761048340961099 0.7463887299771167 0.031285755148741434 0.025922482837528626
2 0.6031446653318078 0.7135386870709381 0.025475543478260865 0.022793907322654516
2 0.6120834525171625 0.7025886727688787 0.026369422196796277 0.025028604118993103
2 0.619681421624714 0.6891804919908466 0.02994493707093815 0.02681636155606404
2 0.6313018449656751 0.6789008867276888 0.026369422196796388 0.023240846681922278
2 0.6395702231121281 0.6692916905034325 0.02413472540045769 0.022793907322654516
2 0.6467212528604118 0.6610233123569794 0.029497997711670387 0.022346967963386755
2 0.5385619279176201 0.7819204090389016 0.022346967963386755 0.01564287757437066
2 0.5307404891304348 0.7924234839816934 0.019218392448512644 0.018771453089244883
2 0.52180170194508 0.8013622711670481 0.022793907322654516 0.022346967963386755
2 0.49587921910755145 0.8290725114416475 0.02100614988558347 0.021453089244851342
2 0.4876108409610984 0.8400225257437071 0.0223469679633867 0.016536756292906185
2 0.46258223684210525 0.868626644736842 0.028604118993134975 0.022793907322654516
2 0.4507383438215103 0.7718642734553776 0.028157179633867324 0.019665331807780406
2 0.44425772311212813 0.7821438787185354 0.025922482837528626 0.02145308924485123
2 0.4339781178489702 0.7922000143020596 0.023240846681922223 0.019218392448512644
2 0.4391179204805492 0.7403550486270023 0.01832451372997712 0.017430635011441598
2 0.4317434210526315 0.749293835812357 0.01698369565217389 0.016536756292906185
2 0.45006793478260865 0.7264999284897025 0.01698369565217389 0.017430635011441598
2 0.4590067219679634 0.7193488987414187 0.014302059496567487 0.01474899885583525
2 0.41833524027459956 0.7638193649885583 0.01340818077803202 0.014302059496567487
2 0.412525028604119 0.7700765160183066 0.016983695652173947 0.016983695652173836
2 0.40604440789473684 0.7776744851258581 0.01832451372997712 0.018771453089244883
2 0.3986699084668192 0.786166332951945 0.015195938215103011 0.016089816933638423
2 0.3921892877574371 0.7926469536613272 0.017430635011441653 0.01474899885583525
2 0.4165474828375286 0.8127592248283753 0.023240846681922223 0.022793907322654405
2 0.397329090389016 0.8172286184210527 0.03128575514874138 0.034414330663615544
2 0.3530820938215103 0.744154033180778 0.02055921052631582 0.018771453089244883
2 0.35688107837528604 0.7336509582379862 0.021006149885583525 0.015642877574370773
2 0.3667137442791762 0.7276172768878718 0.020112271167048057 0.022346967963386755
2 0.3756525314645309 0.7159968535469108 0.02279390732265446 0.02055921052631582
2 0.38436784897025167 0.7059407179633868 0.024134725400457635 0.01832451372997712
2 0.38973112128146453 0.6967784610983981 0.022346967963386755 0.018771453089244883
2 0.40850257437070936 0.6802417048054921 0.022346967963386755 0.02055921052631582
2 0.422581164187643 0.6599059639588101 0.021006149885583525 0.021900028604118993
2 0.44068220823798626 0.6426987986270023 0.01787757437070936 0.018771453089244883
2 0.44693935926773454 0.634653890160183 0.019665331807780295 0.014302059496567487
2 0.4525261012585812 0.6252681636155606 0.017430635011441598 0.01787757437070936
2 0.4616883581235698 0.6152120280320366 0.02413472540045769 0.019218392448512644
2 0.4777781750572082 0.5982283323798627 0.018771453089244827 0.017430635011441598
2 0.49252717391304346 0.5834793335240274 0.022346967963386755 0.019218392448512644
2 0.4994547339816934 0.5745405463386728 0.02100614988558358 0.01832451372997712
2 0.5079465818077803 0.5662721681922196 0.018324513729977177 0.02055921052631582
2 0.5148741418764302 0.555545623569794 0.02145308924485123 0.019665331807780295
2 0.5218017019450801 0.5452660183066362 0.020112271167048057 0.02055921052631582
2 0.5298466104118993 0.537221109839817 0.024581664759725452 0.01787757437070947
2 0.536997640160183 0.526941504576659 0.02100614988558358 0.018771453089244883
2 0.5445956092677346 0.5215782322654463 0.021900028604118993 0.019665331807780295
2 0.5519701086956521 0.5126394450800915 0.016983695652173947 0.015195938215103011
2 0.5584507294050343 0.5043710669336384 0.02100614988558347 0.020112271167048057
2 0.5669425772311213 0.49632615846681927 0.02100614988558358 0.015642877574370717
2 0.5729762585812357 0.4876108409610984 0.020559210526315708 0.015195938215102955
2 0.5837028032036613 0.4820240989702517 0.016983695652173836 0.016536756292906185
2 0.5883956664759725 0.47129755434782605 0.020112271167048057 0.01474899885583525
2 0.5962171052631579 0.4648169336384439 0.02145308924485123 0.01966533180778035
2 0.6239273455377574 0.5159914902745995 0.019665331807780406 0.01832451372997712
2 0.6156589673913043 0.5244833381006865 0.019218392448512533 0.016536756292906185
2 0.611189573798627 0.5358802917620138 0.02100614988558347 0.02055921052631582
2 0.5995691504576659 0.5477241847826086 0.021900028604118993 0.019218392448512644
2 0.5906303632723112 0.5575568506864989 0.024581664759725452 0.019218392448512533
2 0.5671660469107551 0.5872783180778032 0.025028604118993103 0.01787757437070936
2 0.558897668764302 0.5953232265446224 0.02368778604118993 0.016983695652173947
2 0.5497354118993135 0.6067201802059496 0.025922482837528626 0.016536756292906185
2 0.5425843821510297 0.612753861556064 0.025028604118993214 0.02145308924485123
2 0.5316343678489702 0.624597754576659 0.02100614988558358 0.01743063501144171
2 0.5262710955377574 0.636441647597254 0.02100614988558358 0.01787757437070936
2 0.5171088386727689 0.6444865560640731 0.022346967963386644 0.02055921052631582
2 0.5092873998855836 0.6527549342105263 0.022793907322654516 0.01564287757437066
2 0.5014659610983982 0.6630345394736842 0.02055921052631582 0.019218392448512533
2 0.4943149313501144 0.6724202660183066 0.022346967963386755 0.019218392448512533
2 0.4867169622425629 0.6811355835240275 0.01698369565217389 0.01787757437070936
2 0.773021203374778 0.3948851021314387 0.030875333037300168 0.023243228241563052
2 0.7671236678507993 0.40615980239786853 0.02810002220248664 0.022896314387211403
2 0.7563693383658969 0.4170875888099467 0.02948767761989346 0.027406194493783287
2 0.7459619227353463 0.4283622890763765 0.03018150532859676 0.02497779751332152
2 0.7381563610124333 0.4370351354351687 0.029834591474245165 0.02428396980461811
2 0.7275754884547069 0.4505647757548845 0.03018150532859676 0.027059280639431638
2 0.7159538743339253 0.4581968805506217 0.029834591474245165 0.025671625222024874
2 0.7071075710479573 0.4687777531083481 0.024630883658969815 0.024630883658969815
2 0.6980878108348134 0.4830012211367673 0.03018150532859687 0.026712366785079933
2 0.659753829928952 0.6495198712255772 0.031222246891651873 0.022549400532859587
2 0.6670390208703374 0.6378982571047958 0.02428396980461811 0.020121003552397876
2 0.6762322380106571 0.6307865230905861 0.024630883658969815 0.02116174511545288
2 0.6869865674955595 0.6196852797513321 0.025324711367673225 0.01977408969804617
2 0.6944452153641207 0.6091044071936057 0.02497779751332152 0.022202486678507993
2 0.7034649755772646 0.6035537855239786 0.020121003552397876 0.01734569271758435
2 0.7121378219360568 0.595401309946714 0.021508658969804584 0.016998778863232644
2 0.7195964698046181 0.5872488343694493 0.02116174511545288 0.01665186500888105
2 0.7249736345470692 0.578749444937833 0.020814831261101285 0.018386434280639463
2 0.731911911634103 0.5723315386323268 0.01734569271758435 0.01734569271758435
2 0.7456150088809947 0.5560265874777974 0.02046791740674958 0.01665186500888105
2 0.7532471136767318 0.5497821380994672 0.017692606571936054 0.015264209591474232
2 0.7605323046181172 0.5407623778863233 0.016998778863232755 0.015264209591474232
2 0.7660829262877442 0.5327833592362344 0.02046791740674947 0.01803952042628776
2 0.771980461811723 0.5261919960035524 0.02046791740674958 0.015264209591474343
2 0.7804798512433393 0.5190802619893429 0.018733348134991057 0.016304951154529346
2 0.7860304729129662 0.5102339587033748 0.021508658969804584 0.015264209591474232
2 0.796264431616341 0.5006938277087034 0.01908026198934276 0.0169987788632327
2 0.8026823379218473 0.4937555506216696 0.01734569271758446 0.015611123445825936
2 0.8217625999111899 0.4646147868561279 0.02428396980461811 0.022549400532859643
2 0.827313221580817 0.45299317273534634 0.029140763765541755 0.026365452930728228
2 0.8401490341918294 0.4453610679396092 0.02497779751332152 0.019427175843694466
2 0.8085798734458259 0.4202098134991119 0.022896314387211403 0.02532471136767317
2 0.8538521314387211 0.43547402309058614 0.016998778863232755 0.019080261989342817
2 0.8587089253996447 0.4224647535523979 0.03018150532859676 0.026365452930728284
2 0.8668614009769094 0.40980239786856126 0.031222246891651873 0.024630883658969815
2 0.7894996114564831 0.371294960035524 0.026365452930728228 0.021855572824156344
2 0.8006008547957371 0.3648770537300177 0.03191607460035517 0.026365452930728228
2 0.30070879005059026 0.7632996943507588 0.02964270657672846 0.029972069983136618
2 0.31553014333895446 0.7703810075885329 0.021737984822934264 0.02634907251264751
2 0.21573303119730186 0.8342775084317032 0.013174536256323782 0.014491989881956213
2 0.23944719645868467 0.8471226812816189 0.022396711635750438 0.025031618887015217
2 0.24751659991568298 0.8588150822091063 0.019432440978077586 0.024043528667790914
2 0.2695839481450253 0.8672138490725128 0.02799588954468807 0.03096016020236092
2 0.28621680016863404 0.8734717537942664 0.031618887015177066 0.04018233558178752
2 0.30252028878583476 0.8989974177908938 0.019432440978077614 0.020749894603709906
2 0.3232701833895447 0.8802237036256324 0.026678435919055665 0.028654616357504215
2 0.33364513069139967 0.8665551222596966 0.03030143338954472 0.02700779932546371
2 0.3440200779932546 0.850910360455312 0.030630796795952764 0.03260697723440131
2 0.31997654932546377 0.9553185602866779 0.024043528667790914 0.0187737141652613
2 0.31026032883642496 0.9656935075885329 0.021079258010118063 0.019103077571669513
2 0.30367306070826305 0.9754097280775718 0.022396711635750466 0.01745626053962901
2 0.29543897554806076 0.9838084949409782 0.027007799325463766 0.018444350758853312
2 0.28522870994940974 0.9899017179595279 0.02042053119730186 0.014821353288364314
2 0.26876053962900504 0.9358861193086003 0.01580944350758856 0.011527719224283306
2 0.26233795320404724 0.9459317032040473 0.01811498735244521 0.015150716694772304
2 0.24899873524451943 0.9609177381956155 0.016468170320404735 0.016138806913996606
2 0.23763569772344015 0.972774820826307 0.01548008010118046 0.012186446037099508
2 0.24768128161888703 0.9230409464586846 0.016468170320404707 0.014821353288364203
2 0.24191742200674538 0.9301222596964587 0.014162626475548057 0.013174536256323699
2 0.23088374789207422 0.9452729763912311 0.018444350758853284 0.01712689713322091
2 0.2175445299325464 0.959270921163575 0.014821353288364258 0.010210265598651014
2 0.21145130691399666 0.9650347807757167 0.015809443507588533 0.011857082630691407
2 0.20321722175379428 0.9719514123102867 0.01515071669477236 0.01317453625632381
2 0.23038970278246207 0.9806795425801013 0.020749894603709962 0.01284517284991571
2 0.22561393338954472 0.9879255375210794 0.018444350758853284 0.014821353288364203
2 0.1991001791736931 0.9790327255480608 0.016138806913996634 0.01350389966273191
2 0.19300695615514335 0.987102129005059 0.01515071669477236 0.0138332630691399
2 0.1869137331365936 0.9923719435075886 0.016797533726812808 0.011198355817875205
2 0.2165482056281619 0.9922451385961215 0.016122338743676218 0.011603472807757087
2 0.21194535202360879 0.896362510539629 0.012186446037099508 0.012186446037099508
2 0.2078283094435076 0.9019616884485666 0.013833263069139984 0.014162626475548001
2 0.20107635961214165 0.9077255480607083 0.016138806913996634 0.013174536256323699
2 0.1949831365935919 0.9149715430016864 0.015150716694772332 0.011857082630691407
2 0.1907014123102867 0.9209000843170321 0.013174536256323782 0.012515809443507608
2 0.18493755269814505 0.9263345805227656 0.01482135328836423 0.01284517284991571
2 0.18016178330522767 0.9330865303541316 0.01778562394603711 0.013833263069140012
2 0.1732451517706577 0.9395091167790894 0.015150716694772332 0.01284517284991571
2 0.1694574725969646 0.9460963849072513 0.014162626475548057 0.01284517284991571
2 0.16369361298482293 0.9533423798482294 0.014491989881956158 0.014821353288364203
2 0.16023529721753793 0.959270921163575 0.013503899662731883 0.0135038996627318
2 0.15249525716694773 0.9663522344013491 0.01515071669477236 0.014491989881956213
2 0.14590798903878585 0.9704692769814502 0.01712689713322091 0.012186446037099397
2 0.13965008431703205 0.9780446353288365 0.013174536256323754 0.01350389966273191
2 0.13619176854974707 0.9839731766441822 0.012845172849915681 0.012186446037099508
2 0.19794740725126475 0.8812117938448567 0.011857082630691379 0.01284517284991571
2 0.1910307757166948 0.8877990619730186 0.013833263069139984 0.011527719224283306
2 0.18543159780775717 0.892574831365936 0.016468170320404707 0.0092221753794266
2 0.17966773819561552 0.8986680543844857 0.011527719224283306 0.012186446037099508
2 0.1625408410623946 0.9228762647554807 0.011527719224283306 0.013833263069140012
2 0.15677698145025296 0.9294635328836426 0.01515071669477236 0.012515809443507608
2 0.1310866357504216 0.9553185602866779 0.014491989881956158 0.012186446037099508
2 0.12054700674536258 0.9668462795109612 0.013174536256323782 0.01284517284991571
2 0.11330101180438448 0.9773859085160203 0.01646817032040472 0.01284517284991571
2 0.19547718170320405 0.8512397238617201 0.016797533726812808 0.01350389966273191
2 0.12367595910623946 0.6546097702360878 0.02272607504215851 0.025360982293423207
2 0.11264228499156831 0.6480225021079258 0.015809443507588533 0.020749894603710017
2 0.10440819983136594 0.6445641863406408 0.015809443507588533 0.0184443507588532
2 0.05401559865092749 0.6053699409780775 0.015809443507588533 0.018444350758853312
2 0.06373181913996628 0.6108044371838112 0.022726075042158518 0.02667843591905572
2 0.07591826517706576 0.6196972491568297 0.02140862141652615 0.023384801854974713
2 0.04380533305227656 0.5699633747892074 0.015809443507588533 0.014821353288364314
2 0.08546980396290052 0.5954890387858347 0.019432440978077573 0.018444350758853312
0 0.05796795952782462 0.4553449093591906 0.01449198988195615 0.007575358347386207
0 0.07328335792580101 0.4543568191399663 0.011527719224283306 0.008892811973018555
0 0.08497575885328837 0.45386277403035413 0.013174536256323782 0.008563448566610454
0 0.09930306703204048 0.45353341062394603 0.015480080101180432 0.008563448566610454
0 0.11527719224283306 0.4518865935919056 0.013174536256323782 0.007904721753794308
0 0.13438026981450252 0.4523806387015177 0.015150716694772332 0.008892811973018555
0 0.1625408410623946 0.4487576412310287 0.01548008010118046 0.007575358347386207
0 0.14442585370994943 0.477741620994941 0.006916631534569978 0.01284517284991571
0 0.13569772344013492 0.47823566610455315 0.005928541315345703 0.014491989881956158
0 0.1286164102023609 0.47889439291736935 0.007575358347386166 0.013833263069139956
0 0.1941597280775717 0.683429068296796 0.015480080101180432 0.012515809443507608
2 0.09946774873524453 0.666302171163575 0.011198355817875205 0.012515809443507608
2 0.4329321345707657 0.9046729988399071 0.03398709396751742 0.030361803944315535
2 0.41616516821345706 0.9277842227378189 0.02492386890951276 0.029455481438515063
2 0.40415639501160094 0.9352613834106728 0.03172128770301619 0.02718967517401394
2 0.39803871809744784 0.9486296403712295 0.026736513921113703 0.02764283642691423
2 0.3896552349187935 0.9606384135730857 0.019939095127610218 0.01812645011600933
2 0.38172491299303946 0.9706079611368909 0.021298578886310926 0.020845417633410745
2 0.3291582076566125 0.9830698955916473 0.02492386890951276 0.02854915893271459
2 0.3688732598607889 0.9929374818735499 0.02006598027842227 0.010218786252900292
2 0.9479498984918793 0.33459614269141535 0.07341212296983757 0.07205263921113686
0 0.8731782917633409 0.523337804524362 0.017220127610208857 0.012688515081206497
0 0.9248386745939674 0.4879912267981439 0.011782192575406025 0.010875870069605609
0 0.9230260295823665 0.5387452871229698 0.011782192575406025 0.008156902552204137
0 0.8654745504640371 0.5328541908352669 0.012688515081206497 0.010875870069605553
0 0.8917579031322505 0.574318445475638 0.012688515081206497 0.013141676334106678
0 0.9012742894431554 0.5623096722737819 0.010875870069605664 0.010875870069605553
2 0.8987819025522041 0.09011564675174019 0.07930321925754058 0.08610063805104408
2 0.9187209976798143 0.09102196925754065 0.06027044663573089 0.06162993039443156
0 0.6044048526422765 0.3259919122628726 0.011644647696476995 0.010586043360433617
0 0.596068343495935 0.33671028116531165 0.011909298780487854 0.011379996612466137
0 0.5845560213414633 0.35086911415989164 0.011115345528455278 0.010586043360433617
0 0.6532329776422765 0.31236238143631434 0.011379996612466026 0.011909298780487798
0 0.631663914295393 0.33790121104336046 0.012173949864498712 0.012173949864498657
0 0.6193576388888888 0.3507367886178862 0.01243860094850946 0.011379996612466137
0 0.6081099678184282 0.3659542259485095 0.013232554200542035 0.013232554200542035
0 0.6144615938346883 0.31752307757452575 0.012703252032520318 0.011115345528455278
0 0.5947450880758808 0.38064236111111116 0.011379996612466137 0.010850694444444475
0 0.5831004403794038 0.3929486365176152 0.010321392276422814 0.011644647696476995
0 0.5747639312330624 0.40512258638211385 0.01111534552845539 0.009527439024390238
0 0.5279140054744526 0.414290602189781 0.011119981751824826 0.009694343065693445
0 0.4979755930656934 0.49369867700729925 0.009409215328467113 0.010549726277372273
0 0.4838617700729927 0.5095232664233575 0.009694343065693445 0.011405109489051157
0 0.4164290602189781 0.5434534671532847 0.007698448905109512 0.011405109489051157
0 0.4224167427007299 0.5353273266423357 0.011119981751824826 0.011119981751824826
0 0.447222855839416 0.5514370437956204 0.013401003649635035 0.014256386861313919
0 0.46176437043795615 0.533473996350365 0.013401003649635035 0.013115875912408703
0 0.4021726733576642 0.5601334397810218 0.011119981751824826 0.012830748175182483
0 0.3819286040145985 0.5815180200729926 0.009979470802919721 0.010549726277372273
0 0.36867016423357657 0.5977703010948905 0.011975364963503654 0.009979470802919721
0 0.4125798357664233 0.5887887773722627 0.009124087591240837 0.011405109489051157
0 0.30423129562043794 0.43481979927007297 0.010264598540145942 0.007983576642335788
0 0.2898323448905109 0.4653284671532847 0.005987682481751799 0.012545620437956206
0 0.2811359489051095 0.4395244069343065 0.013115875912408759 0.008268704379562009
0 0.23537294708029194 0.4703182025547445 0.007128193430656932 0.013401003649635035
0 0.2473483120437956 0.47160127737226276 0.006557937956204379 0.011975364963503654
0 0.28256158759124084 0.46746692518248173 0.006843065693430683 0.01226049270072993
0 0.4503038194444444 0.35823248570261434 0.011488970588235281 0.010531556372549045
0 0.45812270220588236 0.3496157577614379 0.010531556372549045 0.011808108660130712
0 0.28249688279301743 0.688951449501247 0.012663653366583538 0.009254208229426353
0 0.36661585365853655 0.6406698350071736 0.009807657819225268 0.010928532998565332
0 0.7377309054364471 0.6826964490811638 0.010468510719754964 0.008673908882082748
0 0.7470030149310873 0.7432642611026034 0.00927210949464008 0.011365811638591072
0 0.7256173430321593 0.7679400363705973 0.01076761102603363 0.011664911944869849
0 0.8720629142992424 0.8513479521780303 0.010727391098484862 0.009987571022727293
0 0.9384617660984849 0.7527669270833333 0.011837121212121215 0.011837121212121215
0 0.9599165482954546 0.7281679095643939 0.011837121212121215 0.013686671401515138
0 0.8787212949810606 0.5896366003787878 0.011467211174242431 0.012576941287878785
0 0.8443196614583333 0.5604137073863635 0.009247750946969724 0.012576941287878785
2 0.8069587476325757 0.3517844460227273 0.039580374053030276 0.031072443181818177
0 0.5228427211934157 0.27408050411522633 0.0099129801097394 0.010180898491083668
0 0.5097147205075445 0.29243291323731135 0.011520490397805117 0.011520490397805172
0 0.4980602709190672 0.30301568930041156 0.012860082304526732 0.012324245541838141
0 0.4924339849108368 0.30984760802469136 0.011788408779149495 0.010448816872427935
0 0.48506622942386834 0.31909079218106995 0.012056327160493818 0.012324245541838141
0 0.5674730829831933 0.9090647977941178 0.011488970588235281 0.012719931722689037
0 0.5483931853991597 0.9291704963235294 0.00943736869747902 0.008616727941176405
0 0.5399816176470589 0.9427110688025211 0.012309611344537785 0.008616727941176516
0 0.5032579438025211 0.9829224658613447 0.011078650210084029 0.010258009453781525
0 0.8713153230042017 0.8286420036764706 0.011899290966386533 0.010258009453781525
0 0.8618779543067228 0.841156775210084 0.011078650210084029 0.009847689075630273
0 0.835617450105042 0.8688534007352942 0.011078650210084029 0.01107865021008414
0 0.8631089154411765 0.8618779543067228 0.00943736869747891 0.010258009453781525
0 0.8019711790966386 0.9100905987394958 0.011078650210084029 0.01313025210084029
0 0.7613494616596639 0.9558413209033614 0.00943736869747902 0.012719931722689148
0 0.8013556985294118 0.9347098214285714 0.009847689075630273 0.0131302521008404
0 0.7580668986344539 0.9841534269957983 0.010258009453781525 0.012719931722689037
0 0.7494501706932774 0.7176503413865547 0.013540572478991653 0.0131302521008404
0 0.8337710084033614 0.6411255908613446 0.013950892857142794 0.013540572478991653
0 0.849568342962185 0.6224560136554622 0.011078650210084029 0.01313025210084029
