4 0.09449585355987056 0.3787735133495146 0.03476436084142395 0.034448321197411036
4 0.12072714401294499 0.4378729267799353 0.034764360841423966 0.03444832119741098
4 0.14885467233009708 0.5021869943365695 0.03286812297734629 0.03539644012944987
4 0.09749823017799353 0.5246258090614887 0.03444832119741101 0.03413228155339798
4 0.044561589805825245 0.47200520833333337 0.039820995145631075 0.039504955501618144
4 0.04234931229773463 0.5140384809870551 0.0385568365695793 0.0388728762135922
4 0.02591525080906149 0.5524372977346279 0.037292677993527514 0.037292677993527534
4 0.05388475930420712 0.6112206715210355 0.044561589805825245 0.04424555016181231
4 0.08770100121359223 0.6881763248381878 0.04456158980582524 0.04582574838187703
4 0.16007407969255666 0.6322373078478964 0.03002376618122979 0.029391686893203928
4 0.3462214300161812 0.9686615088996764 0.0388728762135922 0.03792475728155342
4 0.3089666767799353 0.9822480531957929 0.03831664644012944 0.031597643608414216
2 0.9020986315086782 0.3732685246995995 0.009126752336448662 0.015385096795727637
2 0.40847429701230226 0.24559946177504394 0.008924648506151156 0.013386972759226734
2 0.7990751303780965 0.008275953389830509 0.014769393741851378 0.015533327900912646
2 0.6488347457627119 0.06888139667535853 0.007639341590612747 0.012477591264667534
