3 0.8770073784722222 0.06212022569444444 0.08192274305555558 0.07541232638888888
3 0.8203125 0.4814995659722222 0.07486979166666663 0.06239149305555558
3 0.8718532986111112 0.5531141493055556 0.08246527777777779 0.06998697916666663
3 0.5764431423611112 0.6876627604166667 0.11990017361111105 0.10904947916666663
3 0.6385633680555556 0.8048502604166666 0.08029513888888895 0.07432725694444442
3 0.6949869791666667 0.8859592013888888 0.08355034722222221 0.06944444444444442
1 0.048828125 0.7247027228860294 0.023696001838235288 0.021182789522058765
1 0.7806279856687899 0.14980178476645437 0.03110071656050961 0.01596503450106157
1 0.778865611730361 0.15944300690021232 0.03213740711252655 0.01575769639065816
1 0.7756518710191083 0.1680475384819533 0.03068604033970279 0.014721005838641193
1 0.7730601446390658 0.17665207006369427 0.03047870222929938 0.01617237261146498
1 0.7693280586518046 0.18504926353503187 0.03006402600849256 0.015550358280254778
