3 0.84287109375 0.22597656249999998 0.0908203125 0.0875
3 0.833686440677966 0.3915850105932204 0.06124205508474578 0.0602489406779661
3 0.8361692266949152 0.4920550847457627 0.05495233050847459 0.05395921610169496
3 0.8441141419491526 0.6113943326271187 0.09798728813559321 0.09401483050847459
3 0.9752052436440678 0.36758474576271183 0.0456832627118644 0.04998675847457629
3 0.974708686440678 0.25996424788135597 0.04667637711864403 0.07772775423728812
3 0.27339279327610877 0.1127280042918455 0.04554497496423465 0.041074302575107274
3 0.10280869992846925 0.1370372854077253 0.04582439198855505 0.05001564735336192
3 0.052094510014306164 0.10490432761087268 0.045544974964234625 0.04722147711015734
3 0.3435264663805436 0.9520967453505007 0.04833914520743915 0.05895699213161665
3 0.4062630643812709 0.7390781772575251 0.0404995819397993 0.04245923913043481
3 0.9750182178687635 0.7107129541757049 0.04605731426247295 0.07076159164859008
1 0.5597191565985131 0.4299343633828996 0.018877788104089244 0.01633654739776952
