3 0.15945298573975045 0.11924158868092691 0.07380793226381462 0.09365251782531192
3 0.3065466243315508 0.08042279411764705 0.07694128787878785 0.08912655971479501
1 0.6737169715447154 0.3572472052845529 0.028899898373983657 0.010162601626016288
1 0.5568470528455285 0.3985327743902439 0.018737296747967425 0.013973577235772361
1 0.6822916666666666 0.5847942073170731 0.014926321138211351 0.026994410569105676
1 0.6711763211382114 0.5882876016260162 0.013655995934959364 0.026359247967479682
1 0.7086509146341463 0.5763783028455285 0.014926321138211351 0.02604166666666663
1 0.7369156504065041 0.7038871951219512 0.014926321138211351 0.028264735772357774
1 0.7480309959349594 0.7016641260162602 0.014291158536585358 0.02953506097560976
1 0.7559705284552845 0.6994410569105691 0.01302083333333337 0.023818597560975596
1 0.7645452235772358 0.697535569105691 0.012385670731707377 0.025088922764227695
1 0.7110327743902438 0.7188135162601625 0.010797764227642337 0.016831808943089444
1 0.7027756605691057 0.7215129573170731 0.008892276422764134 0.017149390243902496
1 0.6778455284552845 0.6533917682926829 0.014291158536585358 0.026994410569105676
1 0.6870553861788617 0.6497395833333333 0.014291158536585358 0.030487804878048697
1 0.7018229166666666 0.6462461890243902 0.013973577235772305 0.02477134146341453
1 0.715796493902439 0.640212144308943 0.01143292682926833 0.024136178861788538
1 0.7256415142276422 0.6384654471544715 0.01143292682926822 0.021913109756097615
1 0.7358041158536586 0.6381478658536586 0.013973577235772416 0.026359247967479682
1 0.7434260670731707 0.6298907520325203 0.012068089430894213 0.02127794715447151
1 0.31762722961494905 0.5147092652887881 0.02433111551528877 0.013271517553793966
1 0.2962822055492639 0.5290867426387316 0.02764899490373729 0.016368204983012502
1 0.2126716449603624 0.5463397154586636 0.027206610985277463 0.014598669309173196
1 0.3620284231085526 0.6172517475328947 0.011564555921052655 0.018310546875
1 0.6718906041944075 0.10818908122503329 0.028347619840213056 0.01768475366178429
1 0.6449733688415447 0.10220747336884155 0.030168109187749703 0.015604194407456723
