3 0.34204456860706867 0.14409271049896055 0.07187175155925157 0.0641567047817048
3 0.5369510135135136 0.05800903066528071 0.07268386174636177 0.07308991683991684
3 0.7168334199584199 0.20459491943866948 0.07430808212058204 0.08445945945945946
3 0.3103722713097713 0.22875519750519752 0.06537487006237003 0.08161707380457381
3 0.041059417040358745 0.3762874859865471 0.07707399103139015 0.06262261771300448
3 0.21053461322869954 0.7042898682735426 0.07357062780269058 0.07838775224215244
3 0.29571013172645744 0.6657528727578476 0.0748843890134529 0.08013943385650224
3 0.5628415779147982 0.7647228839686099 0.07488438901345296 0.07225686659192831
3 0.7880381838325183 0.9703521355440098 0.09189238233496333 0.05538947891198043
3 0.7671626680929096 0.7394655409535452 0.0701978911980441 0.09216457823960877
3 0.8951424969437654 0.7631036063569683 0.12845736552567233 0.13562041564792182
