0 0.14504602713178294 0.4725351259689923 0.009084302325581384 0.015443313953488358
0 0.17229893410852715 0.4248425387596899 0.009084302325581411 0.017562984496124034
0 0.10917751516683522 0.514120165571284 0.007504423660262896 0.013231483822042422
0 0.11618822674418608 0.5117503475733063 0.006911969160768458 0.013231483822042422
0 0.1285310288169869 0.5108616658240647 0.008294362992922147 0.013033998988877693
0 0.14432981547017193 0.5057270601617796 0.007899393326592535 0.013823938321536888
0 0.1507539248807631 0.4174843501589825 0.013973072337042924 0.009004868839427638
0 0.19412327329360782 0.49386342091007585 0.009522277898158182 0.01438921993499459
0 0.2050209913326111 0.48751523564463706 0.011426733477789802 0.007194609967497323
0 0.20798347778981585 0.4579961741603467 0.008041034669555774 0.012484764355362943
0 0.2172941495124594 0.4569381432827736 0.010157096424702056 0.014177613759479957
0 0.22935570151679308 0.4536582475622969 0.009310671722643549 0.013119582881906788
0 0.2099609375 0.507421875 0.013281250000000022 0.008984375000000044
0 0.2119140625 0.5176757812499999 0.013281250000000022 0.010351562500000022
0 0.25654296875 0.5326171875000001 0.017773437500000017 0.009375000000000022
0 0.25322265625 0.5109375 0.013476562499999983 0.009765625
0 0.2515625 0.50390625 0.01640625000000001 0.008593749999999956
0 0.2486328125 0.488671875 0.01640625000000001 0.010156250000000033
0 0.2458984375 0.47685546875 0.016015625000000006 0.0087890625
0 0.24736328125 0.4837890625 0.015429687499999983 0.008203125000000033
0 0.30263671875 0.51611328125 0.009179687500000033 0.011914062500000044
0 0.31787109375 0.51298828125 0.0126953125 0.0166015625
0 0.32705078125 0.5130859375 0.009570312500000011 0.01171875
0 0.278125 0.51904296875 0.011328125000000022 0.010351562499999911
0 0.2751953125 0.5103515625 0.016015624999999978 0.008984375000000044
0 0.271484375 0.50205078125 0.014062499999999978 0.008398437499999967
0 0.27158203125 0.49375 0.015039062500000033 0.009765625
0 0.301171875 0.430078125 0.009765625 0.012890624999999989
0 0.34218589579055436 0.33466616401437366 0.009023678131416857 0.014036832648870623
0 0.3514101001026694 0.32524143352156054 0.009424730492813116 0.01684419917864477
0 0.35903009496919913 0.3225343300821355 0.008622625770020542 0.016643672997946612
0 0.3648453542094455 0.32203301463039014 0.009023678131416857 0.016443146817248455
0 0.37056035035934287 0.3202282790041068 0.008021047227926126 0.017245251540041084
0 0.38820665426078027 0.3189248588295688 0.007619994866529756 0.013836306468172466
0 0.40234375 0.36043377823408623 0.015440515913757669 0.01062788757700206
0 0.40545190580082136 0.37276613834702255 0.014838937371663252 0.010026309034907588
0 0.42159426334702255 0.3613361460472279 0.016242620636550298 0.009224204312115014
0 0.4057825459123223 0.3247880257701422 0.012264884478672966 0.009025103672985813
0 0.3495492076421801 0.5004304280213271 0.010876406990521281 0.018281620260663545
0 0.3655166987559242 0.492215269549763 0.010876406990521337 0.0194386848341232
0 0.37836011552132703 0.48481005627962087 0.012496297393364886 0.019438684834123254
0 0.39143494520142186 0.4889754887440758 0.009950755331753547 0.01481042654028436
0 0.40323700385071093 0.488512662914692 0.011339232819905232 0.017124555687203835
0 0.43193220527251186 0.4785619075829384 0.012264884478672966 0.01805020734597157
0 0.4446599155805687 0.4494038803317536 0.011802058649289127 0.02036433649289099
0 0.41064221712085314 0.4387588862559242 0.018744446090047384 0.012496297393364941
0 0.47646484375 0.471875 0.009570312500000011 0.013671875
0 0.47119140625 0.42998046874999996 0.009570312499999956 0.011914062499999989
0 0.485546875 0.47314453125 0.010156249999999978 0.013085937499999978
0 0.49248046875 0.4689453125 0.0087890625 0.013671875
0 0.5 0.466796875 0.008984375000000044 0.013281250000000022
0 0.48901314908993576 0.3819467679336188 0.01568355192719484 0.009828359207708803
0 0.5263400026766596 0.3770325883297645 0.015474437901498939 0.00836456102783728
0 0.5259217746252677 0.3703409395074947 0.014637981798715227 0.00836456102783728
0 0.545703125 0.33330078124999996 0.021484375 0.009570312500000011
0 0.5434794611307421 0.3526529372791519 0.01633355418138993 0.007821702002355713
2 0.41423147264631044 0.3073811227735369 0.02783078880407125 0.01242445928753183
2 0.45212607347328243 0.3316088183842239 0.020127624045801484 0.011182013358778664
2 0.5212060671119592 0.2807927798982188 0.02360647264631044 0.011927480916030575
2 0.4569123876210235 0.2998249481327801 0.023502334024896265 0.010265387275242066
2 0.473391035615491 0.2925311203319502 0.017559215076071943 0.008104253112033222
2 0.473391035615491 0.30536285442600275 0.0180994986168741 0.00891467842323651
0 0.5834229504048583 0.2832387082489879 0.016012462044534437 0.008302758097166019
0 0.5822368421052632 0.2945067370951417 0.012849506578947345 0.008302758097165963
0 0.5819403150303644 0.3050828694331984 0.015814777327935237 0.008500442813765219
0 0.5853997975708503 0.3188219572368421 0.014826353744939236 0.008302758097165963
0 0.6273089574898786 0.260010754048583 0.010477289979757165 0.01403561487854249
0 0.6515253352732794 0.2847213436234818 0.013047191295546545 0.011663398279352255
0 0.5526776452282158 0.43368019536652835 0.01512793914246191 0.01107581258644541
0 0.6220703125 0.396875 0.013671875 0.008593750000000011
2 0.6658261034366577 0.4459021226415094 0.02290052223719674 0.010528975741239843
2 0.6949123989218329 0.4581420569407008 0.02263729784366575 0.014477341644204889
2 0.7551907850404314 0.48064774258760107 0.03895721024258758 0.031586927223719696
2 0.6796545358649789 0.35403068960970463 0.012773602320675037 0.02122066191983124
2 0.6899558280590717 0.3548547929852321 0.010301292194092815 0.01833630010548526
2 0.6999480814873418 0.3622717233649789 0.012155524789029482 0.023280920358649815
2 0.7101463607594937 0.36587717563291144 0.012361550632911333 0.024723101265822778
2 0.7180783557489452 0.3690705762130802 0.011743473101265778 0.02080861023206748
2 0.73414837157173 0.373706157700422 0.013803731540084296 0.02060258438818563
2 0.7435225474683544 0.38050501054852326 0.015657964135021185 0.023898997890295315
2 0.856640625 0.43017578125 0.015234375000000022 0.0302734375
2 0.846875 0.42460937499999996 0.016406250000000067 0.02617187500000001
2 0.84033203125 0.41396484375 0.010351562499999911 0.015429687500000011
2 0.83291015625 0.409765625 0.0107421875 0.017968750000000033
2 0.82373046875 0.40673828125 0.0087890625 0.015429687499999956
2 0.816015625 0.4029296875 0.010937500000000044 0.017187499999999967
2 0.80595703125 0.4033203125 0.011914062499999933 0.020703125000000044
2 0.44485025195058514 0.5249817132639791 0.014984964239271759 0.028953998699609906
2 0.47799496098829647 0.5209179941482445 0.013715052015604634 0.035049577373212015
2 0.49005912711313393 0.5143144505851756 0.01549292912873862 0.02743010403120938
2 0.531585256827048 0.5061870123537061 0.015238946684005161 0.03352568270481143
2 0.5435224317295189 0.5021232932379713 0.01422301690507155 0.026922139141742574
2 0.5538087207412223 0.5002184249024707 0.016508858907672286 0.026160191807542255
2 0.5733653689856957 0.4942498374512353 0.012953104681404426 0.02539824447334199
2 0.5847945789986996 0.491329039336801 0.010413280234070177 0.025144262028608533
2 0.5952078592327699 0.4937418725617685 0.011429210013003899 0.029969928478543517
2 0.6057481306892067 0.49044010078023403 0.011175227568270496 0.02539824447334199
2 0.6170503494798439 0.4933608988946684 0.009397350455136566 0.029715946033810114
2 0.6265746911573471 0.4898051446684005 0.008635403120936247 0.02717612158647592
2 0.7351521862808843 0.5141874593628089 0.037843384265279556 0.032763735370611224
2 0.7724876056566969 0.5507609314044213 0.029715946033810114 0.04089117360208061
2 0.7037853543563068 0.5059330299089726 0.012191157347204218 0.021842490247074076
2 0.6950229600130038 0.5036471879063719 0.013969034460338148 0.022858420026007797
2 0.6823238377763329 0.5004724073472042 0.009397350455136566 0.03022391092327703
2 0.6740694083224967 0.4993294863459038 0.01066726267880358 0.026922139141742518
2 0.6635291368660599 0.4985675390117035 0.01244513979193751 0.029969928478543517
2 0.6532428478543563 0.4959007233420025 0.010159297789336774 0.029207981144343254
2 0.6440994798439532 0.49221797789336796 0.008127438231469442 0.023366384915474603
2 0.41613200291450775 0.5197336463730571 0.032383419689119175 0.012396777849740914
2 0.41195757772020725 0.534786876619171 0.016444705310880825 0.009613827720207246
2 0.41385504371761656 0.5441477088730571 0.017709682642487068 0.009613827720207246
2 0.4177764734455959 0.551484577396373 0.018974659974093255 0.010625809585492196
2 0.42245688957253885 0.5595804323186528 0.023275582901554404 0.008601845854922296
2 0.42258338730569944 0.5675497895077721 0.023022587435233166 0.008348850388601003
2 0.42321587597150256 0.5762781330958551 0.018721664507772018 0.009613827720207246
2 0.43125 0.58388671875 0.029687500000000033 0.015429687499999956
2 0.43515625 0.5962890624999999 0.03281249999999997 0.012109374999999978
2 0.43544921875 0.6076171875 0.02714843750000001 0.012500000000000067
2 0.438671875 0.61904296875 0.028906250000000022 0.011914062500000044
2 0.44638671875 0.6369140625 0.03535156249999999 0.015234375000000022
2 0.45166015625 0.662890625 0.0361328125 0.013671875
2 0.4544921875 0.6740234375 0.03359375000000003 0.013281250000000022
2 0.46083984375 0.6875976562499999 0.04316406249999999 0.016210937500000022
2 0.4634765625 0.702734375 0.04335937500000003 0.013671875
2 0.46787109375 0.71767578125 0.04433593750000003 0.013867187500000044
2 0.388378504372428 0.5418957368827161 0.01888824588477367 0.012056327160493874
2 0.38948366769547327 0.5573680234053497 0.021098572530864168 0.009243184156378592
2 0.38978507587448563 0.5677163708847737 0.019290123456790098 0.008640367798353865
2 0.39279915766460904 0.57495016718107 0.01888824588477367 0.008640367798353865
2 0.39169399434156377 0.5844947595164609 0.02632298096707819 0.008037551440329138
2 0.3914930555555556 0.5954459233539096 0.02752861368312759 0.011453510802469147
2 0.39721981095679015 0.604588638117284 0.022907021604938238 0.011252572016460904
2 0.3931005658436214 0.6153388631687243 0.030743634259259245 0.00904224537037046
2 0.4007362397119342 0.6251848636831276 0.025519225823045277 0.012257265946502005
2 0.40103764789094654 0.6357341499485597 0.029738940329218144 0.01085069444444442
2 0.40264515817901236 0.6461829668209877 0.02491640946502055 0.011654449588477278
2 0.4051568930041152 0.6580383551954733 0.02913612397119336 0.010448816872427935
2 0.40847238297325106 0.6794383359053499 0.027729552469135832 0.014266653806584317
2 0.4120892811213992 0.6913941936728396 0.030542695473251003 0.011654449588477278
2 0.41128552597736623 0.7027472350823045 0.04018775720164608 0.01265914351851849
2 0.41681134259259256 0.7134974601337449 0.031547389403292214 0.012860082304526732
2 0.41841885288065844 0.7265584812242798 0.03194926697530864 0.012458204732510247
2 0.4214329346707819 0.7385143389917697 0.038781185699588494 0.013061021090534974
2 0.255078125 0.56259765625 0.010156249999999978 0.0185546875
2 0.26552734375 0.5669921875 0.0126953125 0.026562500000000044
2 0.27490234375 0.5621093749999999 0.012304687500000022 0.025781249999999978
2 0.28486328125 0.5625 0.010351562500000022 0.02187500000000009
2 0.29443359375 0.56181640625 0.013867187500000044 0.028710937499999978
2 0.30595703125 0.5583984375 0.013085937499999978 0.026953125000000022
2 0.31533203125 0.55625 0.014257812499999967 0.033203125
2 0.3275390625 0.55205078125 0.014453125000000011 0.0283203125
2 0.3376953125 0.55107421875 0.015625 0.029492187499999933
2 0.347265625 0.54453125 0.01171875 0.024218749999999956
2 0.22910156250000002 0.5625 0.031640625000000006 0.009765625
2 0.2263671875 0.57646484375 0.015234374999999994 0.008398437500000022
2 0.23076171875 0.5821289062499999 0.021289062499999983 0.009179687499999978
2 0.23037109374999998 0.590625 0.018945312500000006 0.007031249999999933
2 0.23388671875 0.59990234375 0.0205078125 0.009960937499999933
2 0.23681640625 0.60849609375 0.02167968749999999 0.009960937500000044
2 0.23896484375 0.61689453125 0.021289062499999983 0.009960937499999933
2 0.23994140625 0.62548828125 0.024804687499999978 0.010351562499999911
2 0.24609375 0.64375 0.025390625 0.012890624999999933
2 0.24873046875 0.65576171875 0.024804687499999978 0.009960937500000044
2 0.25263671875 0.66591796875 0.029492187500000017 0.011523437499999956
2 0.2568359375 0.6759765625 0.030468750000000017 0.010937499999999933
2 0.2591796875 0.6861328125 0.03046874999999999 0.01171875
2 0.2609375 0.696484375 0.03359374999999998 0.009375000000000022
2 0.2638671875 0.707421875 0.026953125000000022 0.010546874999999956
2 0.265234375 0.71806640625 0.03281249999999997 0.013476562500000067
2 0.268359375 0.72880859375 0.025000000000000022 0.007226562499999978
2 0.27158203125 0.73662109375 0.03691406250000001 0.009960937499999933
2 0.273046875 0.74599609375 0.03242187499999999 0.0107421875
2 0.27646484375 0.756640625 0.03535156249999999 0.010156249999999978
2 0.2787109375 0.765234375 0.03046874999999999 0.010546874999999956
2 0.2796875 0.77470703125 0.027734375000000033 0.0087890625
2 0.1968900240384615 0.5833834134615384 0.0187800480769231 0.00951522435897445
2 0.19926883012820512 0.6012870592948718 0.02453926282051283 0.010266426282051211
2 0.20014523237179488 0.6143078926282051 0.026792868589743585 0.011768830128205177
2 0.20478515625 0.62333984375 0.025976562499999994 0.008007812499999933
2 0.20498046874999998 0.63447265625 0.024023437499999994 0.0107421875
2 0.21005859375 0.6435546875 0.0224609375 0.010546874999999956
2 0.2109375 0.65498046875 0.02617187500000001 0.011132812499999978
2 0.21572265624999998 0.66435546875 0.022851562500000006 0.0126953125
2 0.2154296875 0.67548828125 0.025390625 0.009570312500000067
2 0.21396484375 0.68583984375 0.02910156250000001 0.009960937499999933
2 0.21943359375 0.69365234375 0.025976562499999994 0.011914062499999933
2 0.219921875 0.7051757812499999 0.025781250000000006 0.013085937499999978
2 0.22353515624999998 0.71630859375 0.027929687499999994 0.011523437499999956
2 0.226953125 0.7255859375 0.02812500000000001 0.01171875
2 0.2265625 0.73779296875 0.03476562500000002 0.009960937500000044
2 0.2287109375 0.7474609375000001 0.030078124999999983 0.011328125000000022
2 0.23037109374999998 0.7593749999999999 0.034570312500000006 0.013281250000000022
2 0.23359375 0.7691406249999999 0.028515625000000017 0.014062499999999978
2 0.234765625 0.78447265625 0.03242187499999999 0.0146484375
2 0.0765625 0.607421875 0.011328125000000008 0.022656250000000044
2 0.085546875 0.6060546875 0.010156249999999992 0.022656250000000044
2 0.09443359375 0.60654296875 0.0126953125 0.025585937500000044
2 0.103515625 0.60322265625 0.012890624999999989 0.0244140625
2 0.11982421874999999 0.59697265625 0.012695312499999986 0.021289062500000067
2 0.13935546875 0.59423828125 0.013476562499999983 0.021679687500000044
2 0.14921875 0.59228515625 0.01171875 0.0283203125
2 0.16025390625 0.58896484375 0.013476562500000011 0.0224609375
2 0.16923828125 0.5880859375 0.013085937500000006 0.023828124999999978
2 0.040136718749999994 0.6154296875 0.0169921875 0.010546875000000067
2 0.04228515625 0.6248046875 0.019726562499999996 0.008593750000000067
2 0.0439453125 0.633203125 0.017187499999999994 0.009765625
2 0.04658203125 0.64326171875 0.0248046875 0.012304687500000022
2 0.05078125 0.65302734375 0.023046874999999994 0.010351562500000022
2 0.05302734375 0.6636718749999999 0.025976562499999994 0.010156249999999978
2 0.0556640625 0.67353515625 0.024609374999999996 0.009570312500000067
2 0.06279296875 0.690625 0.0306640625 0.011328125000000022
2 0.0650390625 0.7099609375 0.02578125 0.012499999999999956
2 0.06650390625 0.723046875 0.0248046875 0.008984375000000044
2 0.06806640625 0.73056640625 0.0240234375 0.009960937500000044
2 0.07099609375 0.7408203125 0.0240234375 0.012890625000000044
2 0.07314453125 0.751953125 0.027148437499999997 0.011328124999999911
2 0.07539062499999999 0.7609375 0.024218749999999997 0.010156249999999978
2 0.0787109375 0.77138671875 0.026171874999999997 0.009960937500000044
2 0.07958984375 0.780859375 0.026757812500000006 0.008984375000000044
2 0.08466796875 0.78740234375 0.029882812499999994 0.011523437500000067
2 0.08574218750000001 0.79833984375 0.026171874999999997 0.007617187499999956
2 0.09072265625 0.8052734375 0.0330078125 0.01171875
2 0.0958984375 0.8171875 0.035546875000000006 0.017968749999999978
2 0.010449218750000001 0.62861328125 0.0193359375 0.009570312500000067
2 0.01376953125 0.6358398437499999 0.0197265625 0.009179687499999978
2 0.01376953125 0.64609375 0.024804687500000002 0.010937500000000044
2 0.0158203125 0.6537109375000001 0.022265625 0.010156249999999978
2 0.01484375 0.6651367187499999 0.027734375 0.011132812499999978
2 0.01669921875 0.6748046875 0.028710937500000002 0.009765625
2 0.021484375 0.6814453125 0.0234375 0.010156249999999978
2 0.021484375 0.6919921875 0.026953124999999998 0.010546874999999956
2 0.02509765625 0.70146484375 0.0248046875 0.008007812499999933
2 0.02646484375 0.7107421875 0.0251953125 0.009375000000000022
2 0.02607421875 0.719921875 0.0287109375 0.009375000000000022
2 0.03076171875 0.72724609375 0.023632812500000003 0.009570312500000067
2 0.03310546875 0.7364257812499999 0.022851562500000002 0.008398437500000022
2 0.0349609375 0.7453125 0.02265625 0.008984374999999933
2 0.03779296875 0.75634765625 0.0232421875 0.009570312499999956
2 0.03779296875 0.7646484375 0.026367187500000003 0.009765625
2 0.04150390625 0.77431640625 0.023632812500000003 0.009570312499999956
2 0.03994140625 0.78173828125 0.0197265625 0.0107421875
2 0.0416015625 0.79189453125 0.028515625000000003 0.0107421875
2 0.04345703125 0.80224609375 0.029492187500000003 0.011132812500000089
2 0.04814453125 0.81201171875 0.0228515625 0.009179687500000089
2 0.047460937499999994 0.82353515625 0.031249999999999993 0.011523437500000067
2 0.006590194201312941 0.9147719502188183 0.011539250547045951 0.02649753829321666
2 0.01631308123632388 0.9117802926695842 0.011752940371991245 0.030343955142231982
2 0.026890727571116 0.9098570842450765 0.014103528446389492 0.025642778993435478
2 0.03415618161925604 0.9075064961706782 0.014530908096280083 0.028207056892779026
2 0.045588587253829346 0.9062243572210065 0.011752940371991247 0.02649753829321666
2 0.05563200902625823 0.9025916301969364 0.012180320021881838 0.024360640043763704
2 0.06738494939824947 0.90152318107221 0.013035079321663028 0.025215399343544886
2 0.07721468134573306 0.8995999726477023 0.010898181072210064 0.027779677242888434
2 0.08907446663019697 0.896928849835886 0.011539250547045951 0.026283848468271365
2 0.09869050875273525 0.8930824329868708 0.012394009846827134 0.027138607768052436
2 0.11973895650984687 0.8891291712253828 0.011752940371991275 0.02350588074398241
2 0.12850023933260396 0.8865648933260393 0.01175294037199126 0.02649753829321655
2 0.13758205689277903 0.8811158027899343 0.012394009846827148 0.03183978391684894
2 0.14922815235229764 0.8786583698030634 0.01388983862144419 0.03034395514223187
2 0.16076740289934358 0.8755598673413566 0.0147445979212254 0.03183978391684894
2 0.17145189414660833 0.8740640385667395 0.009616042122538276 0.033549302516411306
2 0.1776488990700219 0.871820295404814 0.008333903172866503 0.03290823304157542
2 0.1883333903172867 0.8691491725929977 0.013889838621444217 0.029275506017505393
2 0.1995521061269147 0.8685081031181618 0.01239400984682712 0.02799336706783362
2 0.20735178473741797 0.8641274617067833 0.014317218271334808 0.02991657549234139
2 0.21792943107221008 0.8614563388949672 0.010684491247264755 0.03354930251641142
2 0.22925499179431075 0.8596399753829321 0.012394009846827148 0.02350588074398252
2 0.24015317286652083 0.8564346280087527 0.013248769146608302 0.031626094091903756
2 0.2517992683260394 0.856648317833698 0.013462458971553598 0.02265112144420134
2 0.26173584518599563 0.8544045746717723 0.013676148796498921 0.023292190919037226
2 0.28438696663019697 0.8486349493982495 0.011111870897155374 0.026711228118161956
2 0.2949646129649891 0.8459638265864332 0.013035079321662979 0.025215399343544886
2 0.30703808807439825 0.8426516342997812 0.014530908096280049 0.02799336706783373
2 0.31793626914660833 0.8409421157002188 0.010684491247264782 0.030557644967177278
2 0.33738204321663023 0.8344245760393872 0.011539250547045965 0.035045131291028486
2 0.34052734375 0.87431640625 0.011132812499999978 0.025585937499999933
2 0.33222656250000004 0.87890625 0.012890624999999989 0.02890624999999991
2 0.32177734375 0.88505859375 0.015039062499999978 0.03574218750000002
2 0.31123046875 0.8866210937500001 0.012304687500000022 0.030664062499999978
2 0.30078125 0.8861328125 0.012499999999999956 0.029296875
2 0.29248046875 0.88701171875 0.011523437499999956 0.027539062499999933
2 0.28305249839331614 0.8912074228791773 0.011296995501285323 0.03414203084832901
2 0.2751446015424165 0.8890735459511567 0.01104595115681234 0.02535547879177369
2 0.2673622268637532 0.8935923441516709 0.010041773778920293 0.0253554787917738
2 0.2566928422236504 0.8929647332904884 0.011296995501285323 0.025606523136246784
2 0.24627450192802058 0.8949730880462725 0.010543862467866344 0.02410025706940877
2 0.2376134720437018 0.898864275385604 0.011799084190231374 0.024351301413881754
2 0.227195131748072 0.8994918862467867 0.013054305912596403 0.022593991002570646
2 0.2207935009640103 0.9027554627249357 0.011799084190231374 0.024602345758354738
2 0.2091199389460154 0.9068976944087404 0.014058483290488422 0.026861744858611813
2 0.1992036873393316 0.9057679948586118 0.011799084190231346 0.023096079691516724
2 0.1882832583547558 0.9097847043701799 0.010543862467866344 0.027614877892030876
2 0.178869095437018 0.9096591821979434 0.010794906812339328 0.022342946658097662
2 0.1606683804627249 0.9149311134318766 0.01255221722365038 0.021338769280205616
2 0.15112869537275064 0.9169394681876606 0.008535507712082252 0.02033459190231357
2 0.14234214331619538 0.9178181233933161 0.012050128534704357 0.020585636246786665
2 0.1340576799485861 0.9224624437660668 0.011548039845758362 0.02083668059125965
2 0.1235138174807198 0.9229645324550129 0.009539685089974284 0.02485339010282772
2 0.11535487628534705 0.9257260202442159 0.010794906812339342 0.021338769280205616
2 0.10531310250642673 0.928487508033419 0.013807438946015424 0.023347124035989708
2 0.09815833868894602 0.9293661632390745 0.012050128534704371 0.022593991002570757
2 0.08899522011568123 0.9320021288560411 0.01129699550128535 0.023347124035989708
2 0.08008314588688946 0.9347636166452442 0.01104595115681234 0.023347124035989708
2 0.0715476381748072 0.9358933161953727 0.009539685089974298 0.018075192802056606
2 0.06225899742930591 0.9379016709511567 0.01355639460154242 0.022593991002570646
2 0.05410005623393316 0.9404121143958868 0.012803261568123392 0.023598168380462803
2 0.043430671593830336 0.9420439026349614 0.010041773778920314 0.024853390102827833
2 0.03489516388174807 0.9427970356683805 0.012050128534704371 0.018828325835475557
2 0.01826171875 0.94814453125 0.0103515625 0.021679687500000044
2 0.009417583857442346 0.9501523191823898 0.009008123689727462 0.02170138888888884
2 0.006640625 0.97568359375 0.012109375 0.0107421875
2 0.010546875 0.9814453125 0.017578125 0.010156250000000089
2 0.0171875 0.9927734374999999 0.017187499999999998 0.010156249999999978
2 0.6699105852601155 0.680635838150289 0.03567557803468213 0.013321893063583778
2 0.6700234826589595 0.6938448338150288 0.038159320809248554 0.011741329479768803
2 0.6729588150289016 0.7049087789017341 0.03499819364161849 0.01128973988439308
2 0.6751038656069364 0.7182306719653179 0.039288294797687806 0.013547687861271696
2 0.6814261199421965 0.729520411849711 0.029353323699421896 0.013547687861271696
2 0.680635838150289 0.7419391257225434 0.029579118497109813 0.012192919075144526
2 0.6579034043001686 0.8164918844856661 0.027995889544688013 0.015809443507588505
2 0.6532923166104554 0.8260434232715008 0.02733716273187181 0.015150716694772304
2 0.4843288891231029 0.8179740198145026 0.01811498735244521 0.033265704047217515
2 0.49816215219224286 0.8212676538785835 0.016797533726812808 0.037876791736930815
2 0.5085370994940979 0.8283489671163575 0.0138332630691399 0.029642706576728517
2 0.523029089376054 0.8351009169477235 0.01317453625632381 0.027995889544688124
2 0.5564594751264755 0.8504163153456998 0.01745626053962901 0.02700779932546371
2 0.5763859612141653 0.857991673693086 0.015150716694772415 0.032936340640809414
2 0.5885724072512648 0.8626027613827993 0.01778562394603711 0.028325252951096114
2 0.6001001264755481 0.8693547112141653 0.012515809443507608 0.02272607504215851
2 0.610310392074199 0.8731423903878583 0.014491989881956213 0.02239671163575041
2 0.6198619308600337 0.8795649768128162 0.014491989881956102 0.02206734822934231
2 0.6294134696458685 0.8825292474704891 0.009880902192242802 0.021408621416526108
2 0.46333260903919093 0.8605009481668775 0.01753121049304679 0.033087073324905236
2 0.4748143173198483 0.862105918141593 0.011358249051833136 0.03135864412136535
2 0.48888866940581543 0.8659331542351454 0.015308944374209876 0.027161030341339987
2 0.5093829013906448 0.8728468710493047 0.01481510745891279 0.02271649810366627
2 0.5191361804677623 0.8777852402022757 0.015062025916561361 0.026173356510745815
2 0.5304944295195955 0.8834643647281921 0.013580515170670049 0.027654867256637128
2 0.5408650047408344 0.8866743046776233 0.01407435208596719 0.025185682680151755
2 0.5607419405815424 0.8948226137800253 0.017284292035398274 0.027654867256637128
2 0.5711125158027813 0.9019832490518331 0.01432127054361576 0.030617888748419753
2 0.58388671875 0.90302734375 0.0126953125 0.0263671875
2 0.5939453125 0.9044921875 0.012500000000000067 0.021874999999999978
2 0.6009765625000001 0.9091796875 0.012109374999999978 0.018750000000000044
2 0.609765625 0.91171875 0.010937500000000044 0.018750000000000044
2 0.6192382812499999 0.91318359375 0.011132812499999978 0.017382812499999956
2 0.6271484375 0.91611328125 0.010546875000000067 0.015429687499999956
2 0.599837158808933 0.9556887794665012 0.03077504652605456 0.016477977667493815
2 0.5952330179900744 0.9646547379032258 0.029321107320099293 0.017447270471464105
2 0.5952330179900744 0.9742265043424317 0.026897875310173736 0.016235654466501215
2 0.591961654776675 0.9870696339950371 0.025686259305210957 0.013327776054590568
2 0.5837759770471465 0.992739996898263 0.0238542959057072 0.010613756203474045
2 0.4213661212779156 0.9692588787220844 0.015024038461538436 0.03198666253101734
2 0.43384576612903225 0.9741053427419355 0.015266361662531036 0.03101736972704716
2 0.4408731389578164 0.9827078163771712 0.012843129652605478 0.023989996898262977
2 0.4522914081885856 0.984016361662531 0.013385933622828805 0.02806102667493804
2 0.4633648405349794 0.9866094393004116 0.014735510973936938 0.022773062414266132
2 0.47385920353223593 0.990787626457476 0.013219092935528143 0.014518497085048043
2 0.64921875 0.9333984375 0.011328125000000022 0.025000000000000022
2 0.6599609375 0.93564453125 0.012109374999999978 0.023242187499999956
2 0.670703125 0.94111328125 0.016796874999999933 0.030664062499999978
2 0.68232421875 0.94580078125 0.015039062499999978 0.031054687499999956
2 0.69306640625 0.9484375 0.0146484375 0.02734375
2 0.70458984375 0.95390625 0.01699218750000009 0.029687499999999978
2 0.72705078125 0.96806640625 0.019335937499999956 0.0361328125
2 0.7406250000000001 0.9689453125 0.016015624999999978 0.03164062499999998
2 0.75263671875 0.975390625 0.018164062500000022 0.03125
2 0.67666015625 0.8947265625 0.0146484375 0.028906250000000022
2 0.69052734375 0.90244140625 0.0166015625 0.029492187500000044
2 0.71708984375 0.9107421874999999 0.0166015625 0.03359374999999998
2 0.7471679687499999 0.9171875 0.018945312499999978 0.03945312499999998
2 0.7582031250000001 0.9263671875 0.016015624999999978 0.032031249999999956
2 0.77197265625 0.9294921875 0.0205078125 0.03945312499999998
2 0.7157221395502646 0.7615792410714286 0.017826140873015928 0.040302579365079305
2 0.747111648478836 0.7688130373677249 0.017567791005291045 0.03513558201058198
2 0.7618375909391535 0.7768218832671958 0.018601190476190466 0.03720238095238093
2 0.7752717840608466 0.781084656084656 0.0180844907407407 0.03539393187830686
2 0.7883184523809524 0.7893518518518519 0.02247643849206349 0.03797743055555558
2 0.8061445932539684 0.7945188492063493 0.01989293981481477 0.039010830026455
2 0.8204830109126984 0.8034319196428572 0.026868386243386166 0.046502976190476164
