2 0.8632652079055442 0.952900410677618 0.02045367043121149 0.03288629363449702
2 0.7251026694045175 0.7579889630390144 0.012031570841889105 0.03128208418891176
2 0.728511614476386 0.8171441863449692 0.018047356262833603 0.0621631160164271
2 0.7475616016427105 0.8087220867556468 0.014437885010266882 0.04371470739219718
2 0.7642052746406571 0.812933136550308 0.016443146817248455 0.04812628336755642
2 0.7790442120123202 0.8111284009240246 0.015641042094455826 0.04692312628336759
2 0.7960889373716632 0.8079199820328542 0.015239989733059511 0.04050628850102678
2 0.8081205082135523 0.8083210343942505 0.014437885010266993 0.03809997433264889
2 0.8365952258726899 0.8029068275154003 0.011229466119096476 0.027271560574948617
2 0.8494289014373717 0.8005005133470225 0.009625256673511218 0.02486524640657084
2 0.7493663372689938 0.7551815965092402 0.014838937371663308 0.03850102669404509
2 0.7656089579055441 0.7605958033880904 0.012833675564681735 0.03569366016427111
2 0.8087220867556468 0.7551815965092403 0.014036832648870678 0.037698921971252575
2 0.8249647073921971 0.7535773870636551 0.015239989733059511 0.045719969199178645
2 0.8400041709445585 0.760194751026694 0.01163051848049279 0.031683136550307966
2 0.8566478439425051 0.7599942248459959 0.011229466119096476 0.028875770020533875
2 0.864468364989733 0.5791196098562628 0.02125577515400412 0.013635780287474364
2 0.8726899383983573 0.5897474974332648 0.02486524640657084 0.013234727926077938
2 0.876299409650924 0.6031827515400411 0.03368839835728954 0.01684419917864477
2 0.8813125641683779 0.6128080082135523 0.033287345995893225 0.019250513347022546
2 0.8933441350102669 0.6342643095482545 0.03007892710472282 0.014838937371663197
2 0.9025683393223819 0.6448921971252567 0.02767261293634493 0.01684419917864477
2 0.9053757058521561 0.6575253465092403 0.030078927104722708 0.017245251540041084
2 0.9162041196098563 0.680986909650924 0.03007892710472282 0.018448408624230028
2 0.9230220097535935 0.6908126925051334 0.024464194045174525 0.014036832648870678
2 0.926430954825462 0.7036463680698152 0.027271560574948728 0.015641042094455937
2 0.9354546329568788 0.7251026694045175 0.026870508213552302 0.014437885010266993
2 0.9388635780287473 0.7343268737166324 0.028875770020533875 0.011229466119096587
2 0.9420719969199178 0.7447542351129364 0.02326103696098558 0.010427361396303847
2 0.9388635780287473 0.7670126411704312 0.036896817248459945 0.017245251540041084
2 0.9500930441478439 0.7828542094455853 0.03449050308008217 0.01604209445585225
2 0.9549056724845996 0.8151389245379876 0.0441157597535935 0.014838937371663308
2 0.9545046201232033 0.8341889117043121 0.04732417864476379 0.018448408624230028
2 0.9631272458932238 0.8797083547227926 0.04772523100616011 0.018849460985626343
2 0.9773646047227926 0.9001620251540041 0.026469455852155988 0.010026309034907643
2 0.8594552104722792 0.562275410677618 0.020854722792607694 0.013635780287474364
2 0.8541815760178116 0.5463034748727735 0.013666905216284997 0.010188056615776153
2 0.8475966125954199 0.5409609573791347 0.019879134860050884 0.014412372773536908
2 0.8407631599872774 0.5352457061068702 0.019133667302798973 0.015406329516539419
2 0.830078125 0.5301516777989821 0.02460042938931295 0.020127624045801595
2 0.8258538088422391 0.5166090171755724 0.019630645674300284 0.012921437659033086
2 0.8179021548982188 0.5065452051526718 0.02460042938931295 0.015654818702290074
2 0.7590102178753181 0.4479017573155216 0.030564169847328237 0.028079277989821905
2 0.7710619433842238 0.45734434637404575 0.028327767175572505 0.026091364503816827
2 0.7887046755725191 0.47759621501272265 0.028824745547073705 0.025345896946564916
2 0.8010048902671756 0.48355995547073793 0.028576256361323105 0.02037611323155214
2 0.8042352496819338 0.5014511768447837 0.0350369751908397 0.027830788804071194
2 0.65751953125 0.42041015625 0.008398437500000022 0.018164062500000022
2 0.6666015625 0.419921875 0.008984375000000044 0.017187500000000022
2 0.6755859375 0.42080078125 0.009765625 0.01777343749999999
2 0.6849609375 0.42353515625000004 0.010937500000000044 0.02324218750000001
2 0.6951171875 0.4232421875 0.009765625 0.021875000000000033
2 0.7046874999999999 0.42158203125 0.008203124999999978 0.020898437499999978
2 0.7126953125 0.4212890625 0.008984374999999933 0.01835937500000001
2 0.56865234375 0.41523437500000004 0.021679687499999933 0.008593750000000011
2 0.571875 0.42705078124999996 0.024609375000000044 0.008007812499999989
2 0.56962890625 0.4482421875 0.027148437500000067 0.008984375000000044
2 0.56689453125 0.45976562499999996 0.0283203125 0.010546875000000011
2 0.60478515625 0.4150390625 0.020117187500000022 0.010156249999999978
2 0.60517578125 0.425390625 0.019335937500000067 0.008203125000000033
2 0.60498046875 0.43427734375000004 0.02285156250000009 0.008007812499999989
2 0.6046875 0.444140625 0.024218750000000067 0.008203124999999978
2 0.60634765625 0.45322265625 0.0224609375 0.007617187500000011
2 0.6080078125 0.46298828125 0.025390625 0.009570312500000011
2 0.60751953125 0.47421875 0.025195312499999956 0.009765625
2 0.56865234375 0.4703125 0.028710937499999978 0.009374999999999967
2 0.56689453125 0.482421875 0.031445312500000044 0.01171875
2 0.60771484375 0.4927734375 0.027148437500000067 0.010546875000000011
2 0.6060546875 0.5025390625 0.022656250000000044 0.0078125
2 0.60869140625 0.512890625 0.029882812500000022 0.009375000000000022
2 0.6080078125 0.52333984375 0.02734375 0.009570312499999956
2 0.6072265625 0.5341796875 0.028906250000000022 0.010937500000000044
2 0.606640625 0.5455078125 0.028906250000000022 0.009765625
2 0.56689453125 0.5177734375 0.02871093750000009 0.010546875000000067
2 0.56669921875 0.53056640625 0.03339843749999993 0.009960937499999933
2 0.5658203125 0.54326171875 0.035937499999999956 0.0126953125
2 0.609375 0.5684570312499999 0.032031249999999956 0.011132812499999978
2 0.56533203125 0.5671875 0.031445312500000044 0.011328125000000022
2 0.564453125 0.58076171875 0.033984374999999956 0.010351562500000022
2 0.56640625 0.5947265625 0.02968750000000009 0.011328124999999911
2 0.6094726562499999 0.58125 0.03457031249999998 0.009765625
2 0.60908203125 0.6039062500000001 0.03300781250000007 0.011328125000000022
2 0.5705078125 0.6073242187500001 0.024609374999999933 0.009179687499999978
2 0.60859375 0.6166015625 0.027734374999999978 0.008593749999999956
2 0.60888671875 0.62626953125 0.029492187500000044 0.010351562500000022
2 0.56337890625 0.6208984375 0.0380859375 0.01171875
2 0.45934606481481477 0.41567536865569277 0.02759559327846367 0.008305469821673517
2 0.4576045953360768 0.42599022633744854 0.023576817558299046 0.009645061728395077
2 0.4561310442386831 0.4365730024005487 0.022773062414266132 0.008305469821673572
2 0.4561310442386831 0.4462180641289437 0.022237225651577486 0.01044881687242799
2 0.4146036951303155 0.4168810013717421 0.020629715363511658 0.010716735253772258
2 0.42223936899862824 0.42545438957475995 0.02089763374485598 0.007501714677640603
2 0.4226412465706447 0.4340277777777778 0.023844735939643313 0.006965877914952012
2 0.4203639403292181 0.44300304355281206 0.021969307270233218 0.008841306584362107
2 0.4237129200960219 0.452514146090535 0.02491640946502055 0.00910922496570643
2 0.4202299811385459 0.46309692215363507 0.02491640946502055 0.008305469821673517
2 0.4192922668038409 0.4724740655006859 0.02839934842249653 0.009377143347050754
2 0.4573366769547325 0.469125085733882 0.025720164609053464 0.008037551440329194
2 0.45760459533607684 0.4787701474622771 0.02625600137174211 0.010716735253772258
2 0.4199620627572016 0.4821191272290809 0.025452246227709197 0.008305469821673517
2 0.4590781464334705 0.4904245970507545 0.02705975651577508 0.010984653635116581
2 0.4581404320987654 0.5018111282578875 0.024112654320987637 0.010180898491083668
2 0.45492541152263377 0.5127957818930041 0.021433470507544572 0.008573388203017895
2 0.4561310442386831 0.5217710476680384 0.022773062414266132 0.007769633058984926
2 0.4598819015775034 0.5314161093964336 0.02973894032921809 0.009377143347050754
2 0.4547914523319616 0.5402574159807956 0.02223722565157754 0.007769633058984926
2 0.41942622599451307 0.4931037808641975 0.023308899176954723 0.01044881687242799
2 0.4178187157064472 0.5055619855967078 0.028667266803840907 0.010716735253772258
2 0.41714891975308643 0.5164126800411523 0.02947102194787382 0.009377143347050865
2 0.4195601851851852 0.5394536608367626 0.027863511659807938 0.008841306584362107
2 0.4155414094650206 0.5520458247599451 0.03482938957475995 0.012056327160493874
2 0.4562650034293553 0.5568683556241427 0.024648491083676283 0.007769633058984815
2 0.41621120541838136 0.563298396776406 0.02973894032921809 0.008841306584362219
2 0.4166130829903978 0.5761584790809328 0.028935185185185175 0.010984653635116581
2 0.4581404320987654 0.5663794581618655 0.029471021947873766 0.008573388203017784
2 0.45559520747599447 0.5745509687928669 0.02384473593964337 0.008841306584362219
2 0.45773855452674894 0.5841960305212619 0.025988082990397843 0.009377143347050754
2 0.45465749314128945 0.6022805212620028 0.024648491083676283 0.00910922496570643
2 0.4527820644718793 0.621704603909465 0.018754286694101507 0.006697959533607634
2 0.41674704218106995 0.6029503172153634 0.028667266803840907 0.009377143347050754
2 0.4206318587105624 0.6115237054183813 0.023040980795610455 0.00723379629629628
2 0.4175507973251029 0.6202310528120714 0.02491640946502055 0.007501714677640603
2 0.41795267489711935 0.6270629715363512 0.027863511659807938 0.008305469821673572
2 0.4429046792328042 0.7649377893518519 0.013692542989417966 0.00723379629629628
2 0.44303385416666663 0.7823764054232805 0.019634589947089942 0.006975446428571397
2 0.44406725363756616 0.7912894758597884 0.019117890211640176 0.008783895502645467
2 0.4460048776455027 0.7999441964285714 0.01679274140211645 0.006458746693121742
2 0.44497147817460314 0.8076946924603174 0.021443039021164012 0.008008845899470818
2 0.4462632275132275 0.8158327132936508 0.018342840608465583 0.007750496031746046
2 0.44652157738095233 0.8255208333333334 0.017826140873015872 0.007492146164021163
2 0.44690910218253965 0.8346922536375662 0.01756779100529099 0.00723379629629628
2 0.4483300264550264 0.8420552248677249 0.017826140873015872 0.007492146164021163
2 0.44884672619047616 0.8503224206349207 0.01885954034391535 0.008008845899470929
2 0.44884672619047616 0.8582020916005291 0.017826140873015872 0.007233796296296391
2 0.4492342509920635 0.8667276372354498 0.01911789021164023 0.008267195767195812
2 0.45104270006613756 0.8756407076719577 0.021701388888888895 0.008525545634920695
2 0.4516885747354497 0.8842954282407407 0.016792741402116396 0.006717096560846625
2 0.44949260085978837 0.8934668485449736 0.024801587301587324 0.007492146164021163
2 0.45298032407407407 0.9009589947089948 0.017826140873015872 0.006975446428571397
2 0.4533678488756614 0.9106471147486772 0.019634589947089942 0.0082671957671957
2 0.45323867394179895 0.9196893601190477 0.01937624007936506 0.00723379629629628
2 0.4533678488756614 0.927569031084656 0.019117890211640176 0.006458746693121742
2 0.4554346478174603 0.9349320023148149 0.018601190476190466 0.007750496031746046
2 0.45026765046296297 0.9461702215608465 0.02996858465608465 0.006975446428571508
2 0.47959036044973546 0.9664506861772486 0.07828000992063494 0.016534391534391513
2 0.4989666005291006 0.9443617724867726 0.03746073082010587 0.011625744047618958
2 0.48876178075396826 0.9258897569444444 0.02480158730158738 0.01085069444444453
2 0.48656580687830686 0.9167183366402116 0.022993138227513255 0.00542534722222221
2 0.4856615823412698 0.9083219659391535 0.02066798941798942 0.008267195767195812
2 0.484240658068783 0.8991505456349207 0.021959738756613778 0.007492146164021163
2 0.48359478339947093 0.8899791253306879 0.02118468915343913 0.0082671957671957
2 0.48527405753968256 0.8806785300925926 0.02247643849206349 0.007233796296296391
2 0.4816571593915344 0.8671151620370371 0.025059937169312152 0.008008845899470929
2 0.48269055886243384 0.8579437417328042 0.02247643849206349 0.006717096560846625
2 0.48049458498677244 0.8437344990079365 0.023251488095238082 0.009300595238095233
2 0.4749400628306878 0.8279751570767195 0.015242642195767153 0.009300595238095233
2 0.47791108630952384 0.8191912615740742 0.019634589947089942 0.008783895502645467
2 0.48010706018518523 0.8095031415343916 0.029193535052910058 0.008008845899470818
2 0.47739438657407407 0.7909019510582012 0.02428488756613756 0.00904224537037035
2 0.4788153108465608 0.7794053819444444 0.02764343584656087 0.0082671957671957
2 0.4865658068783069 0.7673921130952381 0.030226934523809645 0.011109044312169303
2 0.39175140542328046 0.7641627397486772 0.017309441137566106 0.009817294973544999
2 0.3557115988756614 0.766746238425926 0.02273478835978837 0.009300595238095233
2 0.3589409722222222 0.7754009589947091 0.015242642195767209 0.008525545634920584
2 0.3581659226190476 0.7850890790343916 0.018342840608465583 0.007233796296296391
2 0.3584242724867725 0.7941313244047619 0.0209263392857143 0.008783895502645467
2 0.36010354662698413 0.8119574652777779 0.015500992063492092 0.009300595238095233
2 0.3584242724867725 0.8317212301587302 0.01885954034391535 0.009558945105820116
2 0.36023272156084657 0.8403759507275133 0.015759341931216975 0.006717096560846514
2 0.35777839781746035 0.8498057208994709 0.018084490740740755 0.00904224537037046
2 0.38981378141534395 0.809632316468254 0.020151289682539708 0.007750496031746046
2 0.38813450727513227 0.8178995122354498 0.020409639550264536 0.006717096560846514
2 0.3882636822089947 0.825133308531746 0.02170138888888884 0.005683697089947093
2 0.3882636822089947 0.8318504050925926 0.021184689153439185 0.006200396825396859
2 0.3880053323412699 0.8389550264550265 0.016017691798941802 0.006975446428571397
2 0.38890955687830686 0.8469638723544974 0.018342840608465638 0.006975446428571508
2 0.35971602182539686 0.8596230158730159 0.017309441137566106 0.008008845899470929
2 0.3595868468915344 0.8681485615079365 0.016534391534391568 0.006458746693121631
2 0.36126612103174605 0.8756407076719577 0.015242642195767209 0.006458746693121631
2 0.3868427579365079 0.8704737103174603 0.017309441137566106 0.007492146164021163
2 0.38890955687830686 0.8786117311507937 0.016276041666666685 0.00723379629629628
2 0.39045965608465605 0.8872664517195767 0.021959738756613778 0.007492146164021163
2 0.38761780753968256 0.8954044725529101 0.016792741402116396 0.00723379629629628
2 0.3611369460978836 0.8907541749338626 0.014984292328042326 0.005683697089947093
2 0.3613952959656085 0.8969545717592593 0.014984292328042326 0.00723379629629628
2 0.3619119957010582 0.9049634176587302 0.01446759259259256 0.0082671957671957
2 0.3619119957010582 0.9205935846560847 0.013434193121693139 0.006975446428571397
2 0.3630745701058201 0.928731605489418 0.013692542989418022 0.00723379629629628
2 0.3635912698412699 0.9420366236772487 0.013692542989417966 0.006458746693121631
2 0.36255787037037035 0.9486245453042328 0.013692542989417966 0.00723379629629628
2 0.36229952050264547 0.9562458664021165 0.012659143518518545 0.006458746693121742
2 0.38761780753968256 0.9114221643518519 0.015242642195767209 0.008783895502645578
2 0.3900721312830688 0.9213686342592593 0.02066798941798942 0.00904224537037035
2 0.3890387318121693 0.9295066550925926 0.01756779100529099 0.007233796296296391
2 0.38890955687830686 0.9384197255291006 0.012659143518518545 0.007492146164021163
2 0.3890387318121693 0.9477203207671958 0.01705109126984128 0.006458746693121742
2 0.39020130621693117 0.9548249421296297 0.017826140873015872 0.00723379629629628
2 0.38890955687830686 0.9645130621693122 0.015242642195767209 0.008008845899470929
2 0.7020474137931034 0.5645939459247649 0.019898608934169282 0.009490105799373039
2 0.7009759502351097 0.5739309855015674 0.022041536050156685 0.007959443573667624
2 0.7018943475705329 0.5834210913009404 0.022041536050156685 0.007959443573667624
2 0.700210619122257 0.6013298393416928 0.02295993338558 0.010102370689655138
2 0.7008228840125392 0.6125036735893417 0.02357219827586199 0.008571708463949834
2 0.7014351489028213 0.6216876469435737 0.02112313871473348 0.006734913793103425
2 0.7014351489028213 0.6313308189655172 0.020510873824451492 0.009490105799373039
2 0.7237828173981191 0.5780637735109717 0.010714635579937237 0.026021257836990608
2 0.7334259894200628 0.5791352370689655 0.009183973354231934 0.024490595611285304
2 0.7230174862852665 0.6209223158307211 0.009796238244514144 0.03459296630094044
2 0.732048393416928 0.6206161833855799 0.010102370689655138 0.03581749608150464
2 0.7427630289968652 0.6207692496081505 0.010102370689655249 0.035511363636363646
2 0.751334737460815 0.6155649980407524 0.010102370689655249 0.023878330721003094
2 0.7608248432601881 0.6192385873824451 0.010102370689655138 0.03061324451410663
2 0.7723048099529781 0.6192385873824451 0.011633032915360553 0.03183777429467083
2 0.7839378428683386 0.6177079251567398 0.009796238244514033 0.025715125391849503
2 0.7944994122257053 0.6174017927115987 0.011326900470219448 0.02816418495297801
2 0.8064385775862069 0.6192385873824451 0.010714635579937348 0.03000097962382442
2 0.7427630289968652 0.5803597668495297 0.011326900470219448 0.022653800940438784
2 0.7533245983542319 0.5811250979623824 0.008571708463949834 0.02112313871473348
2 0.7618963068181819 0.5829618926332288 0.009796238244514144 0.017449549373040663
2 0.7700088166144201 0.5803597668495297 0.010102370689655138 0.022653800940438784
2 0.7796519886363636 0.5831149588557993 0.009183973354232045 0.019592476489028177
2 0.7868461010971788 0.5838802899686519 0.0052042515673981216 0.015612754702194365
2 0.7940402135579938 0.5829618926332288 0.009796238244514144 0.02112313871473348
2 0.2854567307692307 0.4897197217675941 0.017900981996726684 0.008950490998363314
2 0.2881738441080196 0.4988300429623568 0.029089095744680826 0.008630830605564688
2 0.288333674304419 0.5082600245499181 0.026851472995090053 0.007671849427168587
2 0.28849350450081834 0.5194481382978723 0.022695887888707078 0.010868453355155516
2 0.28721486292962356 0.5298371010638298 0.02205656710310966 0.00927015139116194
2 0.2868952025368249 0.5387875920621932 0.02461385024549917 0.007991509819967324
2 0.2872148629296235 0.5490167246317512 0.023974529459901806 0.010548792962356779
2 0.28737469312602293 0.5579672156301145 0.026212152209492634 0.00927015139116194
2 0.2854567307692307 0.568356178396072 0.026212152209492634 0.009589811783960789
2 0.2902516366612111 0.5795442921440261 0.03068739770867429 0.01150777414075288
2 0.29041146685761043 0.5908922360883797 0.032285699672667756 0.009270151391162051
2 0.29041146685761043 0.6011213686579377 0.03100705810147303 0.009909472176759415
2 0.29073112725040917 0.6124693126022913 0.0342036620294599 0.01150777414075288
2 0.28993197626841244 0.6233377659574468 0.03260536006546644 0.008950490998363425
2 0.29041146685761043 0.6340463891162029 0.032285699672667756 0.009909472176759415
2 0.28353876841243864 0.6437960310965629 0.019818944353518775 0.008950490998363425
2 0.28353876841243864 0.6532260126841243 0.021097585924713613 0.009270151391162051
2 0.28353876841243864 0.670168013502455 0.01726166121112932 0.007352189034369849
2 0.28497724018003273 0.6783193535188216 0.017581321603928002 0.007671849427168587
2 0.28369859860883795 0.6875895049099836 0.02077792553191493 0.007671849427168587
2 0.28465757978723405 0.6959006751227496 0.020777925531914876 0.008311170212766061
2 0.2844977495908347 0.7035725245499181 0.02301554828150576 0.007032528641571112
2 0.2844977495908347 0.7120435249590835 0.01981894435351883 0.007352189034369849
2 0.28865333469721766 0.7193957139934533 0.021097585924713558 0.007991509819967324
2 0.29121061783960717 0.7272273936170213 0.01981894435351883 0.007671849427168587
2 0.29105078764320785 0.7353787336333879 0.022695887888707023 0.008630830605564577
2 0.3183817512274959 0.724350450081833 0.00831117021276595 0.027490793780687306
2 0.3252544496726677 0.7237111292962357 0.008630830605564632 0.02813011456628478
2 0.3342049406710311 0.724829940671031 0.007991509819967269 0.027810454173486154
2 0.342036620294599 0.724350450081833 0.007032528641571167 0.02813011456628478
2 0.3493888093289689 0.7241906198854338 0.009589811783960733 0.029089095744680882
2 0.3578598097381342 0.724829940671031 0.008630830605564688 0.02717113338788868
2 0.3652119987725041 0.7235512990998363 0.006712868248772541 0.025892491816693952
2 0.373043678396072 0.7256290916530277 0.00831117021276595 0.02813011456628478
2 0.3803958674304419 0.7240307896890343 0.00831117021276595 0.027490793780687417
2 0.3875882262684124 0.7249897708674304 0.006712868248772541 0.028769435351882144
2 0.3955797360883797 0.7238709594926349 0.007352189034369905 0.027810454173486154
2 0.4024524345335515 0.724350450081833 0.008311170212766006 0.027490793780687306
2 0.4110832651391162 0.7235512990998363 0.00831117021276595 0.028449774959083518
2 0.4185952843698854 0.7241906198854337 0.007991509819967213 0.027810454173486043
2 0.426267133797054 0.7246701104746317 0.0067128682487724856 0.02940875613747962
2 0.43521762479541737 0.7245102802782324 0.007991509819967269 0.02717113338788868
2 0.4422501534369885 0.7249897708674304 0.007991509819967269 0.027490793780687417
2 0.448483531096563 0.7237111292962356 0.00895049099836337 0.028769435351882144
2 0.4561553805237316 0.724350450081833 0.010229132569558097 0.030048076923076983
2 0.46526570171849424 0.7245102802782324 0.009270151391162051 0.027810454173486043
2 0.4727777209492635 0.724350450081833 0.005114566284779076 0.02813011456628478
2 0.4798102495908347 0.7254692614566285 0.010868453355155516 0.028449774959083407
2 0.48684277823240585 0.7246701104746317 0.00895049099836337 0.027490793780687417
2 0.4948342880523731 0.7246701104746317 0.00831117021276595 0.027490793780687417
2 0.5025061374795416 0.724829940671031 0.00831117021276595 0.025892491816693952
2 0.511936119067103 0.7254692614566285 0.009270151391162051 0.029089095744680882
2 0.5264806669394435 0.7245102802782324 0.007671849427168587 0.028449774959083518
2 0.5333533653846154 0.7238709594926349 0.007352189034369849 0.02717113338788868
2 0.5423038563829787 0.723391468903437 0.007352189034369849 0.027490793780687417
2 0.5490167246317512 0.7235512990998363 0.006073547463175122 0.02717113338788879
2 0.5560492532733223 0.7245102802782324 0.007991509819967324 0.02717113338788868
2 0.5723519333060556 0.7251496010638298 0.008630830605564688 0.02717113338788879
2 0.5805032733224222 0.7251496010638298 0.008950490998363314 0.02525317103109659
2 0.5884947831423895 0.724829940671031 0.007671849427168587 0.026531812602291316
2 0.5966461231587561 0.7264282426350246 0.007991509819967213 0.024613850245499225
2 0.603518821603928 0.7254692614566285 0.007671849427168587 0.027810454173486154
2 0.6108710106382979 0.7307436579378068 0.007671849427168587 0.018540302782324103
2 0.6190223506546644 0.7246701104746317 0.007991509819967324 0.02621215220949269
2 0.6321284267594107 0.7301043371522095 0.009270151391162051 0.021097585924713558
2 0.641078917757774 0.7299445069558101 0.007352189034369849 0.018220642389525366
2 0.5789049713584288 0.7660661313420621 0.033884001636661276 0.011827434533551617
2 0.5830605564648117 0.7791722074468084 0.03260536006546644 0.009270151391162051
2 0.5838597074468085 0.7908398117839607 0.02908909574468077 0.008950490998363314
2 0.6258950490998363 0.7663857917348609 0.025572831423895215 0.009270151391162051
2 0.6236574263502455 0.7802910188216039 0.02813011456628478 0.008950490998363314
2 0.6270138604746317 0.7903603211947626 0.0342036620294599 0.007991509819967213
2 0.6265343698854337 0.8015484349427169 0.0332446808510638 0.011188113747954254
2 0.5859375 0.8015484349427168 0.024294189852700487 0.009909472176759415
2 0.5844990282324058 0.812736548690671 0.029728416530278245 0.009909472176759415
2 0.5829007262684124 0.8226460208674304 0.0322856996726677 0.009270151391162051
2 0.6254155585106382 0.8207280585106382 0.029728416530278245 0.010548792962356779
2 0.5821015752864157 0.8331948138297871 0.0332446808510638 0.009270151391162051
2 0.6234975961538461 0.8323956628477904 0.026531812602291316 0.009589811783960678
2 0.6260548792962357 0.8439034369885433 0.029089095744680882 0.010868453355155516
2 0.6250958981178396 0.8554112111292962 0.029728416530278245 0.010868453355155516
2 0.6281326718494271 0.8673984758592471 0.035162643207856004 0.008630830605564688
2 0.6270138604746318 0.87890625 0.034842982815057266 0.011827434533551506
2 0.581781914893617 0.8434239463993454 0.026851472995090053 0.007991509819967324
2 0.5848186886252045 0.8531735883797054 0.03036773731587561 0.00831117021276595
2 0.5868964811783961 0.862763400163666 0.02493351063829785 0.008950490998363314
2 0.6268540302782324 0.8910533449263502 0.030687397708674347 0.011188113747954254
2 0.6268540302782324 0.9039995908346972 0.03580196399345337 0.011507774140752769
2 0.6258950490998363 0.9156671951718494 0.031966039279869074 0.011827434533551617
2 0.5873759717675942 0.8907336845335515 0.021417246317512295 0.00735218903436996
2 0.5872161415711947 0.9000038359247136 0.022376227495908285 0.0067128682487724856
2 0.5857776698036006 0.910392798690671 0.025892491816693952 0.007671849427168587
2 0.585458009410802 0.9207817614566285 0.029728416530278245 0.011188113747954254
2 0.586416990589198 0.932129705400982 0.026531812602291316 0.009589811783960789
2 0.5852981792144025 0.9426784983633387 0.025572831423895326 0.012147094926350244
2 0.6254155585106382 0.9406007058101472 0.031007058101472973 0.014384717675941072
2 0.5830605564648117 0.9546657630932897 0.027490793780687306 0.009909472176759415
2 0.5923307078559739 0.9618581219312602 0.014065057283142335 0.009589811783960789
2 0.5840195376432078 0.9743248772504092 0.02813011456628478 0.009589811783960678
2 0.5840195376432078 0.9874309533551555 0.03132671849427171 0.00831117021276595
2 0.6282925020458264 0.9669726882160392 0.0342036620294599 0.010868453355155516
2 0.6298908040098199 0.9824762172667758 0.03548230360065474 0.011827434533551506
2 0.2831456801470588 0.47606464460784315 0.013882506127451011 0.009095435049019607
2 0.28778215098634297 0.763615563353566 0.021931904400606994 0.008594935508346002
2 0.2852629457511381 0.7754706468133536 0.0234137898330804 0.00918768968133532
2 0.28570751138088013 0.7849547135811836 0.02430292109256449 0.009187689681335431
2 0.28333649468892264 0.795031534522003 0.020153641881638873 0.008002181335356573
2 0.284373814491654 0.8046637898330804 0.02104277314112296 0.007705804248861914
2 0.284373814491654 0.812665971168437 0.023413789833080456 0.008298558421851232
2 0.2836328717754173 0.8230391691957513 0.02133915022761762 0.007705804248861914
2 0.2855593228376328 0.8500094840667678 0.021042773141122906 0.00948406676783009
2 0.2846701915781487 0.860827247723824 0.021635527314112335 0.00978044385432475
2 0.2794835925644917 0.8697185603186647 0.01422610015174508 0.007409427162367255
2 0.2802245352807284 0.8774243645675266 0.013929723065250421 0.008002181335356573
2 0.279631781107739 0.8860193000758725 0.01155870637329287 0.008002181335356684
2 0.279631781107739 0.892687784522003 0.012744214719271618 0.007113050075872485
2 0.2805209123672231 0.9017272856600911 0.013929723065250366 0.008594935508346002
2 0.28541113429438547 0.9209917962822458 0.019560887708649444 0.00918768968133532
0 0.08122953056768559 0.006388168668122278 0.010661162663755455 0.01023471615720524
0 0.13282955786026202 0.009160070960698697 0.014925627729257623 0.00980826965065502
0 0.14413039028384278 0.019608010371179048 0.009381823144104795 0.009381823144104804
0 0.14924774836244542 0.024938591703056776 0.013646288209606977 0.014925627729257648
0 0.15244609716157204 0.03325429858078603 0.009808269650655038 0.011940502183406112
0 0.09253036299126638 0.03922454967248909 0.01108760917030567 0.011940502183406108
0 0.1741948689956332 0.04945926582969433 0.013219841703056762 0.012793395196506553
0 0.18336346888646288 0.053297284388646296 0.010234716157205226 0.011940502183406115
0 0.21357421875 0.08359375 0.0087890625 0.008203124999999992
0 0.20517578125000002 0.07500000000000001 0.008398437499999994 0.010937500000000003
0 0.1955078125 0.0654296875 0.008593749999999983 0.010937499999999996
0 0.169140625 0.0953125 0.008593749999999983 0.009375000000000008
0 0.14854784604519777 0.07093779425612057 0.011034604519774005 0.011034604519774005
0 0.13567414077212808 0.059903189736346556 0.010298964218455747 0.009563323917137476
0 0.1112141007532957 0.05530543785310738 0.009931144067796605 0.011402424670433148
0 0.10036340630885127 0.09650129472693035 0.009563323917137476 0.009195503766478347
0 0.12114524482109232 0.0657883121468927 0.009931144067796618 0.01177024482109227
0 0.10367378766478347 0.05144332627118648 0.011034604519774019 0.012505885122410548
0 0.08744220344387754 0.1706493144132653 0.01544563137755102 0.008470184948979609
0 0.09117904974489796 0.18509845344387754 0.018933354591836732 0.008470184948979581
0 0.09142817283163265 0.19904934630102042 0.013452646683673464 0.011459661989795922
0 0.13627032844387754 0.21324936224489796 0.00747369260204081 0.012954400510204078
0 0.1502212213010204 0.21748445471938777 0.00747369260204081 0.016442123724489804
0 0.15943877551020408 0.21399673150510204 0.007971938775510196 0.013452646683673464
0 0.18833705357142858 0.2162388392857143 0.008968431122448994 0.014947385204081648
0 0.18410196109693877 0.5595304528061225 0.017438616071428575 0.007971938775510168
0 0.18684231505102042 0.652702487244898 0.01494738520408162 0.005978954081632626
0 0.18484933035714285 0.6701411033163265 0.014947385204081648 0.00896843112244905
0 0.15071358267716534 0.6531434547244094 0.012303149606299218 0.007074311023621993
0 0.15179010826771652 0.6712906003937007 0.013841043307086631 0.0089197834645669
0 0.15071358267716534 0.6846702755905512 0.0110728346456693 0.006766732283464583
0 0.10672982283464566 0.9605684055118109 0.0073818897637795144 0.01230314960629919
0 0.10734498031496062 0.9416523129921259 0.007381889763779528 0.010150098425196874
0 0.25421490446891193 0.7909447862694301 0.006071891191709866 0.012396777849740914
0 0.2390351764896373 0.7891738180051814 0.007083873056994816 0.009360832253886064
0 0.2391616742227979 0.8070099983808291 0.008348850388601059 0.014673737046632107
0 0.24637204501295334 0.8068835006476685 0.005565900259067363 0.01189078691709855
0 0.25484739313471505 0.8075159893134716 0.005312904792746098 0.011131800518134671
0 0.24232411755181343 0.9404651068652851 0.007589863989637319 0.004300922927461093
0 0.24232411755181343 0.9467899935233162 0.010119818652849749 0.006830877590673579
0 0.2390351764896373 0.9187074967616581 0.006071891191709866 0.008854841321243478
0 0.24068036417322833 0.8370755413385826 0.0058439960629921295 0.01199557086614178
0 0.2540600393700787 0.8367679625984251 0.0073818897637795144 0.013841043307086576
0 0.24114173228346455 0.8559916338582676 0.006151574803149595 0.017224409448818867
0 0.24836983267716534 0.853377214566929 0.0058439960629921295 0.015686515748031482
0 0.2555979330708661 0.853992372047244 0.005536417322834664 0.015686515748031482
0 0.26190329724409445 0.8558378444881889 0.006459153543307117 0.014456200787401619
0 0.10666437368972745 0.8625278432914045 0.008598663522012578 0.016787866876310176
0 0.0706318789308176 0.8336609014675052 0.00777974318658281 0.013102725366876289
0 0.07083660901467503 0.7138938024109014 0.008189203354297694 0.015968946540880546
0 0.07145079926624737 0.5742678852201257 0.00614190251572326 0.011874344863731734
0 0.10502653301886791 0.4440595518867924 0.00777974318658281 0.011874344863731623
0 0.15989419549266246 0.3916486504192872 0.006141902515723274 0.011874344863731678
0 0.1885564072327044 0.465146750524109 0.01187434486373165 0.007370283018867885
0 0.15518540356394128 0.45040618448637315 0.011464884696016753 0.0065513626834382
0 0.15150026205450734 0.4639183700209643 0.01228380503144652 0.005732442348008404
0 0.149043501048218 0.4182635613207547 0.013102725366876317 0.006960822851153015
0 0.15027188155136267 0.5040454664570231 0.011464884696016753 0.008189203354297736
0 0.18548545597484276 0.5212427935010482 0.013921645702306085 0.006551362683438144
0 0.18364288522012576 0.5048643867924528 0.011055424528301883 0.006551362683438144
0 0.18507599580712786 0.5273846960167714 0.009827044025157244 0.007370283018867885
0 0.18507599580712786 0.535983359538784 0.009827044025157244 0.009008123689727365
0 0.1838476153039832 0.49626572327044016 0.01146488469601678 0.004913522012578608
0 0.18917059748427673 0.5134630503144654 0.013102725366876317 0.007370283018867996
0 0.04053655660377358 0.3038194444444444 0.009008123689727462 0.010645964360586957
0 0.18691856656184486 0.8864812631027252 0.01187434486373165 0.005732442348008404
0 0.1875327568134172 0.8952846567085953 0.009827044025157244 0.00614190251572333
0 0.18835167714884693 0.9049069706498951 0.013921645702306057 0.006551362683438144
0 0.20677738469601675 0.926608359538784 0.013102725366876289 0.008189203354297736
0 0.20698211477987422 0.9444198768343814 0.01187434486373165 0.00696082285115307
0 0.20739157494758909 0.953018540356394 0.013512185534591187 0.009417583857442291
0 0.20800576519916142 0.9630503144654087 0.013102725366876317 0.006551362683438144
0 0.18343815513626832 0.8606852725366876 0.011464884696016753 0.009008123689727476
0 0.18446180555555552 0.8705123165618447 0.01596894654088052 0.007370283018867885
0 0.18896586740041926 0.37895538522012573 0.01187434486373165 0.012693265199161419
0 0.14924823113207547 0.43116155660377353 0.014331105870020983 0.006551362683438144
0 0.11485357704402516 0.7895415683962264 0.00982704402515723 0.011669614779874271
0 0.11454648191823899 0.6184895833333333 0.007984473270440245 0.013512185534591215
0 0.10195558176100629 0.5024076257861635 0.011055424528301883 0.014740566037735825
0 0.10471943789308176 0.5235971894654088 0.005527712264150941 0.012897995283018826
0 0.21478174603174602 0.7337549603174603 0.020461309523809534 0.01302083333333326
0 0.21169354838709675 0.9921875 0.006300403225806467 0.01171875
0 0.1534148185483871 0.9631741431451613 0.015751008064516125 0.007245463709677491
0 0.20570816532258063 0.9916834677419355 0.005670362903225784 0.012600806451612878
0 0.18655493951612903 0.9918724798387097 0.005796370967741937 0.012348790322580627
0 0.19294984879032256 0.9915574596774193 0.004725302419354843 0.012978830645161366
0 0.19925025201612903 0.9910534274193548 0.0059853830645161255 0.013860887096774133
0 0.1782384072580645 0.9915574596774193 0.006804435483870969 0.012978830645161366
0 0.17137096774193547 0.9924710181451613 0.005670362903225812 0.011025705645161255
0 0.20775579637096775 0.8773311491935484 0.012285786290322592 0.007560483870967749
0 0.15404485887096775 0.8357484879032258 0.011970766129032279 0.008190524193548376
0 0.42061200923787534 0.3930968533487298 0.009472430715935343 0.005863885681293313
0 0.6565206408775981 0.3937734555427252 0.009472430715935287 0.006314953810623525
0 0.018101044050343247 0.2143074227688787 0.007597969107551488 0.011173483981693377
