3 0.2654562634989201 0.38800114740820735 0.06454171166306699 0.06580723542116629
3 0.38606770833333337 0.14625362605485231 0.06592827004219409 0.07499340717299577
3 0.4957967180774749 0.148605631276901 0.0675327295552367 0.07257666786226687
3 0.5767799497847919 0.17270444763271162 0.06473054160688674 0.07874148134863701
3 0.7035144267638036 0.2375503259202454 0.0781849118098159 0.07309240797546013
1 0.32998046875 0.9478515625 0.013085937500000033 0.024218749999999956
1 0.33837890625 0.94716796875 0.0107421875 0.019726562500000044
1 0.344921875 0.9541015625 0.013671875 0.024218749999999956
1 0.352734375 0.95771484375 0.011328125000000022 0.022851562499999978
1 0.35966796875 0.9590820312499999 0.013085937499999978 0.024804687499999978
1 0.36787109375 0.9624999999999999 0.011132812499999978 0.021874999999999978
1 0.40654296875 0.97060546875 0.013085937499999978 0.023242187499999956
1 0.41494140625 0.9724609375 0.011132812500000033 0.021093750000000022
1 0.4296875 0.97783203125 0.009765625 0.018945312499999978
1 0.36826171875 0.984375 0.0126953125 0.020312499999999956
1 0.37294921875 0.9884765625 0.011914062499999989 0.019140625000000022
1 0.382421875 0.98779296875 0.012500000000000011 0.0205078125
1 0.39033203125 0.98935546875 0.012304687500000022 0.017382812499999956
1 0.3998046875 0.9904296875 0.008984374999999989 0.015234375000000022
1 0.48642578125 0.9044921875 0.0087890625 0.016015624999999978
1 0.51884765625 0.87705078125 0.014257812500000022 0.013867187500000044
1 0.5262695312500001 0.87900390625 0.015039062499999978 0.013867187500000044
1 0.5331054687500001 0.8833984374999999 0.015039062499999978 0.014062499999999978
1 0.541796875 0.88505859375 0.014843749999999933 0.014257812500000022
