3 0.07370721726190477 0.02487909226190476 0.03859747023809524 0.04045758928571429
3 0.10091145833333333 0.07742745535714285 0.01953125 0.021856398809523808
3 0.11951264880952381 0.13392857142857142 0.026041666666666685 0.027901785714285712
3 0.1329985119047619 0.19484747023809523 0.03348214285714285 0.036272321428571425
3 0.19507998511904762 0.2985491071428571 0.03301711309523808 0.027901785714285754
3 0.20099963602329451 0.3659265806988353 0.02112364808652245 0.01494904326123131
3 0.20083714642262895 0.3816880719633944 0.022098585690515815 0.016573939267886806
3 0.3121503138646288 0.6392347843886462 0.032409934497816595 0.03582150655021832
3 0.36931295955882354 0.11353975183823528 0.049977022058823484 0.04107306985294118
3 0.41110409007352944 0.22325942095588236 0.04451976102941174 0.0439453125
3 0.4385340073529412 0.27510340073529416 0.05284926470588236 0.04538143382352938
3 0.451171875 0.33254825367647056 0.04710477941176472 0.044806985294117696
3 0.4760167738970588 0.3855411305147059 0.04566865808823528 0.0433708639705882
3 0.5580912218169761 0.6061422413793104 0.04843957228116702 0.04196369363395225
3 0.5812748673740054 0.6602805868700266 0.049734748010610175 0.03833720159151188
3 0.5511853448275862 0.05711206896551724 0.04471982758620685 0.058728448275862065
3 0.6602909482758621 0.05616918103448276 0.04364224137931039 0.03906250000000001
3 0.78046875 0.1322265625 0.04453125000000002 0.03984375000000001
3 0.8065429687500001 0.1859375 0.03964843750000002 0.03984375000000001
3 0.8683369151634723 0.3492284385569334 0.0486629791431793 0.04888317361894029
3 0.9078618235625704 0.45833480129650506 0.04227733934611044 0.04513986753100335
3 0.9305418545659525 0.5127228368094701 0.046681228861330304 0.04425908962795938
3 0.9597176226042841 0.5897909033258173 0.07640748308906431 0.07332476042841041
