3 0.6392076133909288 0.029647003239740812 0.08563377429805608 0.05863593412526998
3 0.6413168196544277 0.10600026997840173 0.08479009179265651 0.0738222192224622
3 0.6444806290496761 0.22348305885529157 0.07677510799136067 0.0767751079913607
3 0.6535502159827213 0.3293652132829374 0.07804063174946008 0.0734003779697624
3 0.654393898488121 0.45444114470842334 0.07804063174946008 0.07719694924406051
3 0.6659945329373651 0.5592686960043196 0.07677510799136067 0.07424406047516208
3 0.6727439929805616 0.7396058315334773 0.07677510799136067 0.07297853671706267
3 0.6799152942764579 0.8273488120950324 0.0784624730021598 0.07635326673866083
3 0.8065580985915493 0.6007922535211268 0.07097271126760563 0.07977552816901412
3 0.912650171624714 0.21631864988558352 0.08134296338672775 0.05988987414187644
3 0.9296338672768878 0.4480567076659039 0.08313072082379869 0.07553275171624713
3 0.9598062345297029 0.6664824964639321 0.07648128094059414 0.07328500707213581
