3 0.8075731981981983 0.049549549549549536 0.13372747747747749 0.09853603603603604
3 0.9602734374999999 0.3823046875 0.07554687500000001 0.07523437500000002
3 0.94546875 0.47390625 0.07343750000000004 0.06718749999999996
3 0.83359375 0.52 0.06218750000000006 0.06687500000000002
3 0.8210100446428572 0.8200334821428572 0.07114955357142849 0.0669642857142857
3 0.8727678571428572 0.9169921875 0.060825892857142905 0.062220982142857206
3 0.9623325892857143 0.9709821428571428 0.0597098214285714 0.0541294642857143
1 0.5950251569423929 0.05827640324963072 0.011251384785819774 0.02884970457902511
1 0.5927171805760709 0.020483290251107827 0.00952040251107833 0.038081610044313145
1 0.5976216303545051 0.09664651033973412 0.01240537296898081 0.029426698670605614
1 0.6887847799003323 0.21402183693244742 0.008868009413067535 0.020547826688815052
1 0.6905151232004431 0.2533871470099668 0.008868009413067535 0.029632129014396463
1 0.7094648380640466 0.3314910844250364 0.02700827874818046 0.01876364628820959
1 0.06702883997429306 0.33376345597686374 0.0261086118251928 0.008786552056555319
1 0.11171473329048842 0.3135543862467866 0.02209190231362468 0.008033419023136257
1 0.114099654562982 0.341294786311054 0.019832503213367603 0.009288640745501286
1 0.11460174325192801 0.3489516388174807 0.019330414524421594 0.008033419023136257
1 0.11045951156812339 0.3561064026349614 0.026108611825192807 0.009288640745501286
1 0.11585696497429306 0.3650184768637532 0.021338769280205644 0.00853550771208228
1 0.15765584832904883 0.3852275465938303 0.025606523136246784 0.009288640745501231
1 0.07041793862467866 0.3431776188946015 0.018326237146529555 0.008033419023136257
1 0.06891167255784061 0.35133656008997427 0.02384921272493573 0.008786552056555264
1 0.07292838206940874 0.359495501285347 0.019330414524421594 0.00853550771208228
1 0.0714221160025707 0.3685330976863753 0.019832503213367617 0.008033419023136257
1 0.07292838206940874 0.37606442802056556 0.019832503213367617 0.008033419023136257
1 0.07393255944730076 0.3838468026992288 0.019330414524421594 0.008535507712082224
1 0.07418360379177377 0.39250783258354754 0.019330414524421594 0.008786552056555319
1 0.08262166835357626 0.5018450573549258 0.02082279014844804 0.010543184885290213
1 0.0911880060728745 0.6083312246963564 0.01897773279352226 0.010543184885290047
1 0.09224232456140352 0.6369296136977058 0.02477648448043185 0.009752446018893357
1 0.09131979588394062 0.645364161605938 0.02134994939271255 0.008170968286099867
1 0.09079263663967613 0.652612601214575 0.020295630904183543 0.007907388663967674
1 0.14126813427800272 0.6823970985155196 0.01845057354925775 0.010543184885290158
1 0.09066084682861 0.6607835695006747 0.02055921052631579 0.008961707152496667
1 0.0955370698380567 0.6689545377867747 0.026094382591093118 0.008961707152496667
1 0.09830465587044536 0.6772572958839407 0.01950489203778677 0.00922528677462886
1 0.09843644568151148 0.6847693151147098 0.018714153171390024 0.00843454790823206
