2 0.6555200847022586 0.615013796201232 0.015641042094455826 0.02045367043121149
2 0.6446916709445585 0.6296522073921971 0.02045367043121149 0.03128208418891176
2 0.6232353696098563 0.6398790426078029 0.01684419917864477 0.019651565708418972
2 0.6130085343942505 0.6515095610882957 0.014838937371663308 0.019651565708418972
2 0.6041853824435318 0.6555200847022586 0.014036832648870678 0.018849460985626343
2 0.5955627566735113 0.6583274512320328 0.014437885010266993 0.01323472792607805
2 0.5847343429158112 0.66514534137577 0.013635780287474364 0.016443146817248455
2 0.5771143480492813 0.6739684933264887 0.01684419917864477 0.01323472792607805
2 0.5430248973305956 0.6960263732032854 0.011229466119096476 0.014838937371663308
2 0.5463453389830508 0.7029865658705702 0.009931144067796605 0.012639637904468426
2 0.5520632704160247 0.7070493066255779 0.009329256548536224 0.011736806625577856
2 0.5923897342064716 0.7413568952234207 0.01835756933744226 0.01956134437596302
2 0.5972048343605547 0.7464729391371341 0.013542469183358996 0.009931144067796605
2 0.6054807877503853 0.7491814329738059 0.02407550077041609 0.0201632318952234
2 0.611198719183359 0.7552003081664099 0.02467738828967636 0.0201632318952234
2 0.6193242006933745 0.7577583301232667 0.032501926040061635 0.02166795069337446
2 0.623085997688752 0.7676894741910631 0.030997207241910685 0.02106606317411408
2 0.5582326174884438 0.7670875866718028 0.017454738058551578 0.015047187981510057
2 0.5683142334360556 0.7771692026194146 0.017755681818181768 0.016551906779661008
2 0.5741826367488444 0.7818338308936825 0.01865851309707245 0.016250963020030817
2 0.6349732761941449 0.7735578775038521 0.030094375963020004 0.027385882126348293
2 0.6402397919876734 0.7800281683359014 0.028589657164869053 0.02407550077041598
2 0.6461081953004624 0.7860470435285054 0.030094375963020004 0.026483050847457612
2 0.608038809707242 0.8159909476117104 0.02076511941448389 0.017755681818181768
2 0.615562403697997 0.8202041602465331 0.01895945685670264 0.015950019260400627
2 0.6525784861325116 0.791464031201849 0.031599094761171065 0.024677388289676472
2 0.6563402831278891 0.7991380970724191 0.034307588597842886 0.0201632318952234
2 0.6611553832819723 0.8066616910631741 0.031900038520801255 0.02196889445300465
2 0.6629610458397535 0.8147871725731896 0.02166795069337446 0.012940581664098616
2 0.6731931336671804 0.8173451945300463 0.028890600924499243 0.016250963020030817
2 0.6763530431432974 0.8269753948382127 0.02377455701078579 0.02106606317411397
2 0.683124277734977 0.837959842064715 0.01926040061633283 0.014746244221879756
2 0.6889926810477658 0.8460853235747303 0.02437644453004617 0.018357569337442148
2 0.6923030624036981 0.8513518393682589 0.02196889445300465 0.017454738058551578
2 0.6924535342835132 0.8593268489984592 0.01986228813559332 0.013542469183358996
2 0.696666746918336 0.8660980835901387 0.02046417565485359 0.014445300462249566
2 0.7037389252696457 0.8748254526194146 0.01895945685670264 0.011435862865947555
2 0.705695059707242 0.8803929121725732 0.02467738828967636 0.011736806625577856
2 0.714873844375963 0.8895716968412943 0.027385882126348293 0.012639637904468426
2 0.7153252600154083 0.9002552003081665 0.0234736132511556 0.011134919106317365
2 0.7228488540061634 0.9217726791217258 0.027686825885978372 0.009630200308166414
2 0.7245040446841295 0.9321552388289678 0.02257078197226503 0.009329256548536224
2 0.7217955508474576 0.941634967257319 0.02196889445300465 0.007222650231124783
2 0.7240526290446841 0.9496099768875192 0.027686825885978372 0.008125481510015464
2 0.7242031009244992 0.9587887615562405 0.025580219568567042 0.009028312788906034
2 0.7243535728043144 0.9673656587057011 0.02407550077041598 0.008125481510015353
2 0.7260087634822805 0.9771463308936826 0.026783994607087802 0.007222650231124783
2 0.7285667854391371 0.9939991814329738 0.02527927580893674 0.007824537750385163
2 0.6780082338212635 0.9711274557010787 0.030094375963020115 0.009630200308166414
2 0.6734940774268106 0.9819614310477658 0.030094375963020004 0.009630200308166414
2 0.6760520993836672 0.9873784187211094 0.031599094761170954 0.013843412942989186
2 0.6783091775808937 0.9464500674114023 0.02407550077041609 0.007824537750385274
2 0.6748483243451464 0.9384750577812019 0.026182107087827422 0.012940581664098616
2 0.6743969087057011 0.9267382511556241 0.028288713405238752 0.011736806625577745
2 0.6768044587827428 0.9064245473805855 0.01926040061633283 0.012037750385208046
2 0.6629610458397535 0.889120281201849 0.02106606317411408 0.0201632318952234
2 0.6582964175654854 0.8734712057010786 0.02196889445300454 0.012940581664098616
2 0.6540832049306626 0.8656466679506933 0.02377455701078579 0.015348131741140247
2 0.6515251829738059 0.8582735458397535 0.02407550077041609 0.013241525423728806
2 0.6421959264252697 0.8490947611710324 0.01805662557781207 0.017755681818181768
2 0.6357256355932204 0.843978717257319 0.02076511941448378 0.01655190677966112
2 0.6253430758859785 0.8316400231124808 0.01865851309707245 0.013542469183358996
2 0.6288039291217258 0.8400664483821263 0.01895945685670264 0.015950019260400627
2 0.6872774920886076 0.6197834256329113 0.014833860759493667 0.022745253164557
2 0.6958069620253164 0.6288073575949367 0.01854232594936711 0.012114319620253222
2 0.6988973496835443 0.6379549050632911 0.02274525316455689 0.018542325949367
2 0.7112589003164558 0.6511817642405063 0.022745253164557 0.020272943037974667
2 0.7190466772151899 0.6553846914556962 0.020025712025316444 0.015328322784810222
2 0.7221370648734178 0.6650267009493671 0.023239715189873444 0.021261867088607556
2 0.7281942246835443 0.6705893987341772 0.02052017405063289 0.018047863924050667
2 0.7349930775316456 0.6770174050632911 0.017306170886076 0.020025712025316444
2 0.7398140822784811 0.6856704905063291 0.022992484177215222 0.017553401898734222
2 0.7546479430379747 0.6969195015822784 0.019036787974683556 0.013350474683544333
2 0.7566257911392404 0.7085393591772152 0.025464794303797444 0.020272943037974667
2 0.772324960443038 0.7183049841772151 0.02076740506329111 0.016070015822784778
2 0.7786293512658228 0.7260927610759493 0.022498022151898667 0.015328322784810111
2 0.7906200553797469 0.7425336234177216 0.024228639240506333 0.01953125
2 0.7971716772151899 0.7489616297468356 0.022003560126582222 0.015081091772151889
2 0.8064428401898734 0.755018789556962 0.019284018987341778 0.013350474683544333
2 0.8061956091772152 0.7650316455696202 0.027689873417721556 0.01755340189873411
2 0.8162084651898733 0.7718304984177216 0.024475870253164556 0.016317246835443
2 0.8232545490506329 0.7799891218354431 0.024228639240506333 0.018789556962025222
2 0.8269630142405063 0.7880241297468354 0.023734177215189778 0.015575553797468444
2 0.8330201740506329 0.796306368670886 0.027442642405063333 0.016811708860759444
2 0.8398190268987342 0.8054539161392406 0.03214003164556967 0.02076740506329111
2 0.8478540348101267 0.8184335443037974 0.03683742088607589 0.018047863924050667
2 0.8584849683544304 0.8278283227848101 0.03436511075949367 0.010630933544303778
2 0.8634295886075949 0.8367286392405063 0.02843156645569611 0.011619857594936667
2 0.8659018987341772 0.8490901898734178 0.030903876582278444 0.009147547468354333
2 0.8640476661392404 0.8597211234177216 0.033128955696202556 0.009642009493670889
2 0.864665743670886 0.8798704509493671 0.031892800632911444 0.008900316455696222
2 0.8666435917721519 0.8905013844936709 0.030903876582278444 0.010383702531645556
2 0.8692395174050633 0.9013795490506329 0.02917325949367089 0.008405854430379778
2 0.8654074367088607 0.9110215585443038 0.03337618670886078 0.008900316455696222
2 0.8657782832278481 0.9212816455696202 0.030656645569620222 0.008158623417721556
2 0.8671380537974683 0.9324070411392404 0.03139833860759489 0.008653085443037889
2 0.8647893591772151 0.943779667721519 0.034117879746835444 0.009147547468354444
2 0.8654074367088607 0.9539161392405063 0.03436511075949367 0.009147547468354444
2 0.8681269778481013 0.9649179193037974 0.02843156645569611 0.008900316455696222
2 0.8680033623417722 0.975301621835443 0.030656645569620333 0.010383702531645556
2 0.8687450553797469 0.9875395569620253 0.031151107594936778 0.011125395569620222
2 0.4848271704180065 0.7825060289389068 0.02637660771704181 0.026376607717041867
2 0.45531049035369775 0.8974326768488746 0.030144694533762062 0.020096463022508004
2 0.49299135852090037 0.9096789590032155 0.01884043408360131 0.02449256430868163
2 0.508238777281746 0.9236653645833333 0.018988715277777735 0.014338417658730118
2 0.45747302827380953 0.9333534846230158 0.015113467261904767 0.0244140625
2 0.46987382192460314 0.9349035838293651 0.01666356646825401 0.01821366567460314
2 0.48246837797619047 0.9618365575396826 0.02247643849206349 0.012400793650793607
2 0.49080016121031744 0.9763687375992063 0.02208891369047622 0.01356336805555547
2 0.3556926751592357 0.6402642316878981 0.022392515923566836 0.023014530254777066
2 0.2580364251592357 0.7058867436305732 0.019904458598726138 0.01741640127388533
2 0.26301253980891726 0.7170830015923566 0.021148487261146542 0.01617237261146498
2 0.20392117834394904 0.7320113455414012 0.021148487261146487 0.03110071656050961
2 0.19925607085987262 0.6974895501592357 0.015550358280254778 0.021770501592356717
2 0.15664808917197454 0.682250199044586 0.01990445859872611 0.02861265923566869
2 0.11497312898089174 0.6100965366242039 0.013684315286624199 0.01617237261146498
2 0.08418341958598728 0.5954791998407644 0.010574243630573243 0.023014530254777066
2 0.06987708996815288 0.59765625 0.015550358280254778 0.02985668789808915
2 0.07267615445859875 0.6290679737261147 0.007464171974522288 0.021770501592356606
2 0.08418341958598728 0.662656747611465 0.014306329617834401 0.03047870222929938
2 0.08573845541401276 0.6981115644904459 0.013684315286624199 0.03047870222929938
2 0.21636146496815287 0.6383981886942676 0.024880573248407645 0.025502587579617875
2 0.2347108877388535 0.6592356687898089 0.029234673566878977 0.026124601910827994
2 0.19832304936305734 0.620048765923567 0.021148487261146487 0.01741640127388544
2 0.16784434713375795 0.555359275477707 0.038564888535031844 0.023636544585987185
2 0.17561952627388536 0.5699766122611465 0.039186902866242046 0.024258558917197415
2 0.1924139132165605 0.5973452428343949 0.027990644904458573 0.023014530254777066
2 0.3028214570063694 0.5799288415605095 0.02363654458598724 0.021770501592356717
2 0.23750995222929938 0.4670332404458599 0.03483280254777074 0.019904458598726082
2 0.24715117436305734 0.48351662022292996 0.03421078821656054 0.021770501592356717
2 0.12834643710191085 0.5609574044585988 0.015550358280254764 0.026124601910827994
2 0.2434190883757962 0.558780354299363 0.027990644904458628 0.01803841560509556
2 0.11994924363057327 0.5998333001592356 0.0211484872611465 0.03047870222929938
2 0.18930384156050956 0.7907916998407644 0.029234673566878977 0.013062300955414052
2 0.0760972332802548 0.7289012738853504 0.01306230095541401 0.019904458598726138
2 0.16722233280254778 0.6443073248407644 0.013684315286624199 0.021148487261146487
2 0.20143312101910826 0.672919984076433 0.023636544585987268 0.03358877388535031
2 0.17064341162420382 0.7105518511146497 0.02177050159235669 0.023014530254777066
2 0.07765226910828027 0.40234375 0.02488057324840763 0.011196257961783418
2 0.11124104299363059 0.3547596536624204 0.009952229299363069 0.024258558917197415
2 0.0686330613057325 0.49688992834394907 0.027990644904458607 0.009952229299363069
2 0.07236514729299365 0.5090192078025477 0.029234673566878984 0.010574243630573243
2 0.22538067277070062 0.36160181130573255 0.006842157643312113 0.02177050159235666
2 0.2350218949044586 0.3619128184713376 0.013684315286624227 0.018660429936305734
2 0.1728204617834395 0.27296476910828027 0.03358877388535031 0.028612659235668803
2 0.16255722531847133 0.3040654856687898 0.026746616242038224 0.02985668789808915
2 0.1448298168789809 0.28820412022292996 0.028612659235668775 0.025502587579617875
2 0.27483081210191085 0.2141844148089172 0.019904458598726138 0.02550258757961782
2 0.29597929936305734 0.21076333598726116 0.02612460191082805 0.028612659235668775
2 0.16877736863057324 0.09009255573248409 0.025502587579617847 0.023636544585987254
2 0.1445188097133758 0.12243730095541402 0.026746616242038224 0.026124601910828008
2 0.3189938296178344 0.1936579418789809 0.027368630573248398 0.01803841560509553
2 0.33952030254777077 0.1805956409235669 0.027368630573248398 0.016794386942675155
2 0.3479174960191083 0.17282046178343952 0.026746616242038224 0.017416401273885357
2 0.3528936106687899 0.16224621815286625 0.020526472929936312 0.014928343949044576
2 0.3575587181528663 0.13985370222929938 0.012440286624203822 0.023636544585987268
2 0.36751094745222934 0.11279607882165607 0.009952229299363069 0.027990644904458586
2 0.38150626990445863 0.11372910031847136 0.013062300955414052 0.018660429936305734
2 0.3973676353503185 0.10222183519108283 0.012440286624203822 0.03918690286624203
2 0.39363554936305734 0.151671974522293 0.013684315286624227 0.034832802547770714
2 0.3687549761146497 0.14109773089171976 0.012440286624203822 0.027368630573248398
2 0.3811952627388535 0.1389206807324841 0.011196257961783418 0.026746616242038196
2 0.3780851910828026 0.16908837579617836 0.028612659235668803 0.022392515923566864
2 0.3749751194267516 0.18152866242038218 0.028612659235668803 0.021148487261146515
2 0.3709320262738854 0.19459096337579618 0.03545481687898089 0.024880573248407645
2 0.34605145302547774 0.19148089171974522 0.027990644904458573 0.012440286624203822
2 0.25554836783439494 0.24621815286624205 0.01244028662420385 0.027368630573248426
2 0.27296476910828027 0.2437300955414013 0.018660429936305734 0.03358877388535034
2 0.2661226114649682 0.2742087977707007 0.01741640127388533 0.026124601910827994
2 0.18308369824840764 0.7040207006369428 0.020526472929936312 0.02985668789808915
2 0.2129403861464968 0.7195710589171975 0.015550358280254778 0.01741640127388544
2 0.15384902468152867 0.620048765923567 0.019282444267515908 0.022392515923566836
2 0.09413564888535034 0.5961012141719746 0.015550358280254778 0.021770501592356717
2 0.08231737659235672 0.626579916401274 0.014306329617834387 0.03172273089171973
2 0.09569068471337581 0.6172497014331211 0.014928343949044576 0.023014530254777066
2 0.12492535828025479 0.63000099522293 0.016172372611464952 0.022392515923566947
2 0.13643262340764334 0.6244028662420382 0.02177050159235669 0.021148487261146487
2 0.15571506767515925 0.6486614251592356 0.020526472929936312 0.021148487261146487
2 0.16939938296178342 0.6738530055732483 0.015550358280254778 0.021770501592356717
2 0.18152866242038218 0.6710539410828025 0.017416401273885357 0.026124601910827994
2 0.1877488057324841 0.6449293391719746 0.021148487261146515 0.022392515923566836
2 0.1715764331210191 0.6191157444267517 0.019904458598726138 0.025502587579617875
2 0.1364326234076433 0.5979672571656052 0.016794386942675155 0.021770501592356717
2 0.1460738455414013 0.6962455214968153 0.024880573248407617 0.02923467356687892
2 0.16566729697452232 0.7251691878980893 0.024258558917197443 0.026124601910827994
2 0.220093550955414 0.7055757364649682 0.023636544585987268 0.025502587579617875
2 0.076719247611465 0.754092854299363 0.015550358280254778 0.025502587579617875
2 0.07951831210191085 0.7814614848726115 0.014928343949044576 0.024258558917197526
2 0.08636046974522296 0.7251691878980893 0.009952229299363055 0.01617237261146498
2 0.09817874203821658 0.6794511345541402 0.012440286624203822 0.023014530254777066
2 0.09662370621019109 0.649905453821656 0.01306230095541401 0.026124601910827994
2 0.07205414012738856 0.6797621417197452 0.012440286624203822 0.021148487261146487
2 0.07516421178343952 0.7061977507961783 0.008708200636942678 0.021770501592356717
2 0.18837082006369427 0.7522268113057324 0.021148487261146487 0.024258558917197415
2 0.10844197850318474 0.6754080414012739 0.01306230095541401 0.024880573248407645
2 0.10066679936305734 0.7600019904458599 0.011196257961783432 0.024880573248407645
2 0.09817874203821658 0.7295232882165605 0.013684315286624199 0.023636544585987296
2 0.06614500398089174 0.5581583399681529 0.018038415605095552 0.03296675955414008
2 0.3588027468152867 0.21356240047770703 0.021148487261146542 0.025502587579617847
0 0.24222579656862742 0.053423713235294115 0.014169730392156854 0.01110600490196078
0 0.2560125612745098 0.0645297181372549 0.014169730392156854 0.012637867647058827
0 0.2724800857843137 0.07869944852941176 0.01263786764705882 0.01263786764705882
0 0.27784160539215685 0.0848268995098039 0.018765318627450955 0.013403799019607851
0 0.2853094362745098 0.09401807598039215 0.016850490196078427 0.014935661764705871
0 0.22441789215686272 0.08310355392156862 0.01378676470588236 0.012254901960784312
0 0.22977941176470584 0.0899969362745098 0.011488970588235309 0.014552696078431362
0 0.23667279411764702 0.09861366421568626 0.009957107843137275 0.009574142156862753
0 0.24720435049019607 0.1018688725490196 0.011106004901960786 0.011488970588235295
0 0.2500765931372549 0.11508118872549018 0.00919117647058823 0.01263786764705882
0 0.25696997549019607 0.12293198529411763 0.011488970588235281 0.010723039215686264
0 0.2052677487864078 0.09196753640776699 0.013589704692556631 0.011377427184466021
0 0.21048240291262138 0.09923644822006472 0.010745347896440133 0.009481189320388342
0 0.21869943365695793 0.10666337985436894 0.015169902912621352 0.010429308252427189
0 0.22312398867313915 0.11282615291262137 0.010745347896440133 0.01200950647249191
0 0.2275485436893204 0.11851486650485438 0.013905744336569603 0.010113268608414244
0 0.23418537621359226 0.1275219963592233 0.013905744336569575 0.0097972289644013
0 0.24177032766990292 0.13384278923948223 0.01200950647249191 0.011061387540453077
0 0.33357984425566345 0.14284991909385114 0.012957625404530715 0.010745347896440133
0 0.32552083333333337 0.15912596076051783 0.011377427184466049 0.011693466828478966
0 0.2063738875404531 0.2894923139158576 0.012641585760517798 0.00884911003236244
0 0.21474893810679613 0.30229191949838186 0.012957625404530743 0.009797228964401328
0 0.12273015202702703 0.45693887246621623 0.007918074324324328 0.011877111486486513
0 0.14862885346283783 0.5008182010135135 0.009567673141891886 0.013856630067567544
0 0.13823638091216217 0.5036225190033784 0.008577913851351343 0.012866870777027029
0 0.16528980152027029 0.49273516680743246 0.010557432432432429 0.016825907939189255
0 0.18904402449324326 0.4811879750844595 0.0098975929054054 0.01220703125
0 0.19745697846283783 0.4783836570945946 0.008907833614864885 0.013196790540540515
0 0.16875395903716217 0.42625633445945943 0.008907833614864857 0.015176309121621656
0 0.2037254539695946 0.4363188872466216 0.009567673141891886 0.013526710304054057
0 0.19283810177364866 0.43829840582770274 0.008907833614864857 0.015506228885135143
0 0.1738677153716216 0.4435771220439189 0.011217271959459457 0.01616606841216217
0 0.1659496410472973 0.4458865603885135 0.012536951013513514 0.012866870777027029
0 0.15737172719594594 0.4486908783783784 0.010557432432432429 0.013856630067567544
0 0.14928869298986486 0.45166015625 0.008247994087837829 0.01319679054054057
0 0.2593169341216216 0.5849477407094594 0.01583614864864863 0.010557432432432456
0 0.12899862753378377 0.7000897381756757 0.012536951013513514 0.016495988175675658
0 0.10507944467905406 0.7065231735641893 0.010227512668918914 0.014846389358108003
0 0.12240023226351351 0.7329167546452703 0.009897592905405414 0.015506228885135087
0 0.10969832136824326 0.7254935599662162 0.007588154560810814 0.016495988175675658
0 0.07291226773648649 0.8348619615709459 0.009237753378378372 0.012866870777026973
0 0.06054027660472973 0.8883089632601352 0.01220703125 0.014846389358108114
0 0.2250434027777778 0.7445746527777778 0.01171875 0.01171875
0 0.0750067060085837 0.41994702253218885 0.013412017167381982 0.00922076180257514
2 0.6518494106699751 0.13400473014888337 0.016477977667493704 0.014054745657568257
2 0.6588767834987592 0.12721968052109178 0.016962624069478904 0.018901209677419345
2 0.6673580955334988 0.12019230769230768 0.013570099255583057 0.020355148883374682
2 0.6906211228287841 0.0937790787841191 0.018416563275434283 0.015024038461538464
2 0.6974061724565757 0.08675170595533499 0.012600806451612878 0.01453939205955336
2 0.7046758684863523 0.08093594913151364 0.02035514888337464 0.016477977667493787
2 0.7085530397022333 0.06760817307692307 0.026170905707196046 0.02956343052109181
2 0.718488290942928 0.06130776985111662 0.02180908808933002 0.024716966501240695
2 0.7281812189826302 0.05839989143920595 0.015024038461538547 0.015993331265508684
2 0.7352085918114144 0.04967625620347395 0.017447270471463994 0.018901209677419352
2 0.7456284894540943 0.027140198511166252 0.028594137717121604 0.028109491315136473
2 0.7516865694789081 0.019870502481389576 0.027140198511166225 0.03004807692307692
2 0.7625911135235732 0.014054745657568238 0.024716966501240667 0.02423232009925558
2 0.6176818393300247 0.008965958436724564 0.016962624069478904 0.01502403846153846
2 0.78125 0.005573433622828784 0.014539392059553347 0.010177574441687345
