3 0.08596281047516198 0.2789551835853132 0.032059935205183576 0.03332545896328298
3 0.1163353806695464 0.3002581668466523 0.02531047516198702 0.03543466522678185
3 0.1380602051835853 0.31713181695464365 0.025732316414686845 0.03374730021598271
3 0.1642143628509719 0.34012216522678185 0.029950728941684657 0.03585650647948163
3 0.27340159696691174 0.42706657858455876 0.05349551930147056 0.05564970128676466
3 0.07189310383244206 0.590115307486631 0.046304032976827086 0.03760026737967914
3 0.3183619550858653 0.9490639448480844 0.041281373844121505 0.038959296565389656
3 0.45472207315059443 0.9792961009742405 0.035868353698811084 0.037501548051519173
3 0.17201250814863103 0.8078603732073012 0.061878666883963485 0.06544369295958274
3 0.07715735006518905 0.8450385022816167 0.07843057366362452 0.07766663950456332
3 0.019480321056062583 0.8843811114732725 0.03692348435462842 0.07079123207301175
