3 0.794079350490196 0.4070925245098039 0.04097732843137247 0.03982843137254899
3 0.8557368259803921 0.48311121323529405 0.037913602941176516 0.03944546568627455
3 0.8861825980392155 0.5152803308823529 0.03676470588235292 0.03714767156862747
3 0.9168198529411764 0.5526194852941175 0.03982843137254899 0.0382965686274509
3 0.382335232612782 0.9559739191729322 0.05910773026315791 0.06534891917293228
3 0.44639920112781956 0.9016388627819548 0.06828594924812026 0.07709703947368429
3 0.5086275258458646 0.8421640037593985 0.06571604793233077 0.06902020676691734
3 0.6003196022727273 0.7643821022727273 0.05859375 0.06143465909090906
3 0.6640393587085308 0.7102062351895735 0.06965528732227488 0.07729191350710907
3 0.965188227953411 0.9528390183028286 0.06434588186356072 0.05979617304492513
3 0.8998674084858569 0.861682352329451 0.06369592346089858 0.06467086106489195
3 0.8338966306156406 0.9154664101497505 0.06694571547420958 0.07474521630615649
3 0.7677633631447587 0.9668131239600666 0.06207102745424298 0.0610960898502495
