3 0.026807598039215685 0.26372409759358284 0.05291889483065953 0.06440786541889482
3 0.10723039215686274 0.1960088012477718 0.06754122103386809 0.07380793226381463
3 0.06515625 0.58609375 0.06843750000000001 0.07468750000000002
3 0.22908266129032262 0.4659535902605459 0.04822231699751858 0.049918579404466534
3 0.2843323511166253 0.40416117400744417 0.059853830645161255 0.06445797146401988
3 0.4959200057515337 0.21703053105828218 0.05901313266871161 0.06140960506134968
3 0.6218282585470085 0.10447271189458687 0.05787037037037035 0.06371305199430198
3 0.6709346064814814 0.20908453525641024 0.062043714387464366 0.06148726851851849
3 0.6837412669939578 0.04661537009063444 0.06284223942598188 0.0678578172205438
3 0.7546969410876132 0.1358631514350453 0.04130475830815705 0.04573026812688821
3 0.827570336102719 0.07464359894259819 0.06667768126888207 0.06136706948640483
3 0.8914451944864048 0.021980032099697885 0.05458128776435045 0.042779928247734134
