3 0.08111163606911446 0.02922516198704103 0.08647745680345573 0.05610488660907128
3 0.11907734881209503 0.1119060475161987 0.07804063174946003 0.06369802915766738
3 0.2428263040413534 0.4847641564849624 0.07599565319548873 0.07159010808270666
3 0.21152369687915007 0.6658262782204516 0.06614168326693229 0.07366367861885792
3 0.2521521481001727 0.8665938039723662 0.11030602331606215 0.11199265975820383
3 0.5145034034653465 0.8287438118811881 0.06768254950495045 0.0795615275813295
3 0.6820626570351759 0.7545278475711893 0.06739426298157447 0.0716472989949748
3 0.9616179857621441 0.9285751675041876 0.07033867252931314 0.07295592546063656
3 0.7664893818016929 0.7146500906892382 0.06730841898428053 0.0703786275695284
3 0.9736464707167832 0.5578425480769231 0.04880080856643354 0.06400240384615385
3 0.9597606169871795 0.41336365457459207 0.07657251602564108 0.11467894085081587
3 0.5801518278301887 0.05465064858490565 0.07701945754716977 0.06964917452830188
3 0.7426665683962264 0.030512971698113192 0.07112323113207542 0.0589622641509434
