3 0.1480365652492669 0.4501695381231672 0.06930443548387097 0.07617760263929618
1 0.2974609375 0.35771484375 0.008203125000000033 0.0283203125
1 0.27568359374999996 0.36728515625 0.007617187500000011 0.0224609375
1 0.26904296875 0.371484375 0.007617187499999956 0.023046874999999967
1 0.25546875 0.3783203125 0.007421874999999967 0.023046874999999967
1 0.24736328125 0.382421875 0.007617187499999983 0.02226562500000001
1 0.27353515625 0.31357421875 0.007617187500000011 0.02324218750000001
1 0.31025390625 0.35234374999999996 0.009179687499999978 0.02421875000000001
1 0.33154296875 0.340234375 0.008398437500000022 0.02265624999999999
1 0.3451171875 0.33447265625 0.0078125 0.023242187499999956
1 0.3529296875 0.32841796874999996 0.006640625000000011 0.02949218749999999
1 0.35888671875 0.32900390625 0.008398437500000022 0.02324218750000001
1 0.2306640625 0.33505859375 0.0074218749999999944 0.02128906250000001
1 0.2369140625 0.328515625 0.007031249999999989 0.02226562500000001
1 0.24453125 0.3275390625 0.007031249999999989 0.021875000000000033
1 0.25029296875 0.32587890625 0.0072265625000000056 0.022070312500000022
1 0.25810546874999996 0.31787109375 0.005664062500000011 0.027539062500000044
1 0.26494140624999996 0.3154296875 0.007617187500000011 0.023046875000000022
1 0.230078125 0.6680664062499999 0.02460937499999999 0.012304687500000022
1 0.22734375 0.67578125 0.018750000000000017 0.009765625
1 0.19306640625 0.6802734374999999 0.019726562500000017 0.012109374999999978
1 0.19882812500000002 0.6866210937499999 0.019921875000000006 0.012304687500000022
1 0.16904296875000002 0.691015625 0.018945312500000006 0.012499999999999956
1 0.1794921875 0.6916015625 0.018750000000000017 0.012109374999999978
1 0.14580078125 0.70517578125 0.022070312499999994 0.0146484375
1 0.2791015625 0.64619140625 0.021874999999999978 0.014257812500000022
1 0.30361328125 0.64013671875 0.020117187499999967 0.0126953125
1 0.5616260175945378 0.6948775603991597 0.012925091911764608 0.01682313550420167
1 0.5538299304096639 0.6975446428571428 0.013745732668067223 0.0209263392857143
1 0.7181640625000001 0.2443359375 0.017968749999999978 0.01953125
1 0.08056640625 0.70029296875 0.01933593750000001 0.009960937500000044
1 0.07929687499999999 0.7072265625 0.020312499999999997 0.011328125000000022
1 0.08476562500000001 0.71025390625 0.018359374999999997 0.011523437500000067
1 0.08837890625 0.7125 0.020117187499999994 0.012499999999999956
1 0.08779296875 0.7177734375 0.01816406250000001 0.010937500000000044
1 0.089453125 0.72119140625 0.02187499999999999 0.011914062500000044
1 0.09140625 0.72919921875 0.02578124999999999 0.0126953125
1 0.11201171875 0.6705078125 0.014257812499999994 0.020703125000000044
