3 0.025312739647239263 0.8378666602760736 0.050625479294478526 0.05751533742331294
3 0.10844037576687116 0.7598315279907975 0.058713573619631906 0.06320695935582821
3 0.19366492523006135 0.6816466161809815 0.059612250766871155 0.06919814033742333
3 0.28188506518404904 0.6069066334355828 0.05871357361963192 0.06590299079754602
3 0.36610145739910316 0.5291538210014948 0.05722159940209265 0.059849121823617346
3 0.5870172764227641 0.34041539634146345 0.06065802845528456 0.06605691056910573
3 0.677369156504065 0.26657774390243905 0.0641514227642277 0.06955030487804881
3 0.7674034552845528 0.18940548780487806 0.06510416666666663 0.07336128048780488
3 0.8579141260162602 0.10826346544715448 0.06446900406504064 0.07177337398373983
3 0.3974416729893778 0.744202864188164 0.06698122154779967 0.0640174506828528
3 0.5909076473577236 0.758961085704607 0.06669207317073167 0.06563346883468835
3 0.6758853241563054 0.6802217473357015 0.06556671847246898 0.07423956483126115
3 0.7650421847246891 0.61101243339254 0.06279140763765534 0.07389265097690945
3 0.9509681138676844 0.4574685909669211 0.0909470419847328 0.10883826335877866
3 0.8635941180800941 0.5484255373969376 0.060273115429917534 0.06349381625441697
