3 0.05394071691176469 0.9151826746323529 0.06089154411764705 0.06290211397058831
3 0.11583754595588235 0.8653492647058822 0.06232766544117649 0.07123161764705876
3 0.17586741727941174 0.8122127757352942 0.06290211397058823 0.06950827205882348
3 0.4936237674936386 0.5183484414758269 0.05441913167938928 0.05963740458015265
3 0.5589764233460559 0.4595807490458015 0.06386172073791341 0.0728073314249364
3 0.6245775683842238 0.40217974713740456 0.06684359096692105 0.07081941793893132
3 0.5742521843794579 0.9665475102532097 0.07024563124108418 0.06299872949358054
3 0.8390131452234206 0.21289965331278893 0.06319818952234202 0.06711045839753468
3 0.905521716101695 0.15541939522342066 0.06380007704160251 0.07192555855161788
3 0.9687876179699537 0.09536456327041604 0.05851851406009245 0.07098962345916793
1 0.6660740240863787 0.867983457918051 0.021412998338870337 0.019466362126245862
1 0.6709406146179402 0.8755537098560355 0.020331533776301147 0.019466362126245862
1 0.6777538413621262 0.8827995224252492 0.022278169988925733 0.020547826688815163
1 0.6832693106312293 0.8890720168881507 0.022927048726467336 0.02098041251384275
1 0.6943002491694352 0.9026984703765228 0.02422480620155032 0.02098041251384275
1 0.6998157184385383 0.9097279900332227 0.021845584163898146 0.020331533776301258
1 0.7059800664451827 0.9177308277962348 0.02465739202657813 0.01989894795127345
1 0.60888671875 0.6812499999999999 0.027539062500000044 0.023828124999999978
