3 0.03193421576433123 0.9515824044585988 0.0628234474522293 0.07712977707006374
3 0.23207720588235292 0.6899126838235294 0.058210784313725505 0.06165747549019607
3 0.3073299632352941 0.7787607230392155 0.07544424019607843 0.07314644607843135
3 0.40383731617647056 0.8494178921568627 0.06855085784313725 0.09267769607843135
3 0.5475 0.5603125 0.06125000000000003 0.05812499999999998
3 0.47624999999999995 0.46687500000000004 0.062499999999999944 0.05437500000000001
3 0.38687499999999997 0.36250000000000004 0.065 0.06
3 0.5466844512195121 0.08285696138211385 0.06319867886178854 0.0628810975609756
3 0.6233803353658537 0.1560594512195122 0.06034044715447151 0.06256351626016259
3 0.9557387408088235 0.04451976102941176 0.058162913602941124 0.060317095588235295
