3 0.25456686580882354 0.9301183363970588 0.06002987132352944 0.056583180147058876
3 0.18319163602941177 0.8399299172794117 0.06950827205882354 0.060604319852941235
3 0.0905618106617647 0.73193359375 0.06979549632352941 0.0629021139705882
3 0.025390624999999997 0.6444163602941176 0.05078124999999999 0.06617647058823528
3 0.3315770348837209 0.5836664244186047 0.07007890365448505 0.07375588316722037
3 0.3946264188815061 0.5275384136212625 0.05775020764119598 0.06661821705426357
3 0.547297431615776 0.3926129134860051 0.06734056933842236 0.07554071246819338
3 0.6348898695928753 0.3132206186386768 0.05963740458015265 0.06684359096692111
3 0.6986328125 0.25693359375 0.059765625000000044 0.06660156249999999
3 0.46989305025445294 0.7419887086513994 0.057649491094147576 0.06460718829516543
3 0.5269213183842238 0.6830967716284987 0.06833452608142493 0.07802560432569972
3 0.6000539374325782 0.8932333805285868 0.05098772923408845 0.054148125674217895
3 0.6627351334951457 0.8368729773462784 0.06173307713052856 0.06742179072276155
3 0.7531446866710876 0.758584424734748 0.06035518899204251 0.06605396220159154
3 0.6177988229442971 0.6066603116710876 0.07045755968169765 0.07304791114058362
3 0.6804853282493368 0.5503201674403183 0.06061422413793105 0.06553589190981435
3 0.8173905019685039 0.7023560531496063 0.049520177165354284 0.04828986220472442
3 0.9681146128005658 0.5660250176803394 0.05276476308345124 0.05801361386138615
3 0.7736308787128713 0.4736176184582744 0.04889718882602545 0.0511072312588402
3 0.8353739391796322 0.4146371110325318 0.06574876237623761 0.07679897454031115
1 0.40634783094812166 0.7097984682468694 0.026554114490160985 0.0171204159212881
1 0.49509447674418605 0.6465577482110912 0.02375894454382821 0.020614378354203877
1 0.5178052325581395 0.627166256708408 0.026554114490160985 0.022361359570661876
1 0.7126266891891891 0.1662795608108108 0.0244140625 0.0244140625
