3 0.7968448525358324 0.3454942461411246 0.045867213340683666 0.03553093991179712
3 0.15771861218302097 0.868983427508269 0.07515332138919514 0.0682624724366041
3 0.1885120934399118 0.9589951419514884 0.06438636990077179 0.06438636990077184
3 0.40560330440587455 0.8666346795727636 0.06701643858477974 0.0638872663551402
3 0.42255298731642194 0.754245243658211 0.046676819092122845 0.036246244993324406
3 0.3517554656208278 0.7310372162883845 0.037028538050734305 0.03676777369826434
3 0.2942569259012016 0.6581535797730307 0.06753796728971961 0.07040637516688919
3 0.14156053046218486 0.7943802521008404 0.06606158088235295 0.07385766806722693
3 0.6611740757042253 0.6925341109154929 0.04043794014084512 0.039337588028169
3 0.930210167253521 0.8801441461267605 0.038237235915492884 0.038787411971831
3 0.9519421214788731 0.8359925176056338 0.038237235915492995 0.03631161971830987
3 0.9688600352112675 0.7901903609154929 0.038512323943662 0.03548635563380276
3 0.9831783670774648 0.7477305237676056 0.02973701584507049 0.03969520246478875
3 0.82529296875 0.72783203125 0.049023437500000044 0.04121093749999993
