3 0.31226748511904756 0.6591796875 0.10184151785714285 0.10928199404761907
3 0.43131510416666663 0.6047712053571428 0.06091889880952378 0.07021949404761907
3 0.4966517857142857 0.5494326636904762 0.06603422619047622 0.06928943452380953
3 0.45135073260073255 0.9589486034798536 0.057949862637362626 0.0643887362637362
3 0.5175280448717949 0.9061856112637363 0.056519001831501936 0.0611692994505495
3 0.593848988791423 0.8361811647173489 0.060916179337231924 0.06586561890838216
3 0.6568591617933723 0.7779300682261209 0.06662707115009747 0.07728740253411304
3 0.769109987745098 0.9771615677521008 0.06334252450980393 0.04177061449579833
3 0.8397478518821604 0.9425186681669393 0.06904664484451717 0.07895611702127658
3 0.8980858735679214 0.8814635331423895 0.057858531096563026 0.06041581423895259
3 0.737420029527559 0.7089689960629921 0.06120816929133854 0.06520669291338577
3 0.8842888779527558 0.5773252952755905 0.05967027559055116 0.06705216535433078
3 0.5925692826231692 0.21988910619174434 0.06371712716378164 0.06735810585885485
3 0.8532437411221591 0.25898326526988635 0.0701904296875 0.0768488103693182
3 0.8673928000710227 0.15203302556818182 0.056318803267045414 0.06491921164772727
