3 0.5680471334068358 0.21596781973539142 0.03316221058434399 0.039191703417861073
3 0.572265625 0.37812500000000004 0.03476562499999991 0.04023437499999999
3 0.49199218749999996 0.8755859374999999 0.039062499999999944 0.04531249999999998
3 0.4234375 0.876171875 0.037109375 0.03242187499999993
3 0.3787109375 0.96474609375 0.04843750000000002 0.037304687500000044
3 0.4029296875 0.92119140625 0.03984375000000001 0.0361328125
3 0.454971181556196 0.6770195425072045 0.047843119596541805 0.03940021613832856
3 0.8990679034582132 0.6939053494236311 0.04221451729106629 0.03940021613832856
3 0.9798828125 0.568359375 0.036328125000000044 0.0390625
3 0.3599609375 0.809375 0.03867187499999997 0.04062500000000002
3 0.29892578125 0.8121093749999999 0.03847656250000003 0.03749999999999998
3 0.27939453125 0.8595703125 0.03691406250000001 0.03867187500000002
3 0.2568359375 0.9024414062499999 0.03984374999999998 0.03847656249999998
3 0.2349609375 0.94609375 0.03984375000000001 0.03671875000000002
3 0.05125941619585691 0.9708097928436911 0.04082803672316383 0.04009239642184559
3 0.134375 0.790234375 0.04062500000000001 0.03359374999999998
3 0.15234375 0.7457031249999999 0.044921875 0.03945312499999998
3 0.05029296875 0.66328125 0.040429687500000006 0.04218749999999993
3 0.016015625000000002 0.70322265625 0.031640625 0.0380859375
