3 0.03210330703883496 0.49537792020631066 0.036739608616504854 0.02749544902912615
3 0.051539745145631075 0.47677108616504854 0.03626554915048543 0.032947132888349495
3 0.09515321601941748 0.4555569250606796 0.06091664138349516 0.07110891990291263
3 0.04632509101941749 0.4267578125 0.03436931128640776 0.046694857402912626
3 0.054858161407767 0.40068454186893204 0.028206538228155338 0.0244140625
3 0.07785004550970875 0.39748464047330095 0.04527267900485436 0.03460634101941751
3 0.03885865442961166 0.37034473604368934 0.04219129247572815 0.0372136680825243
3 0.06374677639563109 0.3378716626213592 0.030813865291262135 0.03768772754854366
3 0.0883978686286408 0.34557512894417475 0.027969508495145637 0.027495449029126262
3 0.03423657463592234 0.3295756219660194 0.031050895024271843 0.036739608616504826
3 0.016696374393203896 0.29520631067961167 0.020621586771844662 0.03531743021844663
