3 0.042100694444444434 0.8128100198412699 0.05704365079365079 0.038442460317460236
3 0.10782490079365079 0.8180803571428572 0.04960317460317461 0.03658234126984128
3 0.17292906746031744 0.8162202380952381 0.04588293650793651 0.03658234126984128
3 0.23772321428571425 0.8230406746031746 0.04898313492063486 0.03658234126984128
3 0.2994171626984127 0.8264508928571429 0.04588293650793651 0.038442460317460236
3 0.15339781746031744 0.9051959325396826 0.04526289682539683 0.03472222222222221
3 0.20362103174603174 0.9095362103174603 0.03534226190476192 0.038442460317460236
3 0.23400297619047616 0.9213169642857144 0.041542658730158694 0.033482142857142905
3 0.5071304563492064 0.8345114087301588 0.040922619047619124 0.033482142857142905
3 0.5725446428571429 0.8431919642857143 0.04774305555555558 0.033482142857142794
3 0.6345486111111112 0.8459821428571429 0.04402281746031744 0.031622023809523725
3 0.6999627976190477 0.8466021825396826 0.03968253968253965 0.03038194444444442
3 0.7641369047619049 0.8552827380952381 0.046502976190476164 0.03658234126984128
3 0.8683035714285714 0.8723338293650794 0.05890376984126988 0.06944444444444442
3 0.7712673611111112 0.7086433531746033 0.042162698412698374 0.033482142857142905
3 0.707093253968254 0.7043030753968254 0.04774305555555547 0.029761904761904767
3 0.5183293269230769 0.6944444444444444 0.03728187321937315 0.031160968660968624
3 0.2990896545584045 0.679142183048433 0.048410790598290565 0.033943198005698005
3 0.23565482549857547 0.6724648326210825 0.04618500712250714 0.03283030626780625
3 0.1713853276353276 0.6691261574074074 0.04896723646723647 0.033943198005698005
3 0.10790588556851312 0.6653721756559766 0.046123360058309054 0.031318330903790104
3 0.04185267857142857 0.6605320699708455 0.03815142128279883 0.02733236151603502
3 0.5561061682595574 0.9881888990191148 0.036225163480885336 0.01971595196177056
