3 0.4196784949376947 0.08274922118380061 0.12321115654205606 0.13203368380062305
3 0.42363342095015577 0.2590476538161994 0.12138580607476634 0.12747030763239875
3 0.441886925623053 0.42834890965732086 0.12564495716510904 0.1326421339563863
3 0.4873685747663551 0.7655824084890965 0.13629283489096572 0.12747030763239875
3 0.46744183216510904 0.9534413940809969 0.04654643691588789 0.037723909657320864
3 0.39442781347352024 0.954962519470405 0.04350418613707163 0.02616335669781933
3 0.8174520881006865 0.8292959811212814 0.0643592677345537 0.062124570938214996
3 0.8286255720823799 0.9204716104118993 0.06346538901601828 0.06212457093821511
1 0.3296875 0.76005859375 0.013281249999999967 0.0458984375
1 0.3478515625 0.8166015625 0.029687499999999978 0.010937499999999933
