3 0.6131717289719626 0.3197466413551402 0.05658586448598135 0.05749853971962615
3 0.6410083235981308 0.3872846086448598 0.03741968457943934 0.041070385514018704
3 0.574383031542056 0.42516063084112143 0.03924503504672905 0.03833235981308408
3 0.6510477511682242 0.4420451226635514 0.03924503504672894 0.03741968457943923
3 0.5807717581775701 0.47307608060747663 0.04654643691588789 0.03924503504672899
3 0.7998138142523363 0.30194947429906543 0.0666252920560747 0.0657126168224299
3 0.8230870327102804 0.3968676985981308 0.06936331775700932 0.06206191588785048
3 0.9444728387850467 0.3398254964953271 0.04563376168224298 0.03741968457943928
3 0.9180052570093458 0.1928847838785047 0.06206191588785048 0.06297459112149534
3 0.9735415449766355 0.46506279205607476 0.04901066004672905 0.05424941588785048
3 0.7642194801401869 0.12489047897196265 0.06114924065420568 0.07118866822429905
3 0.8892559871495327 0.06191588785046732 0.03559433411214952 0.040157710280373834
3 0.7427716121495327 0.02723422897196264 0.0638872663551402 0.05293516355140186
3 0.3219345868644068 0.6107653601694916 0.04303495762711862 0.03806938559322037
3 0.2871755826271186 0.6873179290254238 0.04137976694915252 0.03724179025423724
3 0.6618402164310954 0.7753699204946995 0.038648409893992985 0.04347946113074197
