3 0.6609224089895989 0.11750092867756318 0.09664050891530451 0.07661589895988113
3 0.6533988864942528 0.550915948275862 0.08149245689655171 0.0700431034482758
3 0.6457913306451613 0.7569671959005375 0.044627856182795744 0.04069010416666663
3 0.6518292170698925 0.8690618699596774 0.08558047715053763 0.06904191868279574
3 0.9441034226190474 0.8946634163533833 0.06388040413533835 0.06534891917293228
3 0.9434915413533834 0.7070606203007519 0.08027882205513781 0.07244674185463651
1 0.3576362423780488 0.9193978658536586 0.04168254573170732 0.010480182926829285
1 0.35680259146341464 0.9285680259146343 0.04334984756097565 0.008812881097561065
1 0.3565644054878049 0.9386909298780488 0.042397103658536606 0.01000381097560965
1 0.35739805640243905 0.948337461890244 0.043111661585365835 0.009765625
