3 0.6751685049019607 0.940563725490196 0.08195465686274506 0.07352941176470584
3 0.8471200980392156 0.8147594975490196 0.06663602941176472 0.07161458333333337
3 0.6543345558681671 0.4404956290192926 0.06719754823151125 0.07975783762057875
3 0.7289249005305041 0.4047424154509284 0.059060013262599464 0.07641536803713528
3 0.8057288212864722 0.3686070125994695 0.06864431366047752 0.07822861405835546
3 0.8835688826259946 0.33221257460212206 0.06993948938992045 0.07745150862068967
1 0.21138472719141324 0.013277057245080501 0.042626341681574254 0.011180679785330949
1 0.29925788237924866 0.03598781305903399 0.015722830948121658 0.04122875670840787
1 0.21173412343470482 0.02358424642218247 0.044023926654740614 0.010132491055456175
1 0.21452929338103757 0.035813114937388195 0.041228756708407865 0.011530076028622539
1 0.214179897137746 0.06586119186046512 0.04332513416815742 0.010831283542039355
1 0.21522808586762077 0.07442139982110912 0.04192754919499106 0.009783094812164578
1 0.21872204830053665 0.08158402280858676 0.039831171735241505 0.010132491055456175
1 0.23741934463562753 0.10220299848178137 0.039932312753036464 0.011465713562753027
1 0.48609491604477606 0.22992945429104478 0.00947411380597013 0.0320662313432836
1 0.4944758628731343 0.2301116487873134 0.008745335820895483 0.030244286380597007
1 0.47826055270522383 0.22573898087686567 0.009109724813432807 0.022227728544776115
