2 0.790264423076923 0.42142427884615385 0.02253605769230771 0.036057692307692346
2 0.6179120463709677 0.539157006048387 0.01921622983870963 0.023626512096774133
2 0.6349231350806451 0.9031628024193548 0.019216229838709742 0.018271169354838634
2 0.7006290293696276 0.687197797277937 0.02238538681948421 0.025743194842406947
2 0.5730323244985673 0.769184276504298 0.02350465616045838 0.029660637535816603
2 0.7610695737822349 0.8841892012893983 0.025743194842406947 0.02798173352435529
2 0.4616650250716332 0.8813910279369628 0.02014684813753581 0.030220272206303744
2 0.31839854942693413 0.8962213467048711 0.017908309455587412 0.026302829512893977
2 0.3139214720630373 0.740363090974212 0.019027578796561584 0.03805515759312317
2 0.4339631088825215 0.6410279369627507 0.0162294054441261 0.030779906876790886
2 0.22130193409742122 0.6497022743553009 0.010633058739255019 0.023504656160458492
2 0.18436604584527222 0.7680650071633237 0.012871597421203446 0.024064290830945523
2 0.10014102793696278 0.6737665651862463 0.012311962750716332 0.025743194842406836
2 0.1440649634009009 0.5417282516891891 0.014516469594594572 0.0285930461711712
2 0.03123240427927928 0.5727407094594594 0.014076576576576575 0.027273367117117142
2 0.18255560247747746 0.42889569256756754 0.0193552927927928 0.022874436936936915
2 0.15572212837837837 0.881765554617117 0.02375422297297297 0.0294728322072072
2 0.11289414414414414 0.989284206081081 0.016399211711711714 0.01752533783783794
2 0.005498662725225224 0.7913675394144144 0.008357967342342341 0.03255208333333337
2 0.007918074324324323 0.686013161599099 0.014076576576576575 0.0294728322072072
2 0.33027429039301315 0.5509603575327511 0.01919009279475986 0.03496861353711789
2 0.2880560862445415 0.4025569732532751 0.016631413755458513 0.026439683406113523
2 0.45628923307860264 0.4675900655021834 0.022175218340611313 0.03198348799126638
2 0.8882737559952039 0.7580654226618706 0.02014013788968816 0.022950389688249362
2 0.1517003139602804 0.2265396831191589 0.009126752336448607 0.01551547897196262
