3 0.6283321325648414 0.5219515489913544 0.03546019452449567 0.032083033141210304
3 0.54249594740634 0.32889048991354464 0.03714877521613835 0.02870587175792505
3 0.5666989373198847 0.2703530259365994 0.03602305475504319 0.034334474063400566
3 0.5911833573487031 0.21997703530259366 0.032083033141210415 0.030394452449567705
3 0.687713886887608 0.2635987031700288 0.028143011527377526 0.027580151296829974
3 0.6646366174351586 0.31228611311239196 0.03602305475504319 0.03377161383285304
3 0.79296875 0.2855502521613833 0.024765850144092272 0.020825828530259327
3 0.7769272334293948 0.31819614553314124 0.01519722622478381 0.017448667146974073
3 0.924396613832853 0.30384320965417866 0.014071505763688763 0.018011527377521652
3 0.8312432456772334 0.20309122838616717 0.023640129682997113 0.02251440922190201
3 0.7318984149855907 0.15215237752161387 0.024202989913544637 0.02307726945244956
3 0.7293655439481268 0.12935653818443807 0.021388688760806907 0.020262968299711817
3 0.7448442002881844 0.11444074207492798 0.02983159221902021 0.028705871757925078
3 0.7797415345821326 0.12569794668587897 0.03433447406340051 0.028705871757925078
3 0.7625742975504323 0.16143957132564843 0.03377161383285299 0.028143011527377526
3 0.8475661923631124 0.1653795929394813 0.03264589337175794 0.03827449567723343
3 0.879367795389049 0.17382249639769454 0.030957312680115256 0.03264589337175791
3 0.8588233969740633 0.21125270172910665 0.0337716138328531 0.03320875360230546
3 0.9207380223342939 0.19436689481268013 0.03152017291066289 0.03658591498559077
3 0.9345280979827089 0.25459293948126804 0.015197226224783922 0.021951548991354458
3 0.946911023054755 0.22813850864553314 0.014071505763688763 0.01857438760806915
3 0.9573239373198846 0.2084384005763689 0.014634365994236287 0.01970010806916428
3 0.966892561239193 0.1878940021613833 0.01801152737752154 0.021388688760806907
3 0.9792754863112392 0.16903818443804036 0.011257204610951033 0.01632294668587897
3 0.7507542327089336 0.5135086455331412 0.024765850144092272 0.02307726945244959
3 0.7724243515850144 0.5272987211815562 0.02307726945244959 0.022514409221902065
3 0.8064773955331412 0.5365859149855907 0.021388688760806907 0.027580151296830002
3 0.8261775036023054 0.5070357528818443 0.016885806916426493 0.0191372478386167
3 0.6153449292452831 0.17091686320754718 0.030955188679245293 0.027270047169811323
