3 0.2446064003006012 0.10634158942885774 0.041097820641282534 0.038945077655310634
3 0.19519116357715433 0.20693339804609218 0.04990449649298595 0.04246774799599198
3 0.4602721067134269 0.10242751127254511 0.04422908316633262 0.04481619488977956
3 0.4800382014028056 0.205465618737475 0.04814316132264529 0.041880636272545096
3 0.4360048221442886 0.30194764529058116 0.05636272545090182 0.045403306613226446
3 0.43590697019038077 0.3566468875250501 0.04833886523046094 0.04011930110220441
3 0.7610690130260521 0.37533661072144286 0.04344626753507019 0.0454033066132265
3 0.7399329909819639 0.41252035320641284 0.03718374248497003 0.0426634519038076
3 0.8372956851202404 0.408214867234469 0.035813815130260496 0.04853456913827653
3 0.6116490794088176 0.43835326903807614 0.04599041833667328 0.04618612224448898
3 0.8065429687500001 0.4681640625 0.07285156250000002 0.06367187499999999
3 0.79931640625 0.5537109375 0.07050781250000004 0.0625
3 0.84638671875 0.59228515625 0.04082031250000007 0.042773437499999956
3 0.92900390625 0.61865234375 0.06894531250000002 0.07792968749999996
3 0.06787109375 0.162109375 0.042382812500000006 0.03398437500000001
