3 0.2331854076673866 0.02880332073434124 0.046402537796976256 0.040074919006479484
3 0.17391671166306694 0.10747671436285094 0.05104279157667385 0.04049676025917924
3 0.11591353941684665 0.1880483936285097 0.05062095032397408 0.039653077753779686
3 0.05137545469576722 0.2645140955687831 0.035135582010582006 0.029451884920634913
3 0.01830667162698416 0.3205760168650794 0.034618882275132275 0.032552083333333315
3 0.49144716334164595 0.24755007013715713 0.025814370324189595 0.026544965710723206
3 0.47780938279301743 0.27019852711970077 0.01802135286783041 0.015829566708229437
3 0.46599809071072323 0.297352322319202 0.015342503117206974 0.014611907730673335
3 0.48414120947630923 0.31439954800498754 0.018995480049875335 0.019969607231920206
3 0.5112950046758105 0.29869174719451375 0.017290757481296715 0.015829566708229437
3 0.5319952072942644 0.28152275561097256 0.019239011845386567 0.022891988778054873
3 0.5487989011845387 0.2631361050498753 0.02362258416458851 0.025570838528678308
3 0.31878855757931845 0.6357410399529966 0.0459018801410106 0.04681991774383076
3 0.29595189419225637 0.75972129506008 0.018253504672897214 0.020078855140186924
3 0.308984375 0.90107421875 0.024999999999999967 0.026757812499999978
3 0.223828125 0.924609375 0.021484375 0.01953125
3 0.198046875 0.9359375 0.021875000000000006 0.012499999999999956
