3 0.4306449142156862 0.10665594362745097 0.029488357843137247 0.027956495098039214
3 0.393688725490196 0.14667585784313725 0.02527573529411764 0.022212009803921573
3 0.3529028799019608 0.18573835784313725 0.023360906862745112 0.02297794117647059
3 0.5196844362745098 0.18267463235294115 0.02374387254901955 0.02527573529411764
3 0.3852286653297683 0.34397281639928695 0.04351882798573975 0.040385472370766506
3 0.2149975393700787 0.5331877460629921 0.04183070866141733 0.040907972440944795
3 0.09953148079763663 0.6505608382570163 0.04558253323485967 0.04327455686853765
3 0.24481558553386912 0.9052005597014925 0.03139351320321468 0.032290470723306486
3 0.21387055109070036 0.9090126291618829 0.030945034443168762 0.030945034443168762
3 0.16678028128587832 0.9037430037313432 0.05516288748564868 0.04821146670493681
3 0.07899056400688867 0.8806463475889781 0.035654061423650976 0.04731450918484492
