3 0.1937732822847682 0.2535182119205298 0.13581332781456953 0.13581332781456956
3 0.20573778973509932 0.4051764279801324 0.08730856788079469 0.08084126655629137
3 0.1957134726821192 0.5115635347682119 0.10088990066225162 0.08019453642384106
3 0.23063689983443708 0.6360590852649006 0.0931291390728477 0.07178704470198671
3 0.22255277317880795 0.7405060016556291 0.08730856788079475 0.08278145695364236
3 0.2545659147350994 0.8381622516556291 0.09700951986754972 0.07760761589403964
1 0.8328125 0.78388671875 0.009765625 0.0244140625
1 0.819140625 0.78828125 0.010156249999999978 0.0234375
1 0.81025390625 0.79072265625 0.010351562500000022 0.024023437500000022
1 0.85810546875 0.84541015625 0.0107421875 0.023632812499999933
1 0.83447265625 0.8478515625 0.0126953125 0.023828124999999978
