3 0.6571974917309812 0.1626714098676957 0.07020052370452046 0.08290552646085997
3 0.497265625 0.6385742187500001 0.06367187499999993 0.07480468750000002
3 0.56796875 0.58359375 0.06367187500000004 0.0703125
3 0.66220703125 0.531640625 0.06660156250000004 0.06562499999999999
3 0.88603515625 0.6212890625 0.05996093749999998 0.05820312500000002
3 0.6424022638130968 0.9769102255286494 0.07457047237380632 0.042273298942701265
1 0.6532329776422764 0.05919715447154474 0.017149390243902385 0.02699441056910569
1 0.6799098069105691 0.07094766260162604 0.01778455284552849 0.026359247967479675
1 0.7029344512195121 0.08126905487804881 0.013655995934959364 0.0235010162601626
1 0.7127794715447154 0.08222179878048783 0.014291158536585469 0.02413617886178862
1 0.7218305386178862 0.08666793699186995 0.015879065040650397 0.0235010162601626
1 0.5538300304878049 0.16860391260162605 0.015879065040650397 0.024771341463414615
