3 0.3208379272326351 0.06566117695700112 0.10637748070562292 0.1158523980154355
3 0.59970703125 0.21035156249999998 0.060742187500000044 0.0796875
3 0.23157448743386244 0.6528139467592593 0.07259631283068779 0.06665426587301582
3 0.20664372519841273 0.7378110532407407 0.06355406746031747 0.0516699735449736
3 0.3504154265873016 0.7605458416005291 0.06329571759259262 0.07388806216931221
3 0.49434859664351855 0.833545826099537 0.06917317708333337 0.06261754918981477
3 0.44426359953703703 0.9653591579861112 0.08022280092592593 0.06537543402777779
3 0.16419089759797723 0.8364263985461442 0.06765565739570165 0.047161425410872315
1 0.5974895198170732 0.809594131097561 0.015958460365853577 0.023342225609756073
1 0.6831173780487805 0.7030059070121952 0.02620045731707321 0.017387576219512257
1 0.5960604039634148 0.630954649390244 0.024056783536585358 0.013814786585365835
