3 0.294921875 0.5939223345588235 0.048828125 0.06606158088235303
3 0.22297219669117646 0.5588809742647058 0.06117876838235292 0.08501838235294112
3 0.11023667279411764 0.5363338694852942 0.06204044117647062 0.07209329044117652
3 0.022346047794117634 0.4727136948529411 0.044232536764705885 0.07065716911764697
3 0.3033203125 0.23896484375 0.08203125 0.0654296875
3 0.3822265625 0.07802734375 0.07109375000000001 0.06191406249999999
3 0.058007812500000006 0.094921875 0.06640625 0.051171875000000006
3 0.08349609375 0.022167968750000003 0.0712890625 0.0439453125
1 0.4865771812080537 0.17001363255033558 0.025692114093959717 0.015467701342281898
1 0.4830379614093959 0.1786650587248322 0.02542994966442952 0.013370385906040283
1 0.4750419463087248 0.1963611577181208 0.02621644295302017 0.016254194630872493
1 0.4679635067114094 0.2144505033557047 0.025692114093959717 0.016254194630872493
1 0.46193372483221473 0.2216600251677852 0.02516778523489932 0.01651635906040269
1 0.46009857382550334 0.23096686241610737 0.02621644295302017 0.014681208053691275
1 0.4526268875838926 0.24931837248322147 0.024381291946308725 0.014681208053691247
