3 0.2951396333619211 0.09195433104631219 0.15812607204116638 0.13434015866209262
3 0.3189255467409948 0.2927945433104631 0.16415630360205832 0.1373552744425386
3 0.33651372212692965 0.4797317216981132 0.14104041595197253 0.1306550171526586
3 0.36415228344768436 0.6306550171526586 0.10519403945111488 0.08408822898799306
1 0.92275390625 0.5470703125 0.023632812500000044 0.009375000000000022
1 0.865625 0.5275390625 0.024218749999999956 0.009375000000000022
1 0.864453125 0.51875 0.024218750000000067 0.009765625
1 0.86318359375 0.5095703125 0.0224609375 0.010156249999999978
1 0.8544921875 0.452734375 0.01953125 0.010156250000000033
1 0.8548828125 0.459765625 0.01953125 0.0078125
1 0.8580078125 0.47841796875 0.020703125000000044 0.0107421875
1 0.859375 0.48554687500000004 0.020703125000000044 0.008984374999999989
1 0.86044921875 0.49248046874999996 0.017773437500000044 0.009570312500000011
1 0.85078125 0.418359375 0.018749999999999933 0.008593750000000011
1 0.921484375 0.50107421875 0.025390625 0.008007812500000044
1 0.92373046875 0.5103515624999999 0.023242187499999956 0.010156249999999978
1 0.9244140624999999 0.52021484375 0.023828124999999978 0.0087890625
1 0.92158203125 0.53046875 0.025585937499999933 0.009375000000000022
1 0.8431640625 0.35722656249999996 0.01953125 0.010546875000000011
1 0.8453125 0.37626953124999996 0.018359374999999956 0.009570312500000011
1 0.825390625 0.1099609375 0.04140624999999998 0.015234375000000008
1 0.8155273437499999 0.12412109375 0.020898437499999978 0.0087890625
1 0.8125 0.09384765625 0.01992187500000009 0.009179687499999992
1 0.9738653273809523 0.8903924851190476 0.009998139880952328 0.023484002976190466
1 0.8733026413690476 0.10635230654761907 0.01953125 0.012788318452380945
1 0.8765578497023809 0.12088448660714288 0.020461309523809534 0.01255580357142859
1 0.87841796875 0.1379743303571429 0.021856398809523836 0.013253348214285726
1 0.8738839285714286 0.0913550967261905 0.01929873511904756 0.012555803571428575
