3 0.68359375 0.38505459001782527 0.06510416666666663 0.06823752228163993
3 0.7697610294117647 0.33213569518716574 0.05431149732620322 0.06127450980392157
3 0.8284244095365418 0.27590936942959 0.05605225044563289 0.06440786541889484
3 0.8945730280748663 0.21550523618538323 0.05883745543672014 0.05082999108734404
3 0.9473178475935828 0.1286416555258467 0.07798573975044554 0.058141154188948316
3 0.3342245989304813 0.11454155525846701 0.07311163101604273 0.06684491978609625
3 0.35929144385026734 0.19809770499108734 0.06963012477718361 0.06336341354723707
3 0.41029551024955435 0.2865279634581105 0.06231896167557932 0.061970811051693386
1 0.20782520325203252 0.21592352642276424 0.013655995934959336 0.028582317073170715
1 0.3790015243902439 0.4739583333333333 0.019372459349593474 0.023818597560975596
1 0.3856707317073171 0.47840447154471544 0.02127794715447151 0.024453760162601645
1 0.4131415142276423 0.49841209349593496 0.022230691056910556 0.02445376016260159
1 0.42790904471544716 0.5068279979674797 0.02127794715447151 0.0235010162601626
1 0.6117781096813726 0.5388949525122549 0.028243719362745057 0.011249617034313708
1 0.6130945542279411 0.5467936197916667 0.030397901348039214 0.009813495710784381
1 0.6121371400122548 0.5548119638480392 0.027046951593137192 0.010531556372548989
