3 0.3291590073529411 0.1506969975490196 0.12063419117647056 0.11833639705882351
3 0.6251914828431372 0.09401807598039215 0.06778492647058831 0.07161458333333334
3 0.37817861519607837 0.02699908088235294 0.05859375 0.05170036764705881
3 0.42336856617647056 0.7295496323529411 0.0785079656862745 0.060508578431372584
3 0.7134650735294117 0.6458716299019607 0.07352941176470584 0.06318933823529405
3 0.40977328431372545 0.8670343137254901 0.06433823529411764 0.06433823529411764
3 0.3835401348039216 0.9438189338235293 0.06548713235294118 0.06242340686274517
3 0.22943474264705882 0.7101045496323529 0.06548713235294121 0.07668887867647056
3 0.0871151194852941 0.7490234375 0.07841222426470588 0.06376378676470595
3 0.06471162683823528 0.8249942555147058 0.07956112132352941 0.06519990808823528
