3 0.6874895694259011 0.3882624749666222 0.06440879506008013 0.0641480307076101
3 0.8319530206942589 0.43637349799732983 0.06597338117489981 0.06962408210947929
3 0.903663217623498 0.4593207610146863 0.06753796728971961 0.06910255340453941
3 0.8795425150200267 0.6925744742990654 0.09909045393858484 0.08970293724966627
3 0.8037904706275033 0.6601093124165553 0.06180115153538046 0.08631300066755676
3 0.6598485480640854 0.6140844042056075 0.06545185246995999 0.08344459279038718
1 0.7942275747508306 0.1968265503875969 0.025522563676633414 0.014275332225913623
1 0.774436773255814 0.28799401301218164 0.0279017857142857 0.01665455426356588
1 0.8318625415282392 0.3024856381506091 0.025955149501661112 0.02098041251384275
1 0.8442993839977853 0.21283222591362128 0.02573885658914732 0.015140503875968991
1 0.4322781209362809 0.4026891661248374 0.024382314694408325 0.013969034460338092
