3 0.6991886025358324 0.036267399393605314 0.045221196251378215 0.06610908213891951
3 0.7712195079933848 0.06340011714443221 0.06524772601984574 0.07041586273428888
3 0.8475571940463065 0.0819192737045204 0.06632442116868797 0.08247484840132303
3 0.9203417861080485 0.1058219060088203 0.06804713340683566 0.08419756063947077
3 0.9797592078969128 0.13317319287486218 0.036575334206174204 0.06568486425027562
3 0.6508018092105263 0.21104029605263158 0.04913651315789469 0.06969572368421051
3 0.872532894736842 0.2735402960526316 0.0641447368421052 0.07421875
3 0.946546052631579 0.296875 0.06784539473684215 0.07689144736842102
3 0.8301809210526316 0.40511924342105265 0.06537828947368418 0.07010690789473684
3 0.90625 0.4271175986842105 0.06414473684210531 0.07010690789473684
3 0.6825657894736842 0.3607113486842105 0.06332236842105265 0.07134046052631576
3 0.6080386513157894 0.34354440789473684 0.04584703947368418 0.06784539473684215
3 0.756578947368421 0.3829152960526316 0.06578947368421051 0.07175164473684215
3 0.56259765625 0.5389648437500001 0.046679687499999956 0.04746093750000002
3 0.63056640625 0.5455078125 0.06582031249999998 0.064453125
3 0.70810546875 0.5653320312500001 0.06660156250000004 0.07480468750000002
3 0.78173828125 0.58837890625 0.06582031250000009 0.07441406250000004
3 0.85595703125 0.610546875 0.06699218749999991 0.07578125000000002
3 0.79951171875 0.7284179687500001 0.06191406249999998 0.06503906250000002
3 0.69365234375 0.7140625 0.0693359375 0.07343749999999993
3 0.60546875 0.67626953125 0.06914062499999996 0.07441406250000004
3 0.5316406250000001 0.638671875 0.06406250000000002 0.06289062500000009
3 0.4597639837184874 0.8779830291491597 0.04472492121848737 0.0740628282563025
3 0.5241842830882353 0.9007558101365547 0.06729254201680679 0.07488346901260512
3 0.7494501706932774 0.9607364430147058 0.0635996586134453 0.0746208639705882
3 0.6754899225315126 0.9398388261554622 0.06339449842436973 0.07508862920168069
3 0.5983496914390756 0.924964712447479 0.06462545955882348 0.0732421875
3 0.42304851628151263 0.9771492581407564 0.04843421743697479 0.04179523371848737
1 0.3869410569105691 0.7178607723577235 0.021277947154471566 0.01302083333333337
1 0.3853531504065041 0.7264354674796747 0.020642784552845517 0.011115345528455278
1 0.38138338414634143 0.6451346544715447 0.013338414634146367 0.02127794715447151
1 0.38948170731707316 0.6478340955284553 0.011115345528455278 0.01969004065040658
1 0.36137576219512196 0.6397357723577235 0.010162601626016232 0.018737296747967425
1 0.3550241361788618 0.6362423780487805 0.012703252032520318 0.018737296747967536
1 0.29944740853658536 0.5871760670731707 0.011432926829268275 0.018419715447154483
1 0.29103150406504064 0.5843178353658537 0.009845020325203235 0.01778455284552849
1 0.283885924796748 0.5817771849593496 0.012068089430894269 0.016514227642276502
1 0.27419969512195125 0.6300495426829268 0.011115345528455278 0.019054878048780477
1 0.2795985772357724 0.6330665650406504 0.009845020325203235 0.01810213414634143
1 0.2856326219512195 0.6346544715447154 0.008574695121951192 0.018737296747967536
1 0.2921430386178862 0.6370363313008129 0.008892276422764245 0.01969004065040647
1 0.29865345528455284 0.638941819105691 0.011115345528455278 0.01969004065040658
1 0.30627540650406504 0.6418000508130082 0.007304369918699205 0.01778455284552838
1 0.4031377032520325 0.6948361280487805 0.011750508130081272 0.01969004065040658
