3 0.30373938106796117 0.6442325925364077 0.05902040351941745 0.06067961165048552
3 0.5144588137135923 0.8385969736043689 0.06565723604368934 0.07158297936893199
3 0.6198185300364077 0.666039327973301 0.07110891990291268 0.07016080097087374
3 0.5930341702063107 0.5840270403519416 0.058783373786407855 0.058783373786407744
3 0.5539242642597088 0.5109033677184466 0.06494614684466016 0.05854634405339798
3 0.5231103989684466 0.43955741808252424 0.05925743325242716 0.05712416565533979
3 0.48957069174757284 0.3692781022451456 0.06660535497572823 0.06399802791262132
3 0.43754266535194175 0.19612788228155342 0.06257584951456313 0.05712416565533979
3 0.7473405263956311 0.06742073725728157 0.086278822815534 0.09220456614077668
3 0.2681640625 0.023046875 0.05664062500000003 0.04609375
3 0.8676063229830149 0.35973162154989385 0.06779956210191074 0.0642748142250531
3 0.927734375 0.5643743365180467 0.06821423832271756 0.06468949044585992
