3 0.48439157531824606 0.27858137376237624 0.08867795261669026 0.08481037835926444
3 0.5447533592644977 0.3267879243281471 0.07845650636492218 0.08563914427157004
3 0.9149112401832461 0.658755317408377 0.13242392015706805 0.15287549083769636
1 0.96396484375 0.04873046875 0.019335937499999956 0.009570312499999997
1 0.96474609375 0.05693359375 0.019726562500000044 0.009179687499999999
1 0.9658203125 0.06416015624999999 0.020703125000000044 0.009570312499999997
1 0.96611328125 0.0708984375 0.019335937500000067 0.008593749999999997
1 0.65361328125 0.0673828125 0.008007812499999933 0.017968750000000006
1 0.6846679687499999 0.0638671875 0.008398437500000022 0.016796875000000003
1 0.690625 0.0634765625 0.006249999999999978 0.016015625000000006
1 0.69755859375 0.062890625 0.007617187500000067 0.015625000000000007
1 0.70234375 0.0615234375 0.008203124999999978 0.015625
1 0.70966796875 0.061230468749999996 0.006445312500000022 0.015429687499999997
1 0.71533203125 0.060253906249999996 0.006054687500000044 0.015429687499999997
1 0.723046875 0.0583984375 0.0078125 0.013671875
1 0.773046875 0.053515625 0.008593749999999956 0.015625
1 0.7865234375 0.05322265625 0.006640624999999956 0.0166015625
1 0.79326171875 0.05146484375 0.007226562499999978 0.0189453125
1 0.79814453125 0.0505859375 0.007226562499999978 0.01953125
1 0.81142578125 0.04931640625 0.008007812500000044 0.019335937499999997
1 0.8182617187500001 0.048925781249999994 0.007226562499999978 0.015039062499999999
1 0.4580078125 0.09052734374999999 0.007031250000000044 0.017382812499999997
1 0.4626953125 0.12119140625 0.015234375000000022 0.007617187499999997
1 0.472265625 0.08994140625 0.0078125 0.0166015625
1 0.4638671875 0.091015625 0.007421875000000022 0.017578125
1 0.484765625 0.08701171875 0.008203125000000033 0.01621093750000001
1 0.49072265625 0.08837890625 0.008398437500000022 0.016210937499999994
1 0.498046875 0.08681640625 0.0078125 0.01621093750000001
1 0.6017578125 0.07412109375 0.007031249999999933 0.0166015625
1 0.5189453125 0.0837890625 0.006640624999999956 0.015625
1 0.52587890625 0.08427734375000001 0.007617187499999956 0.015429687499999997
1 0.51181640625 0.08525390625 0.0087890625 0.016992187500000006
1 0.50419921875 0.08642578125 0.007617187500000067 0.0146484375
