3 0.9350497870741483 0.2825729584168337 0.06536510521042083 0.05831976452905813
3 0.29804687500000004 0.8013671875 0.06562499999999999 0.05859375
3 0.402734375 0.8166015625 0.06757812499999999 0.06718750000000007
3 0.5015625 0.8228515624999999 0.06523437500000001 0.06679687499999998
3 0.600390625 0.804296875 0.06914062500000007 0.07929687500000004
3 0.75419921875 0.85654296875 0.11542968749999993 0.1083984375
3 0.80458984375 0.96982421875 0.07050781250000004 0.056445312499999956
1 0.11081112132352941 0.6443301930147058 0.025371476715686278 0.02106311274509809
1 0.10446825214460785 0.6576143152573529 0.025610830269607837 0.022259880514705843
1 0.1001598881740196 0.6637178308823529 0.02465341605392156 0.021541819852941124
1 0.09465475643382354 0.6688639322916667 0.022738587622549017 0.01938763786764708
1 0.09010703890931374 0.6738903569240196 0.022738587622549017 0.018908930759803932
1 0.08472158394607844 0.6795151654411764 0.023935355392156854 0.019148284313725505
1 0.08053289675245098 0.6846612668504901 0.022738587622549017 0.01795151654411764
1 0.07598517922794118 0.6914828431372548 0.024174708946078427 0.020105698529411797
1 0.07562614889705882 0.7431832107843137 0.026328890931372542 0.011967677696078427
1 0.07012101715686275 0.7863865272671569 0.02824371936274509 0.012685738357843146
1 0.06916360294117647 0.7953622855392157 0.02776501225490196 0.011488970588235281
1 0.06653071384803923 0.8045773973651961 0.029201133578431376 0.010770909926470562
1 0.06533394607843138 0.8137925091911764 0.02728630514705882 0.011488970588235392
1 0.022130629595588244 0.7138624004289216 0.020823759191176475 0.01795151654411764
1 0.03601313572303923 0.6935173483455883 0.019387637867647058 0.020823759191176516
1 0.04319374234068628 0.6872941559436274 0.020345052083333336 0.017472809436274495
1 0.006572648590686283 0.680352902879902 0.01220703125 0.015079273897058765
1 0.010162951899509812 0.7320532705269608 0.01938763786764706 0.019387637867646967
1 0.006931678921568636 0.7398322610294117 0.01244638480392157 0.017712162990196068
1 0.04103956035539216 0.7576641007965685 0.014600566789215688 0.007898667279411797
1 0.03792796415441177 0.7636479396446079 0.016036688112745095 0.0069412530637255054
1 0.0346966911764706 0.7672382429534315 0.01723345588235294 0.007898667279411797
1 0.03326056985294119 0.773581112132353 0.015318627450980393 0.007659313725490224
1 0.03122606464460785 0.7793255974264706 0.014600566789215688 0.0067018995098039325
1 0.030388327205882363 0.7849504059436274 0.015797334558823532 0.007898667279411797
1 0.02919155943627452 0.791891659007353 0.013403799019607844 0.0069412530637255054
1 0.028114468443627458 0.7977558210784315 0.014121859681372553 0.007659313725490224
1 0.02572093290441177 0.803500306372549 0.014600566789215685 0.007659313725490224
1 0.023925781250000007 0.8093644684436274 0.01340379901960784 0.0059838388480392135
1 0.022250306372549027 0.8160663679534315 0.013403799019607842 0.007419960171568651
1 0.020335477941176478 0.8228879442401961 0.013882506127450981 0.006701899509803821
