3 0.0677734375 0.12236328125000001 0.06328125 0.0685546875
3 0.14423828125 0.116796875 0.0623046875 0.06562499999999999
3 0.21865234375 0.13212890625 0.06464843749999999 0.07207031249999998
3 0.30341796875 0.14248046874999998 0.0615234375 0.0669921875
3 0.37578124999999996 0.15498046875 0.06367187499999999 0.0787109375
3 0.44912109375 0.17138671875 0.06113281249999997 0.06230468750000001
3 0.49931640624999996 0.31953125000000004 0.07246093749999999 0.05742187500000001
3 0.7732487526260504 0.0711905856092437 0.06647190126050417 0.0603170955882353
3 0.8341813287815126 0.21039177389705882 0.057444852941176405 0.0691389837184874
3 0.9728408941701681 0.20982142857142858 0.05041196165966377 0.05691964285714285
1 0.4851077824963072 0.7489383308714919 0.025676237075332398 0.019617799113737067
1 0.5335752861890695 0.7809615029542096 0.023368260709010324 0.01904080502215655
1 0.5409319608567208 0.7760570531757754 0.017309822747415105 0.016155834564254068
1 0.5643002215657311 0.8062049944608567 0.022502769571639547 0.02163727843426888
1 0.5730993814623337 0.8004350535450516 0.02106028434268825 0.01875230797636629
1 0.38186513704318936 0.5859375 0.01795231173864892 0.015140503875968991
1 0.37570078903654486 0.5930751661129569 0.019466362126245862 0.017303433001107482
