3 0.7589326746323529 0.5884650735294117 0.0646254595588236 0.06606158088235292
3 0.02977950841219769 0.43447275893796006 0.05832676130389064 0.07989123291272349
3 0.7809155607876712 0.1115912171803653 0.05194955764840181 0.05997609874429223
3 0.9028743935502284 0.20790971033105024 0.05194955764840181 0.05819242294520549
1 0.35239615091463417 0.6142816310975611 0.02310403963414631 0.02096036585365857
1 0.37061737804878053 0.627024580792683 0.015243902439024404 0.013100228658536661
1 0.36764005335365857 0.6320264862804879 0.01786394817073167 0.01452934451219512
1 0.34810880335365857 0.6213081173780488 0.024056783536585358 0.018340320121951192
1 0.34453601371951226 0.6267863948170732 0.023104039634146367 0.017387576219512146
1 0.33107850609756095 0.6489376905487805 0.02191310975609756 0.01786394817073178
1 0.32440929878048785 0.6541777820121952 0.02191310975609756 0.016911204268292734
