3 0.9597084794589178 0.027472914579158337 0.06732214428857719 0.053427166833667335
3 0.9465963176352705 0.10291677104208419 0.07397607715430854 0.061059619238476956
3 0.9676344877254509 0.2721027993486974 0.05538420591182369 0.052252943386773554
3 0.9757464147044088 0.1905823365480962 0.04460092059118237 0.0524290769038076
1 0.4363517817577548 0.6172394294682422 0.02683022525849338 0.012982367060561328
1 0.43519779357459376 0.6253173467503692 0.02971519571639586 0.011251384785819774
1 0.433178314254062 0.6333952640324962 0.029138201624815396 0.011251384785819774
1 0.42279242060561295 0.6788335487444608 0.02625323116691286 0.01269387001477107
1 0.4177437223042836 0.7131646971935007 0.0276957163958641 0.016732828655834586
1 0.4160127400295421 0.7332152418759231 0.02827271048744462 0.012982367060561328
1 0.40908881093057603 0.7676906388478582 0.02481074593796162 0.01557884047267355
1 0.4066365860413589 0.7896164143279172 0.030292189807976377 0.015001846381093142
