3 0.8123122854691075 0.45476079805491987 0.13721038329519453 0.1336348684210526
3 0.4181117705949657 0.9215889588100686 0.15508795766590389 0.1385512013729977
1 0.37922140392781317 0.12720193073248406 0.012025610403397002 0.02674661624203821
1 0.3904176618895966 0.12689092356687898 0.012440286624203822 0.026124601910828035
1 0.06344546178343949 0.027886975849256902 0.010366905520169854 0.02301453025477707
1 0.06645186438428875 0.05214553476645435 0.010159567409766458 0.021355825371549897
1 0.1902327162951168 0.09527186173036094 0.008915538747346047 0.023429206475583858
1 0.19769688826963908 0.09392416401273886 0.009744891188959659 0.023221868365180476
1 0.20671609607218683 0.09299114251592357 0.008708200636942692 0.022599854033970274
1 0.26269738588110403 0.08428294187898089 0.009122876857749485 0.019282444267515922
1 0.23968285562632696 0.08728934447983014 0.009952229299363069 0.0211484872611465
1 0.2304563097133758 0.08811869692144374 0.00808618630573249 0.020319134819532902
1 0.22205911624203822 0.08863704219745223 0.009122876857749485 0.021355825371549897
1 0.21480228237791932 0.09039941613588111 0.009122876857749485 0.01990445859872611
1 0.2933834262208068 0.1383981886942675 0.009122876857749429 0.026746616242038224
1 0.2852972399150743 0.1395385483014862 0.009537553078556249 0.02570992569002123
1 0.2765890392781316 0.13974588641188962 0.009537553078556249 0.024465897027600852
1 0.2675698314755839 0.14057523885350318 0.010988919851380008 0.02570992569002123
1 0.2588616308386412 0.14223394373673037 0.010159567409766479 0.025295249469214437
1 0.24984242303609344 0.14337430334394904 0.010781581740976681 0.024673235138004235
1 0.24154889861995754 0.14441099389596604 0.009952229299363069 0.026746616242038224
1 0.23418839570063693 0.14575869161358812 0.010574243630573271 0.02570992569002123
1 0.2238214901804671 0.146484375 0.011403596072186828 0.026746616242038224
1 0.21490595143312102 0.1479357417728238 0.009744891188959659 0.02591726380042464
1 0.20681976512738853 0.14897243232484075 0.009330214968152867 0.027161292462845016
1 0.19852624071125263 0.14990545382165604 0.010159567409766451 0.026953954352441606
1 0.1894033638535032 0.15063113720806792 0.012647624734607205 0.027161292462845016
1 0.18059149416135883 0.15135682059447986 0.008293524416135872 0.024465897027600852
1 0.221875 0.64462890625 0.009374999999999994 0.025195312499999956
1 0.21455078125 0.64501953125 0.009570312499999983 0.02597656249999991
1 0.20712890625 0.64501953125 0.009960937499999989 0.02675781250000009
1 0.201171875 0.6449218750000001 0.010546875000000011 0.025781249999999978
1 0.1853515625 0.68271484375 0.024218749999999983 0.009960937500000044
1 0.1873046875 0.6944335937499999 0.023828125000000006 0.011132812499999978
1 0.18857421875000002 0.7080078125 0.022070312499999994 0.009765625
1 0.0142578125 0.07978515624999999 0.010546875 0.023242187499999997
1 0.01708984375 0.10371093749999999 0.0087890625 0.022656250000000003
1 0.01923828125 0.1275390625 0.0107421875 0.022265624999999997
1 0.02197265625 0.15146484375000002 0.010351562500000001 0.020117187499999994
