3 0.632589683600713 0.4571217691622103 0.059881907308377835 0.060578208556149704
3 0.7368607954545454 0.5713151737967914 0.06023005793226388 0.0668449197860963
3 0.8355614973262031 0.675238135026738 0.06197081105169333 0.0658004679144385
3 0.9316510695187166 0.29766878342245984 0.05152629233511585 0.052222593582887666
3 0.5673801802560647 0.8402122641509434 0.052908103099730486 0.06475320080862534
3 0.5177623820754716 0.7851983659029649 0.05317132749326142 0.061068059299191346
3 0.46788135950134774 0.7345276701482479 0.05448744946091644 0.06343707884097027
3 0.28086042789757415 0.640293337264151 0.061594508086253386 0.07028091307277629
3 0.1659629801212938 0.7612449460916442 0.07291315700808623 0.06475320080862534
3 0.21860785882749326 0.9644541778975741 0.0681751179245283 0.06422675202156336
