3 0.7288994761560694 0.3303716582369942 0.11684880780346829 0.10781701589595377
3 0.8197818822254335 0.5736655527456648 0.1326544436416185 0.11571983381502893
3 0.8536511018786128 0.698699421965318 0.11459085982658956 0.10838150289017345
3 0.9021969833815029 0.8186529082369942 0.12813854768786126 0.10668804190751446
3 0.23128712203023755 0.4654090172786177 0.0687601241900648 0.05863593412527002
3 0.2546993115550756 0.5322708558315334 0.06411987041036724 0.06158882289416845
3 0.27726781857451405 0.6008200593952484 0.06538539416846656 0.059479616630669474
3 0.31903010259179265 0.7393949109071274 0.07888431425485959 0.06158882289416845
3 0.3481371490280778 0.8058349082073435 0.07044748920086391 0.059479616630669585
3 0.3728148623110151 0.8741731911447085 0.06496355291576672 0.05863593412527002
3 0.39559428995680346 0.9416677915766739 0.06580723542116629 0.06116698164146861
3 0.05537931965442763 0.9053894438444925 0.10503847192224622 0.10335110691144711
3 0.02936679594272076 0.7719272076372314 0.05873359188544152 0.08576968973747023
