3 0.4175666360294118 0.02148437499999999 0.06721047794117646 0.04136029411764706
3 0.4530388327205882 0.10865693933823528 0.06692325367647062 0.060029871323529424
3 0.4777401194852941 0.18276079963235292 0.06634880514705876 0.06117876838235295
3 0.48678768382352944 0.29822495404411764 0.13269761029411759 0.11058134191176469
3 0.5371955422794118 0.44514016544117646 0.12896369485294118 0.11029411764705876
3 0.65625 0.7323644301470589 0.06606158088235292 0.06089154411764708
3 0.33254825367647056 0.7346622242647058 0.1028262867647059 0.09708180147058831
3 0.28759765625 0.6034007352941176 0.10713465073529413 0.10397518382352944
3 0.2380514705882353 0.47314453125 0.13384650735294118 0.11517693014705871
3 0.20114315257352944 0.3336971507352941 0.10253906250000003 0.10340073529411764
3 0.1564791802477184 0.19747698011734027 0.10364040091264667 0.1031311114732725
3 0.09957627118644068 0.04316227998696219 0.10540254237288135 0.08632455997392438
3 0.052091701478149094 0.5068585314910026 0.1011708708226221 0.11849293059125965
3 0.09740520565552699 0.6392844232005142 0.09790729434447298 0.1122168219794345
3 0.1430952763496144 0.768070171915167 0.10845115681233934 0.12978992609254492
3 0.18803221401028275 0.8959772654241644 0.10192400385604114 0.11497830976863754
3 0.9738200129792333 0.1186975838658147 0.048453724041533475 0.08291733226837061
