3 0.04591783940397351 0.36863617549668876 0.08666183774834438 0.10606374172185429
3 0.14874793046357615 0.4268418874172185 0.09830298013245034 0.11899834437086093
3 0.2923220198675497 0.5005691225165563 0.11641142384105957 0.09830298013245037
3 0.23540976821192056 0.6137468956953642 0.10606374172185432 0.09700951986754969
3 0.6305618791390728 0.4740531870860927 0.11770488410596025 0.09442259933774833
3 0.5697692466887417 0.5995188327814569 0.115117963576159 0.10218336092715241
3 0.45982512417218546 0.25093129139072845 0.10994412251655633 0.12417218543046357
3 0.3699296357615894 0.1946657698675497 0.0620860927152318 0.06337955298013245
3 0.5057429635761589 0.7178704470198676 0.13193294701986752 0.10088990066225167
3 0.3860978890728477 0.9532802152317881 0.12029180463576156 0.08795529801324498
3 0.7961247930463575 0.7941846026490067 0.10477028145695366 0.10347682119205304
3 0.8569174254966887 0.6693656870860927 0.10735720198675491 0.1021833609271523
3 0.671952607615894 0.040097268211920535 0.09183567880794707 0.07760761589403974
3 0.7993584437086093 0.08795529801324503 0.10088990066225167 0.10865066225165564
3 0.9409923427152318 0.1286992963576159 0.06337955298013243 0.06596647350993379
3 0.17517176418439714 0.7334053634751774 0.10943040780141844 0.09003767730496459
3 0.1280751329787234 0.8345246010638299 0.06510416666666669 0.05679299645390068
