3 0.0654940119760479 0.06724831586826348 0.10058008982035928 0.1298184880239521
3 0.050290044910179646 0.38887069610778446 0.08888473053892215 0.12981848802395207
3 0.1608111901197605 0.3426740269461078 0.10642776946107786 0.11695359281437129
3 0.4005660553892216 0.25495883233532934 0.10174962574850299 0.10993637724550898
3 0.966837808757485 0.18150028068862276 0.06241813248502992 0.08231193862275449
3 0.8145817739520959 0.47307728293413176 0.10876684131736525 0.10174962574850305
3 0.8637022829341318 0.5935394835329342 0.13215755988023958 0.10876684131736525
3 0.647338136227545 0.5438342065868264 0.11812312874251496 0.10525823353293412
3 0.36197136976047906 0.6602030314371258 0.1157840568862275 0.10408869760479034
3 0.39530314371257486 0.7830043038922156 0.12630988023952094 0.1157840568862275
3 0.21820068359375 0.670623779296875 0.0640869140625 0.07171630859375
3 0.13885498046875 0.88348388671875 0.115966796875 0.1007080078125
1 0.9485624685613683 0.8200570611167002 0.011200012575452778 0.02731231136820933
1 0.972632671026157 0.8085623113682093 0.011396504024144938 0.024757922535211252
1 0.9361835072937625 0.8260500503018109 0.012378961267605626 0.0279017857142857
