3 0.018533302919708027 0.15539461678832114 0.03421532846715328 0.09124087591240874
3 0.16466126824817517 0.3863480839416058 0.11262545620437954 0.0997947080291971
3 0.24534328817733986 0.6287523091133005 0.11353140394088668 0.09909944581280794
1 0.5644163552048727 0.9383868009413068 0.026604028239202715 0.014491625138427389
1 0.566903723698782 0.9453081741417497 0.02682032115171651 0.013193867663344405
1 0.5699318244739757 0.9546087693798451 0.02638773532668881 0.013193867663344405
1 0.5703644102990033 0.9621790213178295 0.027252906976744096 0.011030938538205914
1 0.5706888496677742 0.9702900055370987 0.0279017857142857 0.012544988925802913
1 0.5724191929678848 0.9803476259689923 0.026171442414174906 0.010598352713178216
1 0.5733925110741971 0.9882423172757476 0.027685492801771905 0.007786544850498345
1 0.5730226501937985 0.9946586465254708 0.028857800387596888 0.006776456949058596
1 0.7965565800803673 0.2395459601033295 0.016817953501722105 0.019957304822043637
1 0.7944263059701492 0.24750645809414468 0.015248277841561464 0.0206300229621125
1 0.7927445106199771 0.25681239236509756 0.012781644661308822 0.019060347301951774
1 0.7789537887485648 0.2444792264638347 0.015696756601607298 0.02354513490241103
1 0.768975136337543 0.22799763203214699 0.011436208381171098 0.014351320321469574
1 0.7532783797359357 0.23876112227324917 0.013678602181400712 0.023320895522388085
1 0.7622479549368542 0.26566984787600456 0.012781644661308933 0.022423938002296195
1 0.7706569316877152 0.28910286308840416 0.01121196900114807 0.02130274110218139
1 0.7815325416188289 0.31455403272101035 0.012333165901262877 0.018387629161882857
1 0.6630342923677885 0.225341796875 0.012911283052884692 0.0239445612980769
1 0.6726590670072116 0.2511643629807692 0.011972280649038547 0.023475060096153827
1 0.6807579627403846 0.2767521784855769 0.013146033653846145 0.023475060096153855
1 0.6895611102764423 0.30398324819711536 0.011972280649038436 0.021127554086538436
1 0.6980121319110577 0.32816256009615385 0.013850285456730838 0.0234750600961538
1 0.7052894005408654 0.35586313100961536 0.010094275841346145 0.025822566105769273
1 0.6835749699519231 0.3676006610576923 0.016902043269230727 0.023475060096153855
1 0.6286433293269231 0.11524376502403849 0.01643254206730771 0.019719050480769232
1 0.6181969275841346 0.09212083082932696 0.014319786658653855 0.022770808293269232
1 0.6071636493389423 0.09388146033653849 0.012911283052884692 0.023005558894230768
1 0.615497295673077 0.11946927584134617 0.012676532451923128 0.022536057692307696
1 0.64495849609375 0.17146653395432693 0.011972280649038436 0.0218318058894231
1 0.9061523437500001 0.42158203125 0.016992187499999978 0.020898437499999978
1 0.88935546875 0.38720703125 0.013476562500000067 0.024023437500000022
1 0.8837890625 0.37861328125000004 0.012890625000000044 0.02167968749999999
1 0.87890625 0.37216796875 0.012109375000000089 0.022070312499999967
