3 0.4946501358695652 0.12472401494565216 0.10190217391304346 0.1114555027173913
3 0.3747027853260869 0.17302139945652173 0.10614809782608697 0.11463994565217389
3 0.24626358695652173 0.19743546195652173 0.059442934782608675 0.07854959239130432
3 0.15762992527173914 0.27280061141304346 0.06475033967391305 0.06793478260869565
3 0.023352581521739132 0.84228515625 0.04458220108695652 0.08597995923913049
3 0.059442934782608696 0.9431258491847825 0.1146399456521739 0.10720957880434778
3 0.3462012904858299 0.83448254048583 0.050607287449392746 0.05456098178137647
3 0.3121995192307692 0.6640783147773279 0.0490258097165992 0.05535172064777327
3 0.5387462044534413 0.7676651062753037 0.049816548582996 0.04744433198380571
3 0.2853143977732794 0.5695850202429149 0.05377024291497973 0.06404984817813764
3 0.5482350708502024 0.5798646255060729 0.04981654858299589 0.05456098178137647
3 0.6668459008097166 0.5391415738866396 0.049816548582996 0.05851467611336025
3 0.728523532388664 0.7000569331983806 0.05297950404858298 0.05139802631578938
3 0.6031914220647774 0.7459197874493928 0.0490258097165992 0.05456098178137647
3 0.708755060728745 0.885485197368421 0.10516826923076916 0.10754048582995945
3 0.8868117559523809 0.10649181547619047 0.1032366071428572 0.11253720238095238
3 0.9574962797619048 0.400390625 0.07719494047619047 0.11439732142857145
