3 0.2853667664670659 0.22688997005988026 0.11695359281437126 0.13332709580838323
3 0.6216083458083832 0.10408869760479042 0.08303705089820357 0.09824101796407186
3 0.720434131736527 0.09180857035928144 0.06081586826347307 0.08069797904191617
3 0.6420752245508983 0.4292196856287426 0.10993637724550898 0.13332709580838326
3 0.5181044161676647 0.47892496257485034 0.10525823353293412 0.12046220059880242
3 0.40173559131736525 0.5391560628742516 0.07368076347305391 0.09824101796407186
3 0.8958645209580839 0.3496912425149701 0.11929266467065869 0.12397080838323354
3 0.78125 0.40582896706586824 0.07718937125748504 0.09824101796407186
3 0.12806418413173654 0.6245321856287425 0.09941055389221559 0.11461452095808389
3 0.027484094311377247 0.663126871257485 0.054968188622754495 0.11695359281437123
3 0.6891618695175438 0.02655564692982456 0.05396792763157898 0.05311129385964912
3 0.5289713541666665 0.07067228618421052 0.033408717105263164 0.0419750548245614
