0 0.43185763888888884 0.1490162037037037 0.021701388888888895 0.02025462962962965
0 0.47634548611111105 0.17578125 0.020978009259259245 0.020254629629629622
0 0.5060040509259259 0.15950520833333331 0.025318287037037035 0.016637731481481483
0 0.6354890046296295 0.1486545138888889 0.01808449074074081 0.022424768518518517
0 0.6202980324074073 0.07740162037037036 0.01953125 0.02314814814814814
0 0.6058304398148148 0.053168402777777776 0.0209780092592593 0.025318287037037035
0 0.335578762755102 0.02118542729591836 0.017936862244897933 0.024912308673469385
0 0.3420559630102041 0.39686304209183676 0.01893335459183676 0.024912308673469385
0 0.07499601403061223 0.442203443877551 0.018933354591836732 0.025908801020408156
0 0.06274329584775087 0.6760515787197232 0.022977941176470583 0.02500540657439443
0 0.04960317460317461 0.14222160218253968 0.018601190476190473 0.02247643849206349
0 0.9446865727002967 0.06896791543026706 0.025500741839762697 0.013909495548961426
0 0.9510617581602374 0.0820080675074184 0.022023367952522244 0.013329933234421373
0 0.9533800074183976 0.09736646884272997 0.022023367952522244 0.016227744807121663
0 0.7927517361111112 0.2977430555555556 0.01692708333333337 0.022569444444444475
0 0.8081597222222222 0.2940538194444444 0.01475694444444442 0.021267361111111105
0 0.8200954861111112 0.283203125 0.01779513888888895 0.02213541666666663
0 0.83203125 0.2801649305555556 0.01475694444444442 0.01953125
0 0.8424479166666666 0.27408854166666663 0.015625 0.021267361111111105
0 0.8541666666666667 0.2703993055555556 0.01388888888888895 0.0234375
0 0.8684895833333333 0.2643229166666667 0.01736111111111105 0.01996527777777779
0 0.8791232638888888 0.25651041666666663 0.01432291666666663 0.021701388888888895
0 0.8888888888888888 0.2506510416666667 0.015625 0.022135416666666657
0 0.900390625 0.2439236111111111 0.015190972222222321 0.01909722222222221
0 0.7757984203296704 0.3934902987637363 0.016097184065933967 0.02199948489010989
0 0.7991393372252746 0.4704884958791209 0.0209263392857143 0.023609203296703296
1 0.9729889251373627 0.4672690590659341 0.01985319368131877 0.030048076923076872
0 0.8321385645604396 0.5533889938186813 0.016097184065934078 0.027365212912087933
0 0.8801618303571428 0.5638521634615385 0.0209263392857143 0.021462912087912067
0 0.9373068337912087 0.6081194196428572 0.026828640109890167 0.021999484890109833
0 0.8624549278846154 0.7283117273351649 0.029511504120879106 0.02521892170329665
0 0.2801917851170569 0.790029264214047 0.026128762541806017 0.02024979096989965
0 0.541493428111588 0.43210166309012876 0.023471030042918506 0.020956276824034337
0 0.17215401785714285 0.8890396712662338 0.023462865259740256 0.021560470779220853
0 0.42358715503246747 0.8560648336038961 0.016487418831168832 0.01902394480519487
0 0.41217278814935066 0.8646256087662338 0.020292207792207806 0.0209263392857143
0 0.9919803503787878 0.04986387310606062 0.01213304924242431 0.01355350378787875
0 0.4755316840277778 0.88134765625 0.011393229166666685 0.01573350694444442
