3 0.21849696356275305 0.2544755819838057 0.11307565789473684 0.10279605263157893
3 0.24538208502024295 0.38652897267206476 0.07670167004048581 0.06642206477732793
3 0.2821514423076923 0.510279605263158 0.06325910931174089 0.0624683704453442
3 0.32089764676113364 0.6680320091093117 0.06800354251012147 0.061677631578947456
3 0.06034919028340085 0.5822368421052632 0.11940156882591092 0.11465713562753033
3 0.02638107227488152 0.3980302132701422 0.05276214454976304 0.0777547393364929
3 0.8617816943127963 0.4619001777251185 0.09256516587677721 0.08701125592417064
3 0.805779768957346 0.3184241706161138 0.0620186611374407 0.06664691943127965
3 0.5752925059241707 0.24992594786729858 0.06201866113744081 0.05553909952606634
3 0.7539432760663507 0.1448644845971564 0.1342194905213271 0.11385515402843602
