3 0.027598505434782608 0.7716966711956521 0.055197010869565216 0.08067255434782605
3 0.055197010869565216 0.9033203125 0.09977921195652173 0.10190217391304346
3 0.39327870244565216 0.9415336277173912 0.06899626358695654 0.06156589673913038
3 0.3720490828804348 0.8735988451086956 0.06475033967391303 0.05731997282608703
3 0.34763502038043476 0.8067255434782609 0.07111922554347827 0.05731997282608692
3 0.3205672554347826 0.7419752038043478 0.0764266304347826 0.0636888586956521
3 0.2308721127717391 0.46545940896739124 0.06475033967391303 0.05838145380434784
3 0.2531632133152174 0.532332710597826 0.0626273777173913 0.058381453804347894
3 0.27598505434782605 0.6023904551630435 0.06581182065217392 0.06262737771739135
3 0.7271144701086956 0.32799762228260865 0.1188858695652174 0.11463994565217389
3 0.8168096127717391 0.5742612092391304 0.1284391983695652 0.11676290760869568
3 0.8528999660326086 0.69580078125 0.11994735054347827 0.11357846467391308
3 0.8980129076086956 0.8199940557065217 0.13162364130434778 0.11145550271739135
