3 0.4182235054347826 0.020698879076086953 0.06581182065217395 0.03715183423913043
3 0.45272163722826086 0.10880180027173914 0.06899626358695654 0.06475033967391304
3 0.4776664402173913 0.1804517663043478 0.06581182065217395 0.06368885869565216
3 0.4861582880434782 0.2977454144021739 0.13162364130434778 0.11357846467391305
3 0.5355171535326086 0.4458220108695652 0.13480808423913038 0.11039402173913038
3 0.6575874660326086 0.7313603940217391 0.06050441576086962 0.05519701086956519
3 0.33224354619565216 0.7345448369565217 0.10190217391304346 0.09977921195652173
3 0.28288468070652173 0.6050441576086956 0.10933254076086954 0.10614809782608703
3 0.23564877717391303 0.47288977581521735 0.13586956521739132 0.11357846467391297
3 0.1969047214673913 0.33224354619565216 0.1008406929347826 0.10827105978260865
3 0.050951086956521736 0.5100416100543478 0.10190217391304347 0.1220703125
3 0.09765625 0.6400730298913043 0.09977921195652173 0.1125169836956521
3 0.14170771059782608 0.7706351902173914 0.1050866168478261 0.13162364130434778
3 0.18363620923913043 0.8980129076086956 0.10190217391304346 0.11463994565217395
3 0.9740946525270758 0.11598883122743683 0.043011055956678756 0.07685582129963899
3 0.15403948643410853 0.1983254602713178 0.1037124515503876 0.10446947674418602
3 0.09915515988372092 0.04540637112403102 0.10598352713178293 0.08932897286821706
