3 0.4900355538922156 0.8713042664670659 0.10993637724550898 0.11929266467065869
3 0.25583013660179643 0.9738550243263473 0.06255847679640716 0.0483837013473053
3 0.7707345145089286 0.7977643694196428 0.0558035714285714 0.0645228794642857
3 0.8404889787946428 0.7737862723214286 0.059291294642857095 0.079345703125
3 0.9098074776785714 0.7471923828125 0.054931640625 0.0662667410714286
3 0.9720197405133928 0.7106846400669643 0.0520542689732143 0.0630057198660714
3 0.8710065569196429 0.4311174665178571 0.0558035714285714 0.06888253348214285
3 0.97607421875 0.3927525111607143 0.042724609375 0.06888253348214285
3 0.7550397600446429 0.4869210379464286 0.0994001116071428 0.1020159040178572
3 0.6229422433035714 0.5322614397321429 0.10899135044642849 0.1264299665178572
3 0.5047956194196429 0.4856131417410715 0.11509486607142866 0.10288783482142866
3 0.4917166573660714 0.31515066964285715 0.09591238839285715 0.0950404575892857
3 0.5871930803571428 0.2397286551339286 0.0584193638392857 0.0697544642857143
3 0.6822335379464286 0.19613211495535715 0.0601632254464286 0.07324218749999997
3 0.7759660993303572 0.15297154017857145 0.059291294642857095 0.058419363839285685
3 0.9647391183035714 0.06621442522321433 0.0584193638392857 0.06975446428571427
3 0.5008719308035714 0.017822265625000045 0.05318777901785715 0.030517578124999993
1 0.37264989837398377 0.4066310975609756 0.022548272357723553 0.012385670731707321
1 0.363916412601626 0.3481961382113821 0.012703252032520373 0.01937245934959353
1 0.49079014227642276 0.617822662601626 0.01937245934959353 0.012385670731707377
1 0.24926956300813008 0.8536267784552845 0.024771341463414615 0.020325203252032575
1 0.2418064024390244 0.9334984756097561 0.023183434959349603 0.01937245934959342
1 0.48253302845528456 0.9703379065040649 0.02127794715447151 0.01302083333333337
1 0.463795731707317 0.8971354166666666 0.01873729674796748 0.01143292682926833
1 0.8452108739837398 0.9334984756097561 0.014926321138211351 0.023183434959349603
1 0.8566438008130082 0.9576346544715446 0.01302083333333337 0.023818597560975596
1 0.8626778455284553 0.9525533536585366 0.013655995934959364 0.02445376016260159
1 0.8693470528455285 0.9495363313008129 0.013655995934959253 0.021595528455284563
1 0.8588668699186992 0.9279408028455285 0.015561483739837345 0.02286585365853655
1 0.853150406504065 0.9314341971544715 0.016831808943089444 0.02413617886178865
1 0.7981332632211539 0.11610451722756412 0.01627604166666674 0.016902043269230768
