3 0.17850281762295084 0.9781634221311476 0.07844518442622953 0.038422131147541005
3 0.32898949795081966 0.9125256147540983 0.06243596311475408 0.054431352459016424
3 0.33739433913934425 0.8048636014344261 0.0776447233606557 0.05843365778688525
3 0.4094358350409836 0.9369396772540983 0.06323642418032788 0.06323642418032793
3 0.48227779200819676 0.9585521260245902 0.05523181352459017 0.07604380122950816
3 0.5527183657786885 0.9681576588114755 0.0664382684426229 0.05843365778688525
3 0.3990298411885246 0.6531762295081968 0.06964011270491804 0.07204149590163933
3 0.47187179815573776 0.6667840676229508 0.06163550204918039 0.07044057377049184
3 0.5907402663934427 0.5987448770491803 0.0784451844262295 0.06403688524590168
3 0.6131531762295082 0.7032050461065573 0.06243596311475408 0.07124103483606559
3 0.6875960553278688 0.7180135758196722 0.06403688524590156 0.06083504098360659
3 0.8494251179245282 0.8758352987421383 0.1289799528301887 0.11792452830188671
3 0.8895659110915494 0.046421104753521125 0.0584562059859155 0.05983164612676056
3 0.819762323943662 0.02888424295774648 0.06189480633802824 0.05639304577464788
3 0.7475517165492958 0.019600022007042257 0.059143926056338114 0.03782460387323944
