3 0.02397548652694611 0.9227638473053892 0.04327282934131736 0.058476796407185616
3 0.09882578592814373 0.9356287425149701 0.06666354790419161 0.0795284431137725
3 0.2514502245508982 0.9736386601796407 0.05145958083832336 0.04561190119760483
3 0.32454622005988026 0.9835797155688624 0.05029004491017963 0.028068862275449136
3 0.4005660553892216 0.8052254865269461 0.05730726047904189 0.0713416916167664
3 0.31928330838323354 0.7952844311377246 0.058476796407185616 0.06783308383233533
3 0.09999532185628743 0.7087387724550898 0.0736807634730539 0.06081586826347307
3 0.11987743263473055 0.5502666541916168 0.0549681886227545 0.059646332335329344
3 0.4625514595808383 0.569563997005988 0.0643244760479042 0.06549401197604787
3 0.16139595808383234 0.496468001497006 0.06315494011976047 0.07368076347305386
3 0.23390718562874252 0.5110872005988024 0.058476796407185616 0.06783308383233533
3 0.30992702095808383 0.5280454715568863 0.06081586826347307 0.07368076347305391
3 0.38711639221556887 0.549681886227545 0.06549401197604787 0.07017215568862267
3 0.5783355164670658 0.4777554266467066 0.07368076347305397 0.0666635479041916
3 0.5964633233532934 0.402905127245509 0.06783308383233533 0.0643244760479042
3 0.6163454341317366 0.3280548278443114 0.07017215568862278 0.06432447604790414
3 0.6344732410179641 0.2514502245508982 0.07835890718562877 0.06783308383233533
3 0.2233813622754491 0.20174494760479042 0.06315494011976047 0.06900261976047906
3 0.3064184131736527 0.2274747380239521 0.058476796407185616 0.08069797904191617
3 0.6537705838323353 0.15847211826347307 0.06315494011976053 0.05496818862275449
