3 0.158203125 0.4598349294354839 0.06457913306451613 0.0661542338709677
3 0.835693359375 0.07057407924107147 0.0619070870535714 0.059291294642857144
3 0.8993443080357142 0.1512276785714286 0.0706263950892857 0.0619070870535714
1 0.5355468750000001 0.28427734375 0.017968749999999978 0.0087890625
1 0.53310546875 0.296484375 0.021679687500000044 0.010546875000000011
1 0.53017578125 0.30888671874999996 0.021679687500000044 0.011914062499999989
1 0.5296875 0.3162109375 0.020312499999999956 0.010156249999999978
1 0.52470703125 0.327734375 0.020117187500000022 0.010937499999999989
1 0.57587890625 0.3216796875 0.023242187500000067 0.012500000000000011
1 0.57919921875 0.30927734375000004 0.023242187499999956 0.011914062499999989
1 0.5814453125 0.30205078125 0.022265624999999956 0.010351562500000022
1 0.58349609375 0.2955078125 0.0244140625 0.011328124999999967
1 0.5728515624999999 0.3375 0.023046875000000022 0.011328124999999967
1 0.571875 0.3451171875 0.021484375 0.009765625
1 0.5660156249999999 0.36484375 0.021874999999999978 0.010937499999999989
1 0.5658203125 0.37177734375000004 0.022265624999999956 0.009570312500000011
1 0.5645507812499999 0.37714843750000004 0.022070312500000022 0.010937499999999989
1 0.5623046875 0.38291015625 0.021874999999999978 0.010351562499999967
1 0.5603515625 0.38994140625 0.019921874999999978 0.011132812499999978
1 0.51484375 0.37236328125 0.023828124999999978 0.0107421875
1 0.516015625 0.36328125 0.0234375 0.010937500000000044
1 0.5197265625 0.35166015625 0.021093750000000022 0.011523437500000011
1 0.52177734375 0.3447265625 0.021289062500000067 0.009765625
1 0.5556640625 0.40029296875 0.022656250000000044 0.011523437500000011
1 0.5448242187500001 0.40791015625 0.022070312500000022 0.0107421875
1 0.47041015625 0.35654296875 0.024023437500000022 0.011132812500000033
1 0.47294921875 0.35048828125 0.020117187500000022 0.009179687500000033
1 0.47333984375000004 0.3443359375 0.02128906250000001 0.009374999999999967
1 0.475 0.3373046875 0.019921875000000033 0.009374999999999967
1 0.47666015625 0.3318359375 0.01933593750000001 0.009765625
1 0.47773437500000004 0.324609375 0.02031250000000001 0.009374999999999967
1 0.47900390625 0.31923828125 0.018164062500000022 0.009179687500000033
1 0.48134765625 0.31269531250000004 0.018164062499999967 0.008984374999999989
1 0.482421875 0.30673828125 0.018359374999999956 0.009179687500000033
1 0.48320312499999996 0.30097656250000004 0.01874999999999999 0.008593750000000011
1 0.4345703125 0.37041015625 0.01953125 0.0107421875
1 0.4353515625 0.3771484375 0.01953125 0.010156249999999978
1 0.441015625 0.3857421875 0.02070312499999999 0.010156249999999978
1 0.4775390625 0.39462890625 0.024218749999999956 0.011523437500000011
1 0.505078125 0.40029296875 0.022656249999999933 0.0107421875
1 0.7166015625 0.05185546875 0.022265625000000067 0.02792968750000001
1 0.69833984375 0.0123046875 0.0087890625 0.023046874999999998
