3 0.2222118263473054 0.8771519461077846 0.09590194610778446 0.09356287425149701
3 0.5239520958083832 0.7847586077844311 0.11461452095808389 0.10993637724550898
3 0.3034653349550898 0.9563119854041917 0.11572558008982034 0.08346977919161669
3 0.36138660179640725 0.569563997005988 0.09824101796407186 0.10291916167664672
3 0.6642964071856288 0.5198587200598803 0.06315494011976042 0.054968188622754544
3 0.44559318862275454 0.6526010479041917 0.05379865269461076 0.058476796407185616
3 0.2789343188622755 0.4625514595808383 0.10876684131736528 0.09005426646706582
3 0.6163454341317366 0.4619666916167665 0.05145958083832336 0.046781437125748504
3 0.1970668038922156 0.3549541541916168 0.09707148203592816 0.09707148203592814
3 0.019882110778443114 0.5643010853293413 0.03976422155688623 0.09239333832335328
3 0.4005660553892216 0.024560254491017966 0.07601983532934131 0.046781437125748504
3 0.480094498502994 0.05029004491017964 0.05496818862275443 0.07952844311377245
3 0.5724878368263473 0.09063903443113773 0.09473241017964074 0.09941055389221556
3 0.7198493637724551 0.1070125374251497 0.10642776946107779 0.12514034431137724
