3 0.12790845788043478 0.9494947350543478 0.09234884510869563 0.0944718070652173
3 0.4463527513586957 0.2335258152173913 0.1326851222826087 0.12100883152173914
3 0.43786090353260865 0.34020465353260865 0.06475033967391303 0.06050441576086957
3 0.31260614809782605 0.42936905570652173 0.05838145380434784 0.0838569972826087
3 0.23617951766304346 0.3869098165760869 0.06262737771739132 0.07111922554347822
3 0.37841796875 0.15126103940217392 0.052012567934782594 0.06262737771739131
3 0.30942170516304346 0.13109290081521738 0.06050441576086957 0.07111922554347826
3 0.23936396059782608 0.11570142663043478 0.06050441576086957 0.07218070652173914
3 0.1666525135869565 0.09553328804347826 0.06368885869565216 0.06793478260869565
3 0.10030995244565216 0.4235309103260869 0.10720957880434782 0.11676290760869562
