3 0.7480643136160714 0.018694196428571473 0.05580357142857151 0.03226143973214285
3 0.8191266741071428 0.029157366071428614 0.056675502232142905 0.05493164062499999
3 0.8923688616071428 0.04310825892857147 0.06016322544642849 0.06365094866071429
3 0.847900390625 0.8731863839285714 0.1264299665178572 0.1177106584821429
3 0.689208984375 0.7166748046875 0.0636509486607143 0.0662667410714286
3 0.6133510044642858 0.7049037388392857 0.06713867187499989 0.067138671875
3 0.5898088727678572 0.5998360770089286 0.0758579799107143 0.0645228794642857
3 0.3997279575892857 0.6534598214285714 0.06190708705357145 0.0706263950892857
3 0.4690464564732143 0.6674107142857144 0.06277901785714296 0.0706263950892857
3 0.3386928013392857 0.8043038504464286 0.07062639508928575 0.0619070870535714
3 0.3269217354910714 0.9128592354910714 0.06626674107142855 0.0627790178571429
3 0.40975516183035715 0.9368373325892858 0.0575474330357143 0.0653948102678571
3 0.1773594447544643 0.9798671177455357 0.0827811104910714 0.0363595145089286
3 0.4834333147321429 0.9542759486607143 0.06190708705357145 0.0776018415178572
3 0.5508248465401786 0.9685320172991072 0.062412806919642794 0.0590297154017857
