3 0.08288524797570854 0.34303833502024295 0.060096153846153855 0.05693319838056682
3 0.3023152834008097 0.3964132085020243 0.062468370445344146 0.06721280364372473
3 0.37862158400809715 0.4062974443319838 0.061677631578947345 0.08381831983805665
3 0.5071166497975709 0.44741586538461536 0.0624683704453442 0.06800354251012142
3 0.41301872469635625 0.18607667004048586 0.07670167004048578 0.06404984817813764
3 0.5767016700404859 0.1429814018218624 0.07037575910931171 0.05851467611336032
3 0.5968655111336032 0.06865194838056685 0.08223684210526316 0.05851467611336032
3 0.7609438259109311 0.028719635627530403 0.062468370445344035 0.05614245951417003
3 0.9167193825910931 0.12281756072874497 0.122564524291498 0.1099127024291498
3 0.8862759362348178 0.24261449898785425 0.060096153846153744 0.06009615384615383
3 0.8669028340080971 0.3224791244939271 0.0735387145748988 0.06800354251012142
3 0.8463436234817814 0.4201353744939271 0.07353871457489869 0.06246837044534409
3 0.827365890688259 0.4980231528340081 0.0719572368421052 0.06484058704453449
