3 0.5456012228260869 0.6671407948369565 0.05731997282608692 0.0732421875
3 0.6241508152173914 0.6528108016304348 0.06156589673913049 0.0764266304347826
3 0.6995159646739131 0.6496263586956521 0.07218070652173914 0.08067255434782605
3 0.7828422214673912 0.6490956182065217 0.07111922554347827 0.09871773097826086
3 0.542336524566474 0.3916184971098266 0.06886741329479762 0.08128612716763006
3 0.6366058526011561 0.3775063222543352 0.06548049132947975 0.07789920520231214
3 0.8361031360424027 0.05968418727915196 0.09455057420494695 0.10421267667844523
3 0.8295467093639575 0.17183359098939927 0.07453621908127206 0.06625441696113074
1 0.17320884146341464 0.754858993902439 0.04160315040650406 0.012703252032520318
1 0.1754319105691057 0.7677210365853658 0.04096798780487804 0.011750508130081272
1 0.17654344512195125 0.7804242886178862 0.041920731707317055 0.00984502032520318
1 0.1781313516260163 0.79296875 0.042555894308943104 0.010162601626016232
1 0.1716209349593496 0.8009082825203252 0.026359247967479654 0.006986788617886264
1 0.17050940040650409 0.8078950711382114 0.025406504065040636 0.008257113821138251
1 0.18194232723577236 0.8183752540650406 0.041920731707317055 0.012068089430894213
1 0.20584514170040488 0.5853997975708503 0.0358468286099865 0.010543184885290158
1 0.1931933198380567 0.6050364794197032 0.028993758434547906 0.010806764507422462
1 0.21507042847503377 0.5527159244264508 0.02319500674763833 0.00843454790823217
1 0.21520221828609987 0.5585146761133604 0.02082279014844804 0.0063259109311740724
1 0.21467505904183537 0.5653677462887989 0.022931427125506054 0.007907388663967563
