3 0.2795553768382353 0.44650448069852944 0.0710880055147059 0.06318933823529416
3 0.2461655560661765 0.5222598805147058 0.07036994485294118 0.0653435202205882
3 0.22426470588235298 0.6209932215073529 0.06965188419117652 0.0646254595588236
3 0.07742130055147062 0.9258099724264706 0.0732421875 0.0653435202205882
3 0.7068014705882353 0.9563275505514706 0.07683249080882348 0.06318933823529405
3 0.6827464384191176 0.8586713005514706 0.07467830882352944 0.06318933823529416
3 0.6859777113970588 0.7750172334558822 0.07252412683823528 0.06677964154411764
3 0.6651539522058822 0.45942957261029416 0.07396024816176461 0.06893382352941174
3 0.6726935891544117 0.5412884880514706 0.0689338235294118 0.0646254595588236
3 0.68310546875 0.6461253446691175 0.08544921875 0.07036994485294124
3 0.8076889935661764 0.19697840073529416 0.06606158088235292 0.08401309742647059
3 0.9735610064338235 0.2508329503676471 0.045955882352941124 0.06677964154411764
