3 0.47307728293413176 0.12806418413173654 0.05730726047904189 0.07368076347305391
3 0.4093375748502994 0.18712574850299402 0.06081586826347307 0.0654940119760479
1 0.27102388211382117 0.7178607723577236 0.023183434959349603 0.013655995934959364
1 0.28864964430894313 0.6773691565040649 0.015243902439024348 0.024771341463414642
1 0.30659298780487804 0.7242123983739837 0.011115345528455278 0.023818597560975596
1 0.31485010162601623 0.7581935975609756 0.009209857723577242 0.022548272357723498
1 0.3191374491869919 0.8061483739837398 0.008892276422764245 0.02254827235772361
1 0.3123094512195122 0.813770325203252 0.007304369918699205 0.023183434959349603
1 0.2846798780487805 0.7824885670731707 0.023183434959349547 0.009527439024390238
1 0.28277439024390244 0.7732787093495934 0.023818597560975596 0.007621951219512257
1 0.2815040650406504 0.7631161077235773 0.022548272357723553 0.010797764227642337
1 0.2808689024390244 0.751683180894309 0.01937245934959353 0.010797764227642337
