3 0.07309599550898203 0.6666354790419162 0.06666354790419163 0.07017215568862278
3 0.021051646706586827 0.7216036676646707 0.03976422155688623 0.06081586826347307
3 0.05555295658682635 0.1725065494011976 0.06666354790419163 0.0643244760479042
3 0.11169068113772457 0.049120508982035925 0.07134169161676647 0.05847679640718563
1 0.36610275110782864 0.1958894940915805 0.014424852289512569 0.022502769571639603
1 0.4020206333087149 0.12549621491875923 0.01529034342688329 0.021925775480059084
1 0.40880031388478577 0.134439623338257 0.013270864106351532 0.017886816838995567
1 0.3208087149187592 0.19675498522895124 0.01384785819793205 0.018463810930576086
1 0.327444146971935 0.23007639401772526 0.013270864106351532 0.019906296159527326
1 0.32787689254062036 0.2714757200886263 0.01240537296898081 0.01730982274741505
1 0.3088360875184638 0.26671551883308714 0.013559361152141791 0.019329302067946807
1 0.267725258493353 0.25084818131462333 0.01557884047267355 0.021637278434268797
1 0.294122738183161 0.21521879615952733 0.01817531388478577 0.02365675775480061
1 0.30681660819793205 0.2219984767355982 0.011828378877400292 0.019329302067946835
1 0.3084033419497784 0.18810007385524372 0.01269387001477107 0.016155834564254068
