3 0.11729364809782608 0.8566151494565217 0.0626273777173913 0.08704144021739135
3 0.19637398097826086 0.853430706521739 0.06793478260869565 0.08279551630434778
3 0.439453125 0.6904933763586956 0.0594429347826087 0.07748811141304357
3 0.516410495923913 0.6936778192934783 0.06475033967391303 0.0732421875
3 0.49040421195652173 0.8295473845108695 0.10402513586956519 0.11994735054347827
3 0.6719174592391304 0.7042926290760869 0.0700577445652174 0.06899626358695654
3 0.7573666779891304 0.7016389266304348 0.06899626358695654 0.0764266304347826
3 0.7239300271739131 0.8263629415760869 0.06156589673913049 0.0881029211956521
3 0.8138020833333334 0.7952473958333333 0.02734375 0.02669270833333337
3 0.15933866279069767 0.5435289486434108 0.031038032945736427 0.02271075581395343
