0 0.40586406875834447 0.44393566421895864 0.011212867156208284 0.019035797730307058
0 0.9847288763066203 0.5993212833914053 0.010434814169570261 0.024045441347270602
0 0.6746503415805021 0.021493029911373706 0.023945254800590843 0.012982367060561299
0 0.6037660256410255 0.13812099358974358 0.01642628205128205 0.02143429487179488
0 0.6085737179487178 0.16877003205128205 0.01642628205128205 0.023036858974358976
0 0.17887843851132687 0.9414820995145632 0.020858616504854377 0.015801982200647213
0 0.17081942758899676 0.9530175465210357 0.02117465614886732 0.01864633899676371
0 0.2503033980582524 0.9520694275889968 0.021490695792880266 0.02433505258899671
0 0.1471164542880259 0.9838314118122977 0.024335052588996764 0.01833029935275088
0 0.6292867001698754 0.7439747310305775 0.022561579841449686 0.010838406002265044
0 0.6296184881087202 0.7576886325028311 0.024552307474518642 0.012607941676104129
