3 0.20700785928143714 0.4485170284431138 0.06315494011976047 0.0643244760479042
3 0.27601047904191617 0.5385712949101797 0.09122380239520955 0.10174962574850299
3 0.3991124770220589 0.6227883731617647 0.06175321691176472 0.0567267922794118
3 0.5143612132352942 0.715777228860294 0.06821576286764702 0.07036994485294112
3 0.592629825367647 0.6396627987132353 0.06390739889705876 0.06031709558823528
3 0.6479204963235293 0.5753963694852942 0.06103515625 0.058162913602941235
3 0.7129049862132353 0.5053854549632353 0.07180606617647056 0.06606158088235281
3 0.6687442555147058 0.43645163143382354 0.05959903492647056 0.06031709558823528
3 0.5990923713235294 0.38618738511029416 0.06247127757352933 0.06175321691176472
3 0.5369801240808822 0.3334099264705883 0.058880974264705954 0.06390739889705882
3 0.4763039981617647 0.2766831341911765 0.056726792279411686 0.06103515625000003
3 0.4113195082720589 0.21995634191176475 0.05744485294117646 0.06534352022058826
3 0.807329963235294 0.15209960937500003 0.06103515625 0.060317095588235295
3 0.7437815946691175 0.08819221047794121 0.06318933823529405 0.06031709558823529
3 0.6813103170955882 0.037568933823529445 0.06175321691176472 0.053854549632352935
