2 0.6026387117346939 0.2189891581632653 0.13751594387755106 0.10164221938775511
2 0.94482421875 0.322265625 0.10498046875 0.09033203125
4 0.1351134417808219 0.10205173679060664 0.014906433463796498 0.014524217221135019
4 0.11714927837573386 0.11237157534246575 0.01337756849315068 0.01375978473581213
4 0.1001406555772994 0.12288252201565557 0.011466487279843438 0.012613136007827791
4 0.0349727862035225 0.2192010151663405 0.020257460861056748 0.01872859589041098
4 0.8766561059907834 0.5112327188940092 0.025201612903225867 0.027001728110599033
4 0.939660138248848 0.5233834965437788 0.023401497695852536 0.024301555299539146
4 0.9581997863247862 0.5664618945868946 0.027822293447293478 0.026709401709401615
4 0.9323250534188033 0.6070824430199431 0.027265847578347602 0.02448361823361822
4 0.9811433901918976 0.603428171641791 0.009161780383795337 0.009161780383795337
4 0.9859325026652451 0.6134228411513859 0.010411114072494732 0.0074960021321961445
4 0.9817680570362473 0.6244586220682302 0.009578224946695135 0.009578224946695135
4 0.9684418310234542 0.6230010660980809 0.011244003198294217 0.009994669509594822
4 0.9707322761194028 0.6098830623667377 0.009994669509594822 0.009578224946695024
4 0.8668293576759061 0.5597014925373134 0.032899120469083165 0.03331556503198296
4 0.8659964685501065 0.5934335021321961 0.02540311833688691 0.0274853411513859
4 0.8676622468017057 0.6219599546908314 0.01707422707889128 0.017907116204690765
4 0.8585004664179103 0.6473630730277184 0.024570229211087424 0.027068896588486102
4 0.8597498001066097 0.6719333022388059 0.015408448827292087 0.01707422707889128
4 0.8249766791044775 0.6577741871002132 0.037480010660980834 0.04039512260127931
4 0.8314315698294243 0.6157132862473347 0.03623067697228144 0.03872934434968012
4 0.8341384594882728 0.5765674973347548 0.03248267590618337 0.03373200959488276
4 0.765633328891258 0.5871868336886994 0.030400453091684487 0.02998400852878469
4 0.7452275453091683 0.6325792910447761 0.024570229211087424 0.024153784648187626
4 0.7456439898720681 0.6688099680170575 0.043726679104477584 0.0424773454157783
4 0.7039995335820894 0.6792210820895521 0.03456489872068225 0.03581423240938164
4 0.7396055437100213 0.7156599813432836 0.041644456289978704 0.043726679104477584
4 0.6969199760127931 0.7158682036247335 0.028734674840085295 0.0274853411513859
4 0.7348164312366737 0.7745868869936033 0.03456489872068236 0.034981343283582156
4 0.689215751599147 0.7706306636460554 0.034981343283582156 0.03623067697228155
4 0.7108708688699359 0.9220082622601279 0.034981343283582045 0.03331556503198296
4 0.7277368736673773 0.8158148987206821 0.037063566098081036 0.03581423240938164
4 0.7964502265458422 0.7852062233475479 0.017907116204690765 0.017907116204690765
4 0.8328891257995735 0.7781266657782515 0.014992004264392289 0.014575559701492491
4 0.8466317963752665 0.7824993336886993 0.013326226012793208 0.013326226012793096
4 0.8391357942430703 0.8168560101279317 0.01665778251599148 0.01707422707889128
4 0.6817197494669509 0.804570895522388 0.02748534115138601 0.024986673773987222
4 0.6985857542643923 0.830182236140725 0.022071561833688635 0.022904450959488343
4 0.6704757462686567 0.8326809035181236 0.02581956289978682 0.02540311833688702
4 0.671725079957356 0.8618320229211087 0.026652452025586304 0.026236007462686506
4 0.8128997867803838 0.894522921108742 0.011660447761194015 0.012493336886993611
4 0.8268506796375266 0.8995202558635393 0.015408448827292087 0.013326226012793208
4 0.8162313432835819 0.908057369402985 0.010827558635394419 0.012076892324093813
4 0.7762526652452024 0.9016024786780383 0.012493336886993611 0.014992004264392289
4 0.784998001066098 0.9140958155650318 0.011660447761194015 0.010827558635394419
4 0.771463552771855 0.9193013726012793 0.011244003198294217 0.011244003198294217
4 0.7679237739872067 0.9509511593816631 0.011660447761194015 0.011244003198294217
4 0.7789595549040511 0.958863606076759 0.012076892324093813 0.012076892324093813
4 0.7670908848614072 0.9659431636460554 0.014159115138592693 0.013742670575692895
4 0.6956706423240937 0.958863606076759 0.03373200959488265 0.03623067697228144
4 0.6744319696162047 0.9126382595948827 0.0279017857142857 0.02956756396588478
4 0.6998829790778252 0.989178688033049 0.0338277918443497 0.01773637393390204
4 0.6569412979744136 0.9474113805970148 0.02540311833688702 0.0274853411513859
4 0.6217517324093816 0.9095149253731343 0.03414845415778256 0.03331556503198296
4 0.6127981743070362 0.9736473880597014 0.037063566098080925 0.03414845415778256
4 0.6238339552238805 0.8537113539445629 0.026652452025586304 0.026652452025586304
4 0.6315381796375266 0.8056120069296375 0.028734674840085295 0.030400453091684487
4 0.6415328491471215 0.7577208821961621 0.028734674840085295 0.028734674840085295
4 0.6467384061833688 0.7073310900852878 0.028318230277185497 0.028734674840085295
4 0.6534015191897654 0.6579824093816631 0.03164978678038377 0.02998400852878469
4 0.5803154984008528 0.6975446428571428 0.03956223347547971 0.041644456289978704
4 0.552621934968017 0.7331506529850745 0.03997867803837951 0.03872934434968012
4 0.5686550506396588 0.7762526652452025 0.03872934434968012 0.03997867803837951
4 0.5249283715351811 0.7858308901918976 0.03623067697228144 0.041644456289978704
4 0.5070212553304904 0.7425206556503198 0.03872934434968012 0.03831289978678032
4 0.5549123800639658 0.8408015724946694 0.04039512260127931 0.04247734541577819
4 0.6614680503731343 0.9881375766257996 0.02862639925373145 0.01981859674840092
4 0.92040155638454 0.9821447682240705 0.04591563723091985 0.03180421355185914
4 0.7955818046075085 0.8217456804607508 0.046661689419795316 0.042328818259385725
4 0.9905555483096828 0.49778439325959933 0.014982653380634314 0.03958746348080133
