4 0.5967261904761905 0.023499503968253954 0.025421626984126977 0.023561507936507936
4 0.5874255952380953 0.06597222222222221 0.019221230158730118 0.017981150793650792
4 0.6215277777777779 0.05295138888888888 0.04526289682539686 0.04526289682539683
4 0.6336185515873016 0.018539186507936494 0.022321428571428603 0.021081349206349208
4 0.6593501984126984 0.03869047619047618 0.03286210317460314 0.03286210317460317
4 0.6661706349206349 0.08333333333333333 0.048983134920634996 0.0465029761904762
4 0.6940724206349207 0.04799107142857142 0.03534226190476186 0.03286210317460318
4 0.6991008890086208 0.007298962823275829 0.03451643318965514 0.013890759698275863
4 0.6626902613146552 0.006246632543103414 0.027360587284482762 0.011786099137931034
4 0.7626616379310345 0.012560614224137897 0.016837284482758563 0.015153556034482757
4 0.7565581223060345 0.027714170258620656 0.013890759698275912 0.013469827586206896
4 0.7658186287715518 0.11926690463362066 0.02483499461206906 0.023993130387931008
4 0.7643453663793104 0.15399380387931033 0.03704202586206895 0.03535829741379312
4 0.7336173221982759 0.151678677262931 0.0260977909482758 0.026518723060344834
4 0.7765523976293104 0.19040443157327586 0.03620016163793105 0.034095501077586216
4 0.7226730872844829 0.2129242995689655 0.028623383620689613 0.026097790948275856
4 0.7679232893318966 0.26490941540948276 0.03998855064655171 0.03662109375000003
4 0.8060176454741379 0.25143958782327586 0.03535829741379304 0.0357792295258621
4 0.7856024380387931 0.3133166082974138 0.043356007543103425 0.042514143318965525
4 0.7999141298491379 0.37287850215517243 0.029044315732758563 0.029465247844827624
4 0.8211712015086208 0.3284701643318966 0.026939655172413812 0.02820245150862072
4 0.8588446255387931 0.24007442079741376 0.044197871767241326 0.04503973599137931
4 0.859686489762931 0.7220416891163793 0.013890759698275912 0.017258216594827624
4 0.7805512526939655 0.6536402209051724 0.02567685883620685 0.026939655172413812
4 0.7666604929956897 0.6824740705818966 0.02567685883620685 0.02651872306034475
4 0.8390608162715518 0.7550848599137931 0.017258216594827513 0.016837284482758674
4 0.8146467537715518 0.7805512526939655 0.013890759698275912 0.015574488146551713
4 0.8226444639008621 0.7249882139008621 0.018941945043103425 0.017258216594827624
4 0.9685414527720739 0.4335376026694045 0.044917864476386016 0.044917864476386016
4 0.9795373227415967 0.5125927324054622 0.01702829569327735 0.016207654936974736
4 0.9696896336659664 0.5305442489495799 0.017438616071428492 0.01682313550420167
4 0.9660993303571429 0.5008986016281514 0.011488970588235281 0.011694130777310963
4 0.9572774422268908 0.4934102547268908 0.00738576680672276 0.00861672794117646
4 0.9477374934348739 0.4934102547268908 0.008001247373949583 0.008206407563025209
4 0.9391207654936975 0.4889993106617647 0.009642528886554591 0.008821888130252087
4 0.9295808167016808 0.5103359703256303 0.012719931722689037 0.013335412289915971
4 0.9413775275735294 0.5167985162815126 0.011694130777310852 0.012309611344537785
4 0.9513277967436975 0.501616662289916 0.008616727941176516 0.007796087184873901
4 0.9568671218487396 0.5104385504201681 0.010668329831932777 0.010258009453781525
4 0.9532768185399161 0.5235688025210083 0.011694130777310963 0.012719931722689037
4 0.6639130261479592 0.7839903539540817 0.026407047193877542 0.028400031887755084
4 0.6798569036989797 0.7418885522959184 0.019431600765306034 0.01893335459183676
4 0.7090043048469388 0.7067621970663265 0.026905293367346927 0.029396524234693966
4 0.7199657206632653 0.7655552455357143 0.0279017857142857 0.027403539540816313
4 0.7012814891581632 0.8084044164540817 0.021424585459183687 0.022421077806122458
4 0.8173728475765306 0.17189492984693877 0.015445631377551061 0.01594387755102042
4 0.7416394292091837 0.6517059948979591 0.03238600127551017 0.03288424744897955
4 0.8465202487244898 0.08345623405612246 0.04783163265306123 0.04932637117346939
4 0.8973413584183674 0.08619658801020408 0.04583864795918369 0.046835140306122444
4 0.8761658960459184 0.04035794005102041 0.048329878826530615 0.0448421556122449
4 0.4906395296852647 0.25509097818311877 0.016206187410586548 0.017882689556509318
