0 0.06225980987055016 0.9261541767799353 0.02022653721682848 0.009165149676375384
0 0.14980279126213591 0.9449585355987056 0.01200950647249191 0.010745347896440105
0 0.22264992920711973 0.8476183252427185 0.013589704692556631 0.01264158576051777
0 0.07925421573875803 0.7698532855995717 0.011710385438972154 0.006900762847965702
0 0.09755169298715204 0.7664029041755889 0.012337727516059965 0.007946332976445314
0 0.16279526900428265 0.753751505620985 0.015683551927194866 0.009410131156316837
0 0.18715705299785867 0.7485236549785867 0.013383297644539605 0.008573675053533236
0 0.27734375 0.67431640625 0.008203124999999978 0.013085937500000089
0 0.27431640625 0.66123046875 0.009570312500000011 0.011914062500000044
0 0.2728515625 0.6465820312499999 0.009374999999999967 0.012304687500000022
0 0.26181640625 0.626953125 0.009960937499999989 0.01796875000000009
0 0.24052734375 0.61259765625 0.009570312499999983 0.0146484375
0 0.237890625 0.597265625 0.008984374999999989 0.009765625
0 0.2357421875 0.5826171875 0.010937499999999989 0.014453124999999956
0 0.2341796875 0.56708984375 0.0078125 0.013476562500000067
0 0.23173828125 0.5528320312499999 0.009179687500000006 0.014257812500000022
0 0.22880859375 0.538671875 0.0107421875 0.015625
0 0.25869140625 0.55244140625 0.011132812500000033 0.017773437499999933
0 0.25458984375000004 0.53564453125 0.009570312500000011 0.0146484375
0 0.12497198386270492 0.5014888575819673 0.01620933657786887 0.007604380122950893
0 0.07814501152663936 0.5067919121413935 0.015008644979508198 0.007804495389344246
0 0.059534291752049176 0.508392834272541 0.015408875512295077 0.007404264856557319
0 0.0399229956454918 0.5113945632684427 0.018610719774590164 0.009405417520491732
0 0.24228515625 0.44316406249999996 0.008007812499999989 0.012500000000000011
0 0.21650390625 0.447265625 0.009960937500000017 0.016015624999999978
0 0.2275390625 0.40283203125 0.007031249999999989 0.011914062500000044
0 0.209375 0.40351562500000004 0.008593750000000011 0.012500000000000011
0 0.2056640625 0.38886718750000004 0.009765625 0.014453125000000011
0 0.09907626395781641 0.6794403303349876 0.018416563275434242 0.01017757444168732
0 0.08332525589330027 0.6502403846153846 0.01744727047146402 0.008965958436724542
0 0.12064302884615388 0.2455606389578164 0.016477977667493815 0.008481312034739452
0 0.016807537220843702 0.2626444246277916 0.013812422456575683 0.009692928039702231
0 0.10149949596774197 0.19200721153846156 0.010177574441687334 0.014781715260545891
0 0.07181490384615387 0.18388938430521096 0.01284312965260545 0.008238988833746907
0 0.08168875888625593 0.17564240225118483 0.008330864928909942 0.015736078199052123
0 0.2181640625 0.33857421875000004 0.007031249999999989 0.011523437500000011
0 0.20166015625 0.3501953125 0.0107421875 0.01679687499999999
0 0.19570312499999998 0.31748046875 0.009374999999999994 0.013085937500000033
0 0.1935546875 0.30107421875 0.012109375000000006 0.014257812500000022
0 0.19013671875 0.27353515625 0.009570312499999983 0.016210937499999967
0 0.15810546874999998 0.03603515625 0.009179687500000006 0.0146484375
0 0.15966796875 0.111328125 0.009960937499999989 0.01171875
0 0.16455078125 0.12392578125 0.008007812499999989 0.013476562500000011
0 0.16561284046692606 0.13939384727626458 0.01418612191958496 0.016972681582360566
0 0.1705526507782101 0.15775980869001296 0.00937297341115434 0.01266618028534372
0 0.17422584306095978 0.17093263618677043 0.009626297016861213 0.010639591439688734
0 0.17675907911802852 0.1857520671206226 0.011652885862516199 0.014439445525291833
0 0.13107178381962864 0.115529675066313 0.0077710543766578155 0.010879476127320958
2 0.7873125369385342 0.4153876699172577 0.015468011229314405 0.011774157801418439
2 0.8475685209810874 0.40072768912529555 0.014544547872340496 0.010619828605200943
2 0.8816212322695034 0.3865294400118203 0.016160608747044836 0.01038896276595741
2 0.4141375092319054 0.7599012186115214 0.02279126661742986 0.009808899556868589
2 0.4134162666174298 0.768700378508124 0.017309822747415105 0.009520402511078219
2 0.4213499353766617 0.7746145679468242 0.021060284342688362 0.010962887740029514
2 0.4177437223042836 0.7844234675036927 0.021925775480059084 0.008077917282127034
2 0.4217826809453471 0.7913473966026587 0.021925775480059084 0.009808899556868589
2 0.42336941469719347 0.8002908050221565 0.016444331610044327 0.008654911373707552
2 0.42596588810930575 0.8138501661742983 0.020483290251107844 0.009808899556868478
2 0.4291393556129985 0.8223608290251108 0.01875230797636629 0.00952040251107833
2 0.4313969756036218 0.8318465480382294 0.025347396881287676 0.010021063883299819
2 0.4336566272635815 0.8405904175050303 0.022007042253521125 0.00825264084507038
2 0.43326364436619724 0.8492360412474849 0.02122107645875254 0.00903860663983902
2 0.4369969818913481 0.8562114876760564 0.019256161971831 0.0096280809859155
2 0.4358180331991952 0.8663307972837022 0.016505281690140816 0.0086456237424547
2 0.4376847019617707 0.8753694039235413 0.019452653420523103 0.0086456237424547
2 0.44200751383299797 0.8830325704225352 0.016701773138832976 0.00903860663983902
2 0.4422040052816901 0.8925624056841046 0.0214175679074447 0.010414046780684028
2 0.44357944542253525 0.9016992580482899 0.017094756036217296 0.00943158953722334
2 0.44888471453722334 0.9077904929577465 0.02181055080482902 0.009824572434607659
2 0.4484917316398391 0.9171238367706238 0.01866668762575452 0.00923509808853118
2 0.4512426119215292 0.9248852489939638 0.021024585010060326 0.010217555331991979
2 0.45595840669014087 0.936674735915493 0.029277225855130817 0.012575452716297786
2 0.4232425804828974 0.9497414172535211 0.020435110663983902 0.00923509808853118
2 0.4252074949698189 0.9644782759054327 0.01886317907444668 0.00805614939637822
2 0.42727065518108653 0.9722396881287727 0.021417567907444646 0.010217555331991979
2 0.4301197811871228 0.9881554954728371 0.020435110663983902 0.00943158953722334
2 0.4873046875 0.748828125 0.016015624999999978 0.009765625
2 0.484765625 0.756640625 0.019140624999999967 0.009375000000000022
2 0.48935546875 0.7701171875 0.018945312500000033 0.007031250000000044
2 0.48857421875 0.77841796875 0.0146484375 0.007617187499999956
2 0.49228515625 0.7865234375 0.0205078125 0.010546874999999956
2 0.491015625 0.795703125 0.021874999999999978 0.008984374999999933
2 0.49501953125 0.80283203125 0.019335937499999956 0.008007812500000044
2 0.496875 0.8099609375 0.019921874999999978 0.008984375000000044
2 0.49941406250000003 0.8205078125 0.019140625000000022 0.010937499999999933
2 0.501953125 0.834765625 0.023828125000000033 0.010937499999999933
2 0.5044921875 0.8458984375 0.02226562500000001 0.009765625
2 0.5046875 0.85380859375 0.02265624999999999 0.009179687499999978
2 0.51025390625 0.86259765625 0.020898437500000033 0.011523437500000067
2 0.5091796875 0.87041015625 0.021484375 0.007617187500000067
2 0.50966796875 0.87705078125 0.023242187499999956 0.009570312499999956
2 0.51328125 0.88583984375 0.021484375 0.0107421875
2 0.5169921875 0.894921875 0.018359374999999956 0.008984375000000044
2 0.51953125 0.90234375 0.01953125 0.009765625
2 0.5125 0.7412109375 0.017578125 0.009374999999999911
2 0.5118164062499999 0.74931640625 0.014257812500000022 0.009570312500000067
2 0.5125 0.7586914062500001 0.014843749999999933 0.011132812499999978
2 0.5150390625000001 0.766015625 0.017968749999999978 0.010546874999999956
2 0.51826171875 0.77294921875 0.018945312499999978 0.009570312499999956
2 0.51953125 0.78056640625 0.016796875000000044 0.008398437500000022
2 0.52197265625 0.78828125 0.02011718749999991 0.008203124999999978
2 0.52236328125 0.796875 0.017382812499999956 0.0078125
2 0.52802734375 0.8031250000000001 0.020117187500000022 0.010156249999999978
2 0.5248046875000001 0.8123046875 0.016015624999999978 0.010546875000000067
2 0.529296875 0.8203125 0.01992187500000009 0.010546874999999956
2 0.5306640625 0.8296875 0.016796875000000044 0.008593749999999956
2 0.53486328125 0.83759765625 0.0205078125 0.009960937499999933
2 0.5390625 0.853515625 0.024218749999999956 0.010546874999999956
2 0.541015625 0.87041015625 0.021484375 0.009570312500000067
2 0.54375 0.87841796875 0.024218750000000067 0.0107421875
2 0.54755859375 0.8962890625 0.023242187500000067 0.011328125000000022
2 0.502734375 0.9529296875 0.021093750000000022 0.014453125000000067
2 0.5077148437500001 0.96015625 0.018164062500000022 0.013281250000000022
2 0.5123046874999999 0.96796875 0.017968749999999978 0.012890624999999933
2 0.5147460937499999 0.9771484374999999 0.020117187500000022 0.013281250000000022
2 0.51826171875 0.9833007812500001 0.020117187500000022 0.012304687500000022
2 0.5251953125 0.99140625 0.01953125 0.012500000000000067
2 0.5291015625 0.9376953125 0.022265625000000067 0.016796874999999933
2 0.53486328125 0.945703125 0.020898437499999978 0.012890625000000044
2 0.53994140625 0.9541015625 0.0224609375 0.012499999999999956
2 0.5406249999999999 0.9632812500000001 0.019140625000000022 0.014062499999999978
2 0.544921875 0.9705078125 0.015625 0.014453125000000067
2 0.5537109375 0.978125 0.022656250000000044 0.013671875
2 0.555859375 0.9869140625 0.021484375 0.016406249999999956
2 0.5325631045949215 0.7370862303506651 0.0113361547762999 0.025034008464328905
2 0.5413013905683193 0.7363777206771464 0.013225513905683162 0.024561668681983173
2 0.5513386109431682 0.7347245314389359 0.013934023579201926 0.02739570737605812
2 0.5625566807738815 0.7344883615477631 0.014170193470374848 0.026451027811366434
2 0.5689332678355502 0.7301192185610641 0.01133615477629979 0.024797838573155984
2 0.5796789978839179 0.7292926239419589 0.012044664449818554 0.02739570737605801
2 0.5946757859733978 0.72492348095526 0.011808494558645743 0.02243613966142688
2 0.6029417321644499 0.7219713573155986 0.009919135429262371 0.02597868802902048
2 0.624452855912744 0.7161667623421355 0.015248277841561353 0.008521096440872511
2 0.6277043269230769 0.7236787815729047 0.015920995981630326 0.009193814580941373
2 0.633086072043628 0.7379179822043628 0.01816338978185983 0.010763490241102236
2 0.6338709098737083 0.7481208739954075 0.017939150401837023 0.008745335820895539
2 0.6357769446039035 0.7623600746268657 0.01906034730195172 0.012557405281285905
2 0.6395890140642939 0.772002367967853 0.0208542623421355 0.009866532721010346
2 0.6404859715843858 0.7824294991389207 0.01726643226176805 0.009642293340987318
2 0.6422798866245694 0.7903899971297359 0.021302741102181444 0.010763490241102236
2 0.6429526047646383 0.798350495120551 0.02175121986222739 0.008745335820895539
2 0.6462040757749712 0.8060867537313432 0.02152698048220436 0.010315011481056291
2 0.6495676664753157 0.8236895450631458 0.02511481056257181 0.011884687141216932
2 0.6516979405855339 0.8328833596440872 0.022199698622273223 0.008745335820895539
2 0.6530433768656716 0.8409559773249138 0.023096656142365113 0.009193814580941484
2 0.654052454075775 0.8488043556257175 0.022872416762342196 0.011884687141217043
2 0.6585372416762342 0.8585587686567164 0.018387629161882968 0.006727181400688953
2 0.6583130022962111 0.8664071469575201 0.019284586681974747 0.008072617680826677
2 0.6617887126865671 0.8734706874282434 0.022199698622273223 0.00784837830080376
2 0.6621250717566016 0.88154330510907 0.020181544202066637 0.007848378300803649
2 0.6643674655568312 0.8890553243398391 0.022872416762342085 0.008521096440872511
2 0.665488662456946 0.8967915829506314 0.023769374282433975 0.008296857060849594
2 0.6678431759471871 0.9049763203214696 0.023545134902410947 0.008521096440872511
2 0.6701976894374282 0.9127125789322617 0.018836107921928802 0.007399899540757704
2 0.6703098091274398 0.9212336753731343 0.023545134902411058 0.010090772101033263
2 0.651953125 0.70830078125 0.016796875000000044 0.008398437500000022
2 0.65263671875 0.7158203125 0.016992187499999978 0.008203125000000089
2 0.66015625 0.7310546875 0.02187500000000009 0.009765625
2 0.66005859375 0.74189453125 0.0166015625 0.010351562500000022
2 0.6656249999999999 0.75830078125 0.019921874999999978 0.0107421875
2 0.66865234375 0.7684570312500001 0.020898437499999978 0.008398437500000022
2 0.6740234375 0.791796875 0.021484375 0.009765625
2 0.6771484375 0.8 0.020312499999999956 0.009765625
2 0.681640625 0.8060546875 0.02304687499999991 0.010937500000000044
2 0.6814453125 0.81640625 0.024609374999999933 0.008984375000000044
2 0.68603515625 0.8330078125 0.027148437499999956 0.01171875
2 0.6873046875 0.84912109375 0.022656249999999933 0.0107421875
2 0.69140625 0.85673828125 0.02187500000000009 0.011523437500000067
2 0.6921875 0.8658203124999999 0.021093750000000022 0.007421875000000022
2 0.6942382812500001 0.8736328125 0.024023437500000022 0.008984375000000044
2 0.69677734375 0.88115234375 0.02402343749999991 0.009179687499999978
2 0.69716796875 0.88818359375 0.021679687500000044 0.009179687500000089
2 0.6982421875 0.8970703125 0.020312499999999956 0.008984375000000044
2 0.7035156250000001 0.9126953125 0.019921874999999978 0.010546874999999956
2 0.6807731079404467 0.7036726504342432 0.011873836848635189 0.023263027295285288
2 0.6903448743796525 0.7037938120347393 0.009208281637717142 0.024474643300248178
2 0.6980992168114144 0.7022187112282878 0.008723635235731941 0.027140198511166225
2 0.7036726504342432 0.6997954792183623 0.0116315136476427 0.02374767369727049
2 0.7133655784739454 0.6972510856079404 0.01017757444168732 0.0225360576923076
2 0.719302496898263 0.6953125 0.012358483250620278 0.02253605769230771
2 0.7271780009305211 0.6910718439826302 0.007754342431761763 0.019385856079404462
2 0.7338418889578163 0.6919199751861042 0.01041989764267992 0.023505350496277888
2 0.7425655241935484 0.687921642369727 0.0113891904466501 0.02180908808933002
2 0.7503198666253101 0.690950682382134 0.0113891904466501 0.026897875310173625
2 0.7575895626550868 0.6839233095533499 0.00993525124069472 0.02059747208436724
2 0.7681306218982631 0.6828328551488834 0.012600806451612878 0.027140198511166225
2 0.7985421836228288 0.6819847239454093 0.017689593672456483 0.00945060483870963
2 0.8009654156327544 0.6971299240074441 0.02059747208436724 0.013570099255583168
2 0.8036309708436724 0.707549821650124 0.02059747208436724 0.010177574441687431
2 0.8056640625 0.72294921875 0.022656250000000044 0.011132812499999978
2 0.80771484375 0.7326171875 0.025195312499999956 0.010156249999999978
2 0.80927734375 0.7420898437500001 0.023632812499999933 0.008398437500000022
2 0.8107421875 0.75068359375 0.023046875000000022 0.0087890625
2 0.8171875 0.76728515625 0.022265625000000067 0.009179687499999978
2 0.818359375 0.7748046875000001 0.018750000000000044 0.007421875000000022
2 0.820703125 0.7828125 0.020703125000000044 0.009765625
2 0.8220703125 0.791015625 0.01953125 0.009765625
2 0.82412109375 0.799609375 0.021679687500000044 0.008203124999999978
2 0.82490234375 0.807421875 0.019335937500000067 0.009765625
2 0.8280273437500001 0.815234375 0.024804687499999978 0.010546875000000067
2 0.8287109374999999 0.823046875 0.019921874999999978 0.008593750000000067
2 0.8318359375 0.83037109375 0.020312500000000067 0.0087890625
2 0.8324218750000001 0.83916015625 0.019921874999999978 0.011523437500000067
2 0.8369140625 0.8462890624999999 0.02187500000000009 0.008203124999999978
2 0.8373046875000001 0.85498046875 0.019921874999999978 0.0107421875
2 0.84228515625 0.87099609375 0.0205078125 0.011914062500000044
2 0.83935546875 0.66142578125 0.0107421875 0.021679687499999933
2 0.8599609375 0.66044921875 0.009765625 0.020898437499999978
2 0.86767578125 0.65703125 0.008398437499999911 0.017578125
2 0.87412109375 0.6548828124999999 0.008007812500000044 0.017187500000000022
2 0.88203125 0.65234375 0.009375000000000022 0.015625
2 0.8921875 0.6493164062500001 0.009765625 0.014257812500000022
2 0.898046875 0.64716796875 0.0078125 0.0146484375
2 0.90693359375 0.6453125 0.014257812500000022 0.017968749999999978
2 0.92216796875 0.64951171875 0.011132812499999978 0.023632812500000044
2 0.9332031249999999 0.64580078125 0.012109374999999978 0.0244140625
2 0.829296875 0.6822265625 0.023046875000000022 0.01171875
2 0.83408203125 0.6970703125 0.021289062499999956 0.010546875000000067
2 0.8377929687500001 0.705859375 0.022851562499999978 0.009375000000000022
2 0.8396484375 0.71455078125 0.021484375 0.011132812499999978
2 0.8428710937499999 0.724609375 0.026757812499999978 0.011328124999999911
2 0.84248046875 0.7359375 0.023242187500000067 0.008593749999999956
2 0.8458984375 0.74228515625 0.023828124999999978 0.009570312499999956
2 0.84794921875 0.7509765625 0.0244140625 0.009765625
2 0.8478515625 0.7574218749999999 0.022656249999999933 0.011328125000000022
2 0.85185546875 0.76630859375 0.020117187500000022 0.009179687499999978
2 0.85302734375 0.77509765625 0.02207031249999991 0.007617187500000067
2 0.85341796875 0.78251953125 0.0185546875 0.0087890625
2 0.856640625 0.7916015624999999 0.019140625000000022 0.009375000000000022
2 0.8568359375 0.79873046875 0.020703125000000044 0.008007812500000044
2 0.85908203125 0.8084960937500001 0.0224609375 0.009179687499999978
2 0.8615234375 0.81484375 0.021093750000000022 0.008984375000000044
2 0.86376953125 0.8226562500000001 0.023242187499999956 0.009375000000000022
2 0.86396484375 0.830859375 0.0224609375 0.010937499999999933
2 0.8654296875 0.83955078125 0.022265625000000067 0.007226562499999978
2 0.8693359375 0.84638671875 0.020312500000000067 0.009570312500000067
2 0.871484375 0.8548828125 0.021484375 0.009765625
2 0.871875 0.86220703125 0.024218750000000067 0.0107421875
2 0.87646484375 0.87158203125 0.02285156250000009 0.011132812500000089
2 0.94287109375 0.6400390625 0.011523437499999956 0.026171874999999956
2 0.95341796875 0.63720703125 0.009179687499999978 0.02285156250000009
2 0.96142578125 0.6359375 0.009960937500000044 0.024218750000000067
2 0.97001953125 0.63408203125 0.011132812499999978 0.025195312500000067
2 0.97783203125 0.6338867187499999 0.011132812499999978 0.022851562499999978
2 0.98369140625 0.626171875 0.008007812499999933 0.018359375000000067
2 0.91767578125 0.937109375 0.0087890625 0.0234375
2 0.92646484375 0.9359375000000001 0.011523437500000067 0.023828124999999978
2 0.9451171875 0.9295898437500001 0.014062499999999978 0.026757812499999978
2 0.95439453125 0.927734375 0.011523437500000067 0.02695312499999991
2 0.96572265625 0.925 0.011523437499999956 0.026953125000000022
2 0.9771484374999999 0.9232421875 0.012109374999999978 0.021484375
2 0.98525390625 0.91875 0.011914062500000044 0.030078125000000067
2 0.99384765625 0.9177734375 0.008398437500000022 0.023828124999999978
2 0.89658203125 0.94306640625 0.009960937500000044 0.0224609375
2 0.887890625 0.94287109375 0.010156249999999978 0.027539062500000044
2 0.8779296875 0.94609375 0.01171875 0.025781249999999978
2 0.8695312500000001 0.94921875 0.012109374999999978 0.022656250000000044
2 0.86103515625 0.95302734375 0.009570312500000067 0.021289062499999956
2 0.8505859375 0.95205078125 0.010937500000000044 0.025585937500000044
2 0.84130859375 0.9564453125 0.010351562499999911 0.020703125000000044
2 0.83232421875 0.95849609375 0.012304687500000022 0.025585937500000044
2 0.821875 0.96357421875 0.010546874999999956 0.0205078125
2 0.811328125 0.9626953125 0.012109374999999978 0.025390625
2 0.80400390625 0.967578125 0.011132812499999978 0.021874999999999978
2 0.79677734375 0.970703125 0.009960937500000044 0.01953125
2 0.78857421875 0.973046875 0.0107421875 0.018359374999999956
2 0.77734375 0.973828125 0.010546874999999956 0.019921874999999978
2 0.76787109375 0.9744140625 0.010351562500000022 0.021874999999999978
2 0.761328125 0.97734375 0.010937500000000044 0.01953125
2 0.7533203125000001 0.9789062500000001 0.011328125000000022 0.019921874999999978
2 0.73916015625 0.9859375 0.0146484375 0.021484375
2 0.7314453125 0.9884765625 0.013671875 0.019140625000000022
2 0.71640625 0.99306640625 0.012499999999999956 0.009960937500000044
2 0.9857421875 0.951953125 0.012499999999999956 0.015234375000000022
2 0.9765625 0.9640625 0.010546874999999956 0.022265625000000067
2 0.97900390625 0.98359375 0.017773437500000044 0.012890624999999933
2 0.98271484375 0.99140625 0.0185546875 0.011328125000000022
2 0.95419921875 0.965234375 0.011523437499999956 0.0234375
2 0.9384765625 0.9691406250000001 0.010546874999999956 0.027734374999999978
2 0.9318359375 0.97060546875 0.009765625 0.023632812500000044
2 0.925 0.9705078125 0.010546875000000067 0.022656249999999933
2 0.9166015625 0.97197265625 0.010546874999999956 0.020898437499999978
2 0.9090820312500001 0.9744140625 0.008398437500000022 0.022265625000000067
2 0.90126953125 0.9759765625000001 0.009570312499999956 0.021874999999999978
2 0.892578125 0.9776367187499999 0.009765625 0.020898437499999978
2 0.8841796875 0.9794921875 0.010937500000000044 0.021484375
2 0.8751953125 0.98369140625 0.009765625 0.020898437499999978
2 0.8669921875 0.98310546875 0.010546875000000067 0.022851562499999978
2 0.8576171875 0.9853515625 0.011328125000000022 0.0234375
2 0.84873046875 0.98720703125 0.0126953125 0.0205078125
2 0.833203125 0.9880859375 0.016406250000000067 0.018359375000000067
2 0.82275390625 0.9904296875 0.0107421875 0.015234375000000022
2 0.8142578125 0.99140625 0.008203124999999978 0.013281250000000022
