2 0.5778642672936893 0.01053360133495147 0.027969508495145567 0.015406932645631068
2 0.5705163455703883 0.038740139563106804 0.010903367718446688 0.017303170509708733
2 0.5611536711165048 0.03708093143203885 0.010192278519417508 0.01682911104368932
2 0.5525020858616505 0.034473604368932056 0.01042930825242716 0.014458813713592235
2 0.5455097087378641 0.027599742111650498 0.012088516383495174 0.020147527305825242
2 0.537450697815534 0.02641459344660195 0.009718219053398092 0.017777229975728153
2 0.5305768355582524 0.021911028519417487 0.012088516383495174 0.022991884101941747
2 0.5206215867718447 0.018948156856796128 0.012088516383495174 0.020384557038834954
2 0.5151699029126213 0.012548354065533993 0.013510694781553423 0.024177032766990292
2 0.5221622800364077 0.14884045054611653 0.029391686893203817 0.017066140776699046
2 0.5310508950242718 0.12975955703883496 0.026310300364077666 0.01588099211165049
2 0.5298657463592233 0.11624886225728157 0.03199901395631077 0.018725348907767003
2 0.5368581234830097 0.10712321753640777 0.027969508495145567 0.013747724514563103
2 0.542309807342233 0.09539024575242719 0.02749544902912615 0.01730317050970874
2 0.4028178094660194 0.012074294599514574 0.017303170509708754 0.023228913834951456
2 0.41455078125 0.015274195995145644 0.016118021844660213 0.02915465716019417
2 0.4267578125 0.01811855279126215 0.01256257584951459 0.026784359830097085
2 0.43623900182038833 0.025110929915048555 0.015880992111650505 0.03176198422330097
2 0.4477349438713592 0.024873900182038847 0.012325546116504826 0.022280794902912623
2 0.465234375 0.029492187500000003 0.014062500000000033 0.0203125
2 0.4732421875 0.03515625 0.012109375000000033 0.022656250000000003
2 0.48125 0.03681640625 0.009765625 0.020507812500000003
2 0.49042968750000004 0.04208984375 0.014453125000000011 0.025585937500000003
2 0.505078125 0.04755859375 0.012500000000000011 0.0244140625
2 0.56572265625 0.06923828125 0.009570312500000067 0.014648437500000007
2 0.55888671875 0.06425781250000001 0.009179687499999978 0.016796875000000003
2 0.55185546875 0.0619140625 0.009570312499999956 0.01601562499999999
2 0.544921875 0.05732421875 0.008984375000000044 0.015820312499999996
2 0.5375 0.0568359375 0.008984375000000044 0.014843749999999996
2 0.53115234375 0.053515625 0.0087890625 0.013671875
2 0.52314453125 0.05087890625 0.0146484375 0.019335937499999997
2 0.708984375 0.0857421875 0.016406249999999956 0.03125
2 0.69560546875 0.0876953125 0.011523437500000067 0.021875000000000006
2 0.68759765625 0.07890625 0.017382812499999956 0.029296875
2 0.6758789062499999 0.0783203125 0.014257812500000022 0.025390625
2 0.6654296875000001 0.071875 0.014062499999999978 0.029296874999999993
2 0.64482421875 0.06328125 0.016210937500000022 0.02734375
2 0.63515625 0.057910156250000004 0.017578125 0.0314453125
2 0.62197265625 0.0548828125 0.015429687499999956 0.030859375
2 0.61435546875 0.04951171875 0.015429687499999956 0.025585937499999996
2 0.60400390625 0.0470703125 0.011523437499999956 0.023828125
2 0.68017578125 0.121484375 0.0185546875 0.03398437500000001
2 0.67177734375 0.11455078125000001 0.013867187500000044 0.030273437500000014
2 0.65986328125 0.11210937500000001 0.016992187499999978 0.031250000000000014
2 0.6505859375 0.104296875 0.013671875 0.023828125000000006
2 0.63828125 0.1044921875 0.014453124999999956 0.029687500000000006
2 0.62744140625 0.10185546875 0.01621093749999991 0.031835937499999994
2 0.61982421875 0.092578125 0.0126953125 0.021875000000000006
2 0.60810546875 0.09287109375 0.014257812500000022 0.03183593750000001
2 0.59775390625 0.08974609375 0.0126953125 0.0263671875
2 0.587109375 0.08623046875 0.016406250000000067 0.027929687499999994
2 0.653515625 0.22744140624999998 0.014062499999999978 0.024804687500000006
2 0.642578125 0.22666015625000002 0.012890625000000044 0.022070312499999994
2 0.6244140625 0.21669921875 0.014453124999999956 0.0283203125
2 0.6142578125 0.21474609375 0.013671875 0.0263671875
2 0.60380859375 0.20966796875 0.0146484375 0.025195312499999983
2 0.5853515625 0.20302734374999998 0.012890625000000044 0.025976562499999994
2 0.57587890625 0.200390625 0.012304687500000022 0.021093749999999994
2 0.5669921874999999 0.1935546875 0.014062499999999978 0.028124999999999983
2 0.5576171875 0.18818359375 0.014843750000000044 0.0283203125
2 0.54677734375 0.18662109375 0.0126953125 0.02128906250000001
2 0.53193359375 0.2234375 0.011132812499999978 0.021484375
2 0.53974609375 0.2287109375 0.013085937499999978 0.02734375
2 0.55302734375 0.2271484375 0.0126953125 0.02265624999999999
2 0.5704101562499999 0.236328125 0.015039062499999978 0.02656249999999999
2 0.59794921875 0.250390625 0.015429687500000067 0.025781250000000033
2 0.6091796875 0.251953125 0.014453125000000067 0.025000000000000022
2 0.617578125 0.2587890625 0.018750000000000044 0.030859375000000022
2 0.6294921875 0.2578125 0.01171875 0.01953125
2 0.6376953125 0.2634765625 0.012109375000000089 0.025390625
2 0.2450542717086835 0.060273328081232536 0.014224439775910369 0.028175332633053225
2 0.2569535626750701 0.06396621148459387 0.015045080532212929 0.029543067226890755
2 0.22453825280112044 0.1021260066526611 0.02078956582633054 0.03911720938375349
2 0.2391730129551821 0.10499824929971993 0.01395089285714285 0.028995973389355736
2 0.24820006127450983 0.1062292104341737 0.010668329831932805 0.025439863445378158
2 0.2559961484593838 0.11019564075630256 0.016412815126050445 0.027901785714285712
2 0.2663909313725491 0.11183692226890758 0.010941876750700297 0.029543067226890735
2 0.27541797969187676 0.11279433648459386 0.012036064425770265 0.022704394257703084
2 0.28499212184873957 0.11635044642857145 0.010941876750700297 0.021610206582633032
2 0.29374562324929976 0.11935946253501403 0.012036064425770321 0.022157300420168058
2 0.30249912464985995 0.12359943977591038 0.009847689075630217 0.023525035014005574
2 0.31043198529411764 0.12701877626050423 0.009847689075630217 0.021063112745098034
2 0.31918548669467794 0.13043811274509806 0.010941876750700297 0.020242471988795516
2 0.32534029236694684 0.13440454306722693 0.011762517507002801 0.02270439425770307
2 0.33464088760504207 0.1394651610644258 0.01340379901960781 0.027354691876750686
2 0.3427105217086835 0.1420638567927171 0.009847689075630273 0.023798581932773122
2 0.35160079656862747 0.14493609943977592 0.010668329831932777 0.021883753501400566
2 0.3595336572128852 0.147671568627451 0.011215423669467761 0.018601190476190493
2 0.2654335171568628 0.06820618872549022 0.011762517507002801 0.02653405112044817
2 0.2698102678571429 0.07463454131652664 0.010121235994397737 0.021883753501400552
2 0.27938441001400566 0.07996870623249303 0.010668329831932777 0.019421831232492984
2 0.29018951330532217 0.0806525735294118 0.014771533613445409 0.024072128851540614
2 0.3011313900560224 0.08571319152661068 0.015318627450980393 0.024892769607843146
2 0.3097481179971989 0.08954284838935578 0.015592174369747913 0.02434567577030812
2 0.32178418242296924 0.09323573179271713 0.014497986694677889 0.026260504201680676
2 0.32985381652661067 0.09761248249299723 0.01258315826330536 0.024072128851540614
2 0.3401118259803922 0.10499824929971992 0.012309611344537785 0.022430847338935578
2 0.34954919467787116 0.1080072654061625 0.012036064425770321 0.021883753501400566
2 0.35939688375350143 0.11074273459383757 0.01258315826330536 0.022430847338935578
2 0.3674665178571429 0.11470916491596642 0.012856705182072825 0.02379858193277308
2 0.37594647233893563 0.1200433298319328 0.009027048319327713 0.016959908963585416
2 0.3838793329831933 0.12072719712885156 0.011215423669467761 0.023798581932773094
2 0.39386379551820727 0.12578781512605045 0.013677345938375385 0.02133665966386554
2 0.4015231092436975 0.1300277923669468 0.009847689075630273 0.021610206582633032
2 0.4115075717787115 0.13166907387955185 0.012309611344537785 0.02379858193277308
2 0.4186197916666667 0.1364561449579832 0.012856705182072825 0.021883753501400566
2 0.4287410276610644 0.13905484068627452 0.012856705182072825 0.022704394257703098
2 0.4875536151960785 0.2297356442577031 0.029816614145658282 0.014224439775910369
2 0.48577556022408963 0.2391730129551821 0.030090161064425747 0.012856705182072825
2 0.4812620360644258 0.2506619835434174 0.027081144957983194 0.015045080532212901
2 0.4775691526610644 0.25914193802521013 0.028448879551820738 0.01395089285714285
2 0.4730556285014006 0.26994704131652664 0.02817533263305322 0.01258315826330536
2 0.4701833858543417 0.27993150385154064 0.026260504201680634 0.011762517507002801
2 0.468405330882353 0.2897791929271709 0.024892769607843146 0.01230961134453784
2 0.37389487044817926 0.15355282738095238 0.012583158263305305 0.02325148809523811
2 0.38114386379551823 0.15847667191876752 0.012856705182072825 0.024345675770308106
2 0.39044445903361347 0.16107536764705882 0.012309611344537785 0.018054096638655454
2 0.40548953956582634 0.16873468137254904 0.015045080532212873 0.024072128851540614
2 0.41574754901960786 0.1727011116946779 0.01313025210084029 0.022704394257703098
2 0.42477459733893563 0.17543658088235295 0.013130252100840345 0.022157300420168058
2 0.4331177783613446 0.17940301120448182 0.010668329831932777 0.021883753501400566
2 0.4474789915966387 0.18487394957983194 0.011488970588235281 0.020789565826330514
2 0.4537705707282913 0.18815651260504201 0.010941876750700297 0.019695378151260517
2 0.4632079394257703 0.1926700367647059 0.009574142156862753 0.01723345588235292
2 0.4727820815826331 0.19376422443977592 0.009574142156862697 0.016686362044817937
2 0.5129934786414565 0.1817281600140056 0.010121235994397737 0.01668636204481791
2 0.45431766456582634 0.1532792804621849 0.0071122198879551846 0.01778054971988796
2 0.4703201593137255 0.1617592349439776 0.011215423669467817 0.01723345588235295
2 0.4612931109943978 0.158203125 0.008479954481792729 0.015592174369747885
2 0.48590931863727455 0.16779261648296595 0.012133642284569146 0.017026239979959917
2 0.4982386648296593 0.17522936497995995 0.008219564128256474 0.0131121618236473
2 0.505871117234469 0.1779692196893788 0.00743674849699405 0.017026239979959917
2 0.48140812875751504 0.19479975576152309 0.010959418837675372 0.017026239979959917
2 0.4870835420841684 0.19773531437875752 0.011350826653306612 0.016243424348697383
2 0.49530310621242485 0.20174724448897796 0.009785195390781598 0.017613351703406804
2 0.586328125 0.3650390625 0.010937500000000044 0.021874999999999978
2 0.578125 0.36044921875 0.012890625000000044 0.02363281249999999
2 0.567578125 0.35595703125 0.014843749999999933 0.025976562500000022
2 0.5599609375000001 0.35078125000000004 0.014062499999999978 0.03046874999999999
2 0.55146484375 0.34482421875 0.0166015625 0.03300781250000001
2 0.5384765625 0.34658203125 0.01171875 0.02324218750000001
2 0.53046875 0.34326171875 0.012109374999999978 0.0224609375
2 0.52236328125 0.3412109375 0.009570312499999956 0.02031250000000001
2 0.5154296875 0.33564453125000004 0.011328125000000022 0.02363281249999999
2 0.50595703125 0.3318359375 0.0087890625 0.021874999999999978
2 0.50087890625 0.32666015625 0.013085937500000033 0.024023437500000022
2 0.49189453125 0.32509765625 0.013085937499999978 0.022851562500000033
2 0.58291015625 0.39931640625 0.011523437499999956 0.0224609375
2 0.57099609375 0.3998046875 0.015820312499999933 0.02812500000000001
2 0.56513671875 0.39345703125 0.0126953125 0.0224609375
2 0.5537109375 0.3916015625 0.014843750000000044 0.029687499999999978
2 0.54384765625 0.38876953125 0.015429687499999956 0.0283203125
2 0.5162109374999999 0.3759765625 0.015234375000000022 0.025000000000000022
2 0.5109375 0.3697265625 0.012109374999999978 0.02226562500000001
2 0.50146484375 0.3681640625 0.013085937500000033 0.024609375000000044
2 0.49091796875000004 0.36933593750000004 0.015429687500000011 0.02851562499999999
2 0.48359375 0.3658203125 0.014062499999999978 0.024999999999999967
2 0.47568359375 0.36240234375 0.015039062500000033 0.0244140625
2 0.14716796875 0.18212890625 0.015820312500000017 0.0283203125
2 0.1337890625 0.21933593750000002 0.015625 0.021093749999999994
2 0.144140625 0.22255859375 0.012890624999999989 0.0224609375
2 0.15283203125 0.22714843750000002 0.013476562500000011 0.023828125000000006
2 0.16796875 0.19306640625 0.014843749999999989 0.027148437499999983
2 0.18720703125 0.20244140625 0.013867187500000017 0.021289062499999983
2 0.19687500000000002 0.20693359375 0.011328124999999994 0.02167968749999999
2 0.204296875 0.211328125 0.009374999999999994 0.015625
2 0.21259765625 0.21474609375 0.008398437499999994 0.01777343749999999
2 0.21962890625 0.21416015625 0.009960937499999989 0.023242187499999983
2 0.22783203125 0.221484375 0.0107421875 0.018359374999999983
2 0.17314453125 0.23330078124999998 0.011132812500000006 0.020898437500000006
2 0.18232421875 0.23515625 0.0126953125 0.021484375
2 0.18896484375 0.24052734375 0.011132812499999978 0.022070312500000022
2 0.1986328125 0.24384765625 0.010937499999999989 0.022851562499999978
2 0.206640625 0.24638671874999998 0.010937499999999989 0.01972656249999999
2 0.2158203125 0.2486328125 0.010156249999999978 0.02226562500000001
2 0.22158203124999998 0.254296875 0.011132812500000006 0.02265624999999999
2 0.23271484375 0.25517578125 0.011132812500000006 0.0185546875
2 0.23994140625 0.2623046875 0.0072265625000000056 0.011328124999999967
2 0.246875 0.26357421875 0.012109375000000006 0.02167968749999999
2 0.25498046875 0.26484375 0.009960937499999989 0.017578125
2 0.262109375 0.271484375 0.01171875 0.0234375
2 0.26953125 0.275 0.012109374999999978 0.02421875000000001
2 0.27753906250000004 0.27763671874999996 0.008984374999999989 0.01972656249999999
2 0.23525390624999998 0.2263671875 0.009179687500000006 0.016015625000000006
2 0.244140625 0.2275390625 0.011328125000000022 0.02265624999999999
2 0.25205078125 0.230859375 0.010742187500000028 0.01835937500000001
2 0.26669921875 0.236328125 0.011914062499999989 0.01953125
2 0.27529296875 0.2392578125 0.013085937500000033 0.022265624999999983
2 0.28974609375 0.2470703125 0.0107421875 0.018750000000000017
2 0.3083984375 0.250390625 0.012109374999999978 0.023046874999999994
2 0.31611328125 0.2552734375 0.014257812500000022 0.025390624999999972
2 0.28701171875 0.2779296875 0.009179687500000033 0.014062500000000033
2 0.29296875 0.2826171875 0.010546874999999956 0.017968750000000033
2 0.3005859375 0.284765625 0.009765625 0.02460937499999999
2 0.30878906250000004 0.2884765625 0.010546875000000011 0.023046874999999967
2 0.31640625 0.29169921875000004 0.008593749999999956 0.01972656249999999
2 0.32509765625 0.26005859375 0.009960937499999989 0.021289062499999983
2 0.33232421874999996 0.26416015625 0.009570312500000011 0.017773437500000044
2 0.33857421875 0.267578125 0.0087890625 0.016015624999999978
2 0.34580078125 0.26806640625 0.008398437499999967 0.020898437499999978
2 0.467314506489071 0.31736146687158473 0.01040599385245905 0.02054516734972678
2 0.45784238387978143 0.31629418545081966 0.009071892076502719 0.016276041666666685
2 0.4493041325136612 0.31442644296448086 0.008538251366120242 0.013607838114754134
2 0.4431672643442623 0.3101573172814208 0.009605532786885251 0.015742400956284153
2 0.4368969859972678 0.3076225239071039 0.009872353142076518 0.018143784153005493
2 0.42835873463114754 0.3033533982240437 0.010405993852458995 0.01600922131147542
2 0.42088776468579236 0.2977501707650273 0.012006915983606592 0.023480191256830596
2 0.412749743852459 0.29494855703551914 0.01067281420765026 0.022679730191256797
2 0.4046117230191257 0.29067943135245905 0.01147327527322406 0.020011526639344246
2 0.3958066512978142 0.28841145833333337 0.01147327527322406 0.01867742486338797
2 0.3878020406420765 0.28467597336065575 0.014675119535519143 0.02134562841530052
2 0.3797974299863388 0.28094048838797814 0.01147327527322406 0.02241290983606553
2 0.371125768442623 0.2770715932377049 0.014408299180327877 0.023747011612021862
2 0.3619204661885246 0.27453679986338797 0.012540556693989069 0.02187926912568311
2 0.35378244535519127 0.27240223702185795 0.008538251366120186 0.01707650273224043
2 0.45380859375 0.347265625 0.010351562500000022 0.021093749999999967
2 0.44462890625 0.34287109375 0.0107421875 0.0244140625
2 0.43574218750000004 0.34150390625000004 0.010546875000000011 0.02363281249999999
2 0.4271484375 0.3375 0.010546875000000011 0.02265624999999999
2 0.41875 0.33544921875 0.011328125000000022 0.020898437499999978
2 0.40498046875 0.32734375000000004 0.012304687500000022 0.01874999999999999
2 0.39628906249999996 0.32275390625 0.010546875000000011 0.0224609375
2 0.3873046875 0.32177734375 0.01171875 0.020117187500000022
2 0.380078125 0.317578125 0.011328125000000022 0.021484375
2 0.36513671875 0.31074218750000004 0.011914062499999989 0.02226562500000001
2 0.35595703125 0.30771484375 0.013085937499999978 0.0224609375
2 0.34599609375 0.30380859375 0.013085937499999978 0.020117187499999967
2 0.3408203125 0.29951171875000004 0.009765625 0.01933593750000001
2 0.3248046875 0.29384765625 0.012500000000000011 0.020898437500000033
2 0.33232421875 0.29716796875 0.011132812499999978 0.020117187500000022
2 0.49746093750000003 0.5218750000000001 0.011328125000000022 0.019921874999999978
2 0.48896484375000004 0.5138671875 0.013867187499999989 0.026953125000000022
2 0.47744140625 0.51708984375 0.011132812500000033 0.01699218750000009
2 0.4724609375 0.5044921875 0.017578125 0.03476562499999997
2 0.4578125 0.5072265625 0.01171875 0.017968750000000033
2 0.45 0.50205078125 0.015234375000000022 0.02519531250000001
2 0.44121093749999996 0.495703125 0.012500000000000011 0.02421875000000001
2 0.43095703125 0.49404296875000003 0.011132812499999978 0.024023437500000022
2 0.48291015625 0.55859375 0.0126953125 0.028124999999999956
2 0.476171875 0.55029296875 0.009765625 0.02285156250000009
2 0.46875 0.54912109375 0.010156249999999978 0.023632812499999933
2 0.46025390624999996 0.5450195312499999 0.013476562500000011 0.022851562499999978
2 0.4515625 0.5404296875000001 0.012109375000000033 0.021093750000000022
2 0.43515625 0.53193359375 0.010156250000000033 0.017382812500000067
2 0.42578125 0.5287109375 0.01171875 0.020312499999999956
2 0.0939453125 0.1244140625 0.027734375000000006 0.016796875000000003
2 0.0900390625 0.1126953125 0.029296875 0.016406249999999997
2 0.08525390625000001 0.1025390625 0.027148437499999997 0.01874999999999999
2 0.0791015625 0.09501953125 0.02734375 0.016992187500000006
2 0.07333984375 0.0859375 0.023242187499999997 0.011328124999999994
2 0.06826171875 0.07822265625 0.02675781249999999 0.0146484375
2 0.06533203125 0.0669921875 0.022460937500000007 0.014453124999999997
2 0.05859375 0.058496093750000006 0.026171875000000004 0.018554687500000007
2 0.05068359375 0.05087890625 0.017773437500000003 0.011523437499999997
2 0.04697265625 0.04208984375 0.0205078125 0.0126953125
2 0.041015625 0.034765625 0.018750000000000003 0.013281249999999998
2 0.04013671875 0.024609375 0.0224609375 0.016015625
2 0.03408203125 0.01513671875 0.022851562500000002 0.013867187500000001
2 0.02783203125 0.00732421875 0.019726562500000003 0.0107421875
2 0.0625 0.1455078125 0.020703124999999996 0.01640625000000001
2 0.057812499999999996 0.1357421875 0.020312499999999997 0.012500000000000011
2 0.05439453125 0.12685546874999998 0.018945312500000006 0.010351562499999994
2 0.0494140625 0.11894531250000001 0.018359374999999997 0.013671875000000014
2 0.047265625 0.11064453125000001 0.018359374999999997 0.011523437499999997
2 0.0412109375 0.10244140625 0.0203125 0.013085937499999992
2 0.08564453125 0.33349609375 0.024023437499999994 0.0263671875
2 0.0779296875 0.32578125 0.021093749999999994 0.023046874999999967
2 0.06728515625 0.3158203125 0.023632812500000003 0.024999999999999967
2 0.05810546875 0.30966796875 0.0185546875 0.01972656249999999
2 0.0615234375 0.365234375 0.019140624999999994 0.020312499999999956
2 0.05302734375 0.35888671875 0.0224609375 0.021679687500000044
2 0.04619140625 0.35126953125000004 0.019726562499999996 0.02324218750000001
2 0.03330078125 0.34687500000000004 0.027929687499999998 0.03046874999999999
2 0.02373046875 0.33662109375000004 0.029101562500000004 0.02949218749999999
2 0.01708984375 0.3248046875 0.021679687500000003 0.02265624999999999
2 0.042871093750000006 0.29267578125000004 0.0228515625 0.02128906250000001
2 0.0384765625 0.28125 0.028124999999999997 0.028515625000000044
2 0.0244140625 0.27587890625 0.019921875000000002 0.020117187500000022
2 0.0162109375 0.26904296875 0.023828125 0.019726562500000044
2 0.0083984375 0.31708984375000004 0.01640625 0.02167968749999999
2 0.40537109375 0.486328125 0.011914062499999989 0.024609375000000044
2 0.39697265625 0.48330078125 0.013085937499999978 0.0244140625
2 0.38828125 0.48115234375 0.013671875 0.0283203125
2 0.37958984375 0.47587890625 0.015039062499999978 0.029882812500000022
2 0.366796875 0.47539062499999996 0.013671875 0.02070312499999999
2 0.35078125 0.467578125 0.010156249999999978 0.021484375
2 0.343359375 0.46103515625 0.012500000000000011 0.02753906249999999
2 0.33330078124999996 0.46279296875 0.009570312500000011 0.022070312499999967
2 0.3251953125 0.465625 0.010156249999999978 0.017187500000000022
2 0.3177734375 0.46689453125 0.011328124999999967 0.0205078125
2 0.29384765625 0.48203125 0.012304687499999967 0.021484375
2 0.3013671875 0.47802734375 0.012109375000000033 0.021679687500000044
2 0.30869140625 0.47265625 0.012304687499999967 0.020703125000000044
2 0.261328125 0.49599609375000003 0.014453125000000011 0.024023437500000022
2 0.27109375 0.49472656249999997 0.013671875 0.017968749999999978
2 0.24160156249999998 0.50458984375 0.016015625000000006 0.025585937499999933
2 0.20712890625 0.51142578125 0.009570312500000011 0.019726562499999933
2 0.19892578125 0.50810546875 0.009960937500000017 0.020117187500000022
2 0.19169921875 0.50556640625 0.0087890625 0.020117187500000022
2 0.1845703125 0.50166015625 0.008984374999999989 0.022070312500000022
2 0.11328125 0.534375 0.025390625 0.014453125000000067
2 0.1029296875 0.55 0.02968749999999999 0.015234375000000022
2 0.05078125 0.5829101562500001 0.023828125000000006 0.010351562500000022
2 0.045800781250000006 0.5941406250000001 0.0228515625 0.009375000000000022
2 0.04462890625 0.60341796875 0.0228515625 0.009960937500000044
2 0.041894531250000006 0.61162109375 0.0181640625 0.009179687499999978
2 0.03701171875 0.619921875 0.025195312499999997 0.01171875
4 0.33599713740458015 0.532241471851145 0.073428554389313 0.07380128816793896
4 0.256045741889313 0.8002370586832062 0.03801884541984735 0.037273377862595436
2 0.3171740815839695 0.8509288525763359 0.027582299618320594 0.04323711832061061
2 0.2659940064408397 0.9787206285782443 0.026605737118320594 0.038652492843511466
2 0.0359375 0.09521484375 0.019140625 0.013085937500000006
2 0.0330078125 0.08837890625 0.020703125 0.012304687499999994
2 0.024609375000000003 0.083984375 0.028125 0.01640625000000001
2 0.025976562499999998 0.07441406249999999 0.019921875 0.012499999999999997
2 0.0205078125 0.067578125 0.020703125000000003 0.012890624999999996
2 0.01259765625 0.0529296875 0.022070312499999998 0.014453125000000004
2 0.0099609375 0.04345703125 0.01796875 0.014257812499999994
0 0.24561717935349323 0.6126173096976018 0.010183133472367045 0.014256386861313808
0 0.2791015625 0.61689453125 0.007421875000000022 0.014257812500000022
0 0.290234375 0.6205078125000001 0.008203124999999978 0.015234375000000022
0 0.26328125 0.67353515625 0.007421874999999967 0.013476562500000067
0 0.27041015625 0.6763671875 0.007226562500000033 0.012890625000000044
0 0.28037109375 0.67919921875 0.0087890625 0.011914062500000044
0 0.29541015625 0.6853515625 0.0087890625 0.013281250000000022
0 0.67802734375 0.87158203125 0.011914062499999933 0.009960937500000044
0 0.63798828125 0.9730468750000001 0.015429687500000067 0.010156249999999978
0 0.63427734375 0.97919921875 0.0126953125 0.007226562499999978
0 0.6838235294117647 0.8590303308823529 0.011488970588235392 0.008616727941176405
0 0.6654411764705882 0.8993853400735294 0.013212316176470562 0.00890395220588236
0 0.6589786305147058 0.92236328125 0.0146484375 0.01062729779411764
0 0.6459099264705881 0.9543887867647058 0.01551011029411764 0.010340073529411686
0 0.79208984375 0.7419921875 0.009570312499999956 0.014062499999999978
0 0.79951171875 0.7447265624999999 0.0087890625 0.012109374999999978
0 0.8064453125 0.747265625 0.007031249999999933 0.012890624999999933
0 0.81279296875 0.7478515625 0.008007812499999933 0.01171875
0 0.881640625 0.7728515625 0.008203124999999978 0.012499999999999956
0 0.8728515625 0.7693359375 0.0078125 0.012500000000000067
0 0.8132390202702703 0.7077702702702703 0.01414695945945943 0.008868243243243201
0 0.8513513513513513 0.7241342905405406 0.01266891891891897 0.009923986486486513
0 0.8542018581081081 0.7154771959459459 0.013724662162162171 0.009501689189189255
0 0.8586359797297298 0.7082981418918919 0.014991554054054057 0.008657094594594517
0 0.8644425675675675 0.6932010135135136 0.019425675675675658 0.010979729729729715
0 0.8702491554054054 0.6730363175675675 0.014569256756756799 0.009501689189189144
0 0.8820734797297297 0.6566722972972973 0.013302364864864913 0.010557432432432456
0 0.8819679054054055 0.6474873310810811 0.0122466216216216 0.008234797297297258
0 0.8837626689189189 0.6393581081081081 0.012880067567567655 0.010135135135135087
0 0.8888302364864865 0.6329180743243243 0.01710304054054057 0.011613175675675658
0 0.8923141891891893 0.6252111486486487 0.017314189189189144 0.011824324324324342
0 0.8974873310810811 0.6128589527027026 0.014991554054054057 0.012035472972972916
0 0.8989653716216217 0.6043074324324325 0.014991554054054057 0.010979729729729715
0 0.9043496621621622 0.5978673986486487 0.01604729729729737 0.010346283783783772
0 0.8566300675675675 0.5977618243243243 0.01604729729729726 0.010979729729729715
0 0.8532516891891893 0.6061021959459459 0.017314189189189144 0.012035472972973027
0 0.8519847972972973 0.6141258445945945 0.015625 0.01076858108108103
0 0.8483952702702703 0.6215160472972973 0.018158783783783772 0.011613175675675658
0 0.8232421875 0.6939453125 0.013671875 0.010937500000000044
0 0.825390625 0.684765625 0.014843749999999933 0.008984374999999933
0 0.83916015625 0.65087890625 0.0166015625 0.009960937500000044
0 0.86767578125 0.73759765625 0.008398437499999911 0.012304687500000022
0 0.874609375 0.74033203125 0.0078125 0.0126953125
0 0.88232421875 0.74375 0.009960937500000044 0.012890625000000044
0 0.7390252976190476 0.8628394717261905 0.007672991071428603 0.013485863095238138
