0 0.2726019385026738 0.11106004901960784 0.016711229946524075 0.010444518716577533
0 0.2731241644385026 0.12011196524064172 0.017755681818181823 0.009748217468805706
0 0.2724278631907308 0.12759720365418892 0.01636307932263814 0.008703765597147944
0 0.27416861631016043 0.13473429144385027 0.017755681818181823 0.0069630124777183555
0 0.276083444741533 0.13995655080213903 0.015318627450980393 0.0069630124777183555
0 0.2750389928698752 0.14831216577540107 0.01462232620320858 0.009051916221033879
0 0.27556121880570406 0.15631963012477718 0.01427417557932259 0.007659313725490197
0 0.29140207219251335 0.11924158868092691 0.017407531194295944 0.008007464349376103
0 0.2891390931372549 0.13334168894830659 0.013577874331550777 0.0069630124777183555
0 0.2896613190730838 0.14134915329768272 0.013926024955436767 0.007659313725490197
0 0.29013671875 0.14970703125 0.013085937500000033 0.0068359375
0 0.29072265625 0.16337890625 0.016210937500000022 0.0072265625000000056
0 0.29033203124999996 0.17099609375 0.013867187499999989 0.008007812499999989
0 0.2912109375 0.17900390625 0.013281250000000022 0.008007812500000017
0 0.28984374999999996 0.186328125 0.014453125000000011 0.007031250000000017
0 0.29091796875 0.09951171875 0.015039062500000033 0.0087890625
0 0.32470703125 0.11201171875 0.019335937499999956 0.0107421875
0 0.3390625 0.13974609375000002 0.017187500000000022 0.0072265625000000056
0 0.33974609375 0.14775390625 0.015429687500000011 0.006054687500000017
0 0.326171875 0.14980468749999998 0.012890625000000044 0.008203125000000006
0 0.32841796874999996 0.17060546875 0.01777343749999999 0.0087890625
0 0.321875 0.1849609375 0.01874999999999999 0.010546875000000011
0 0.3916015625 0.12128906249999999 0.017578125 0.008593749999999997
0 0.37548828125 0.13642578125 0.013867187500000044 0.009179687500000006
0 0.37509765625 0.14365234375 0.013867187499999989 0.008007812499999989
0 0.38759765625 0.150390625 0.0146484375 0.008203124999999978
0 0.39033203125 0.15634765625000002 0.015039062499999978 0.0072265625000000056
0 0.373828125 0.15625 0.013281250000000022 0.009375000000000022
0 0.3712890625 0.17216796875 0.017968749999999978 0.009179687500000006
0 0.3732421875 0.1849609375 0.017578125 0.008984374999999989
0 0.4216796875 0.10478515625 0.017187500000000022 0.011132812500000006
0 0.4224609375 0.13427734375 0.016015625000000033 0.009179687499999978
0 0.42197265625 0.14345703125 0.01738281250000001 0.009570312500000011
0 0.42216796874999996 0.1509765625 0.01738281250000001 0.008984374999999989
0 0.42070312499999996 0.17021484375 0.01874999999999999 0.0087890625
0 0.42060546875 0.17910156249999998 0.015039062499999978 0.0074218749999999944
0 0.439453125 0.1748046875 0.008203124999999978 0.012890624999999989
0 0.4478515625 0.1755859375 0.007031249999999989 0.012890625000000017
0 0.24216869735258728 0.16883837244283997 0.013866952466907362 0.017157415764139594
0 0.24487157791817088 0.18846363567990376 0.010341456077015615 0.014101985559566793
0 0.2595611462093863 0.22301350030084238 0.01245675391095069 0.018332581227436806
0 0.2171376729843562 0.26872743682310474 0.021152978339350176 0.01151662154031291
0 0.2205456528279182 0.25920859657039713 0.018097548134777375 0.009401323706377807
0 0.25591813327316487 0.28012654181708785 0.00987138989169678 0.016452316486161245
0 0.25888671875 0.34306640624999996 0.011914062499999989 0.01972656249999999
0 0.23209347345132744 0.36567635903919093 0.008395227560050567 0.014321270543615705
0 0.3028678183229814 0.5041246118012422 0.010432841614906818 0.012616459627329213
0 0.3910617236024845 0.5281444099378882 0.026203416149068293 0.024747670807453437
0 0.42113173890063427 0.5022710755813953 0.022297832980972543 0.016929836152219768
0 0.5562617860991379 0.524481411637931 0.010944234913793038 0.0138907596982758
0 0.6128771551724139 0.528375033674569 0.009681438577586188 0.013680293642241437
0 0.6220324286099139 0.5260599070581897 0.010312836745689613 0.015364022090517238
0 0.7185267857142857 0.49776785714285715 0.020535714285714324 0.009375000000000022
0 0.7268973214285714 0.5107142857142857 0.015848214285714368 0.008482142857142883
0 0.7284598214285715 0.5188616071428571 0.016294642857142883 0.0078125
0 0.72734375 0.5262276785714286 0.017633928571428537 0.0078125
0 0.6714843749999999 0.5643554687500001 0.015234375000000022 0.008398437500000022
0 0.7263671875 0.5794921875000001 0.013281250000000022 0.008203124999999978
0 0.7287109375 0.586328125 0.017187500000000022 0.0078125
0 0.660546875 0.62734375 0.018750000000000044 0.016406249999999956
0 0.6439453125 0.64130859375 0.014843750000000044 0.010351562500000022
0 0.6332031250000001 0.67333984375 0.012109374999999978 0.0107421875
0 0.537109375 0.72294921875 0.014453124999999956 0.013085937499999978
0 0.5250965804773562 0.6485713739290087 0.00980148408812731 0.012431150550795578
0 0.45804008567931453 0.6503643283353733 0.008128059975520185 0.01314833231334156
0 0.41811696756425953 0.6523963433292534 0.009084302325581384 0.014343635250917974
0 0.2717791863207547 0.8687721108490565 0.015354756289308158 0.012283805031446549
0 0.27024371069182385 0.8922648879716981 0.012897995283018882 0.015047661163522075
0 0.23973197298325724 0.7852394882039573 0.0127830098934551 0.015755802891933013
0 0.0728515625 0.93076171875 0.015234375000000008 0.011914062500000044
0 0.1044921875 0.91259765625 0.011328124999999994 0.010351562499999911
0 0.1146484375 0.91396484375 0.010546874999999997 0.009570312499999956
0 0.12109375 0.91943359375 0.010156249999999992 0.013085937500000089
0 0.1265625 0.92685546875 0.012499999999999997 0.013867187500000044
0 0.15087890625 0.944140625 0.014257812500000022 0.01171875
0 0.0984375 0.95927734375 0.010156250000000006 0.015429687500000067
0 0.112890625 0.96337890625 0.01171875 0.0166015625
0 0.121875 0.9642578125000001 0.008593749999999983 0.016015624999999978
0 0.1412109375 0.9754882812500001 0.010546875000000011 0.016210937500000022
0 0.13925781250000002 0.8851562500000001 0.013281249999999994 0.013281250000000022
0 0.1921875 0.94580078125 0.016796875000000017 0.015039062500000089
0 0.19765624999999998 0.9529296875 0.017187499999999994 0.012109374999999978
0 0.16347656249999998 0.9662109375 0.017187499999999994 0.014453124999999956
0 0.23275141460905352 0.5726393711419753 0.012659143518518517 0.012458204732510247
0 0.00419921875 0.7908203125 0.007617187499999999 0.012890624999999933
0 0.0158203125 0.75830078125 0.009375 0.013085937500000089
0 0.1041720030737705 0.007449624316939909 0.011473275273224046 0.013341017759562842
0 0.10430541325136614 0.05280908469945357 0.008538251366120214 0.01440829918032787
0 0.10724043715846995 0.17421234631147542 0.01120645491803278 0.015475580601092914
0 0.07028581796448088 0.07949112021857925 0.009338712431693985 0.01334101775956284
0 0.0952335211748634 0.21343493852459017 0.010139173497267756 0.01600922131147539
0 0.0876608455882353 0.4846047794117647 0.00896139705882354 0.01470588235294118
0 0.0778952205882353 0.5361902573529411 0.00873161764705882 0.014935661764705954
0 0.06474609375 0.59658203125 0.011523437500000004 0.0146484375
0 0.0595703125 0.61669921875 0.010156250000000006 0.013476562499999956
0 0.21855747405966278 0.11431481031128404 0.013172827496757467 0.011906209468223086
0 0.44418561145952107 0.10133088654503991 0.017593714367160784 0.009799030786773091
2 0.41360294117647056 0.07697610294117646 0.03599877450980393 0.012254901960784312
2 0.589001225490196 0.07946537990196077 0.04136029411764708 0.013403799019607837
2 0.5899586397058822 0.09823069852941176 0.03561580882352933 0.014169730392156854
2 0.5876608455882353 0.11488970588235292 0.03484987745098034 0.01531862745098038
2 0.5857460171568627 0.12963388480392157 0.04174325980392157 0.015701593137254916
2 0.5826822916666665 0.1455269607843137 0.04404105392156865 0.01608455882352941
2 0.5868949142156862 0.1618030024509804 0.04174325980392157 0.015701593137254916
2 0.5043658088235293 0.16793045343137253 0.014552696078431404 0.04174325980392157
2 0.5775122549019607 0.18420649509803919 0.05284926470588236 0.015318627450980393
2 0.6399356617647058 0.09842218137254902 0.04136029411764708 0.014552696078431362
2 0.6380208333333333 0.1214001225490196 0.03753063725490202 0.015318627450980407
2 0.6343826593137254 0.13346354166666663 0.03331801470588236 0.01034007352941177
2 0.6359145220588234 0.14629289215686275 0.038679534313725505 0.01608455882352941
2 0.6343826593137254 0.15969669117647056 0.03484987745098034 0.011488970588235309
2 0.6353400735294117 0.17252604166666663 0.03753063725490202 0.015701593137254916
2 0.6336167279411764 0.20909926470588233 0.03255208333333326 0.013020833333333315
2 0.6319795496323528 0.2202435661764706 0.03015854779411764 0.01263786764705882
2 0.6298253676470588 0.2532743566176471 0.025850183823529438 0.012063419117647078
2 0.6301125919117647 0.2654813878676471 0.024701286764705954 0.008329503676470618
2 0.6281020220588235 0.2733800551470588 0.020680147058823595 0.008042279411764719
2 0.6276711856617647 0.28056066176470584 0.023265165441176516 0.010340073529411742
2 0.6263786764705882 0.2913315716911765 0.022977941176470562 0.00775505514705882
2 0.62939453125 0.2993738511029412 0.021541819852941235 0.010052849264705843
2 0.626953125 0.3249368106617647 0.024701286764705954 0.00890395220588236
2 0.6301125919117647 0.33312270220588236 0.025850183823529327 0.009765625
2 0.6275275735294117 0.3420266544117647 0.01953125 0.007467830882352922
2 0.6270967371323529 0.3642865349264706 0.020967371323529438 0.01062729779411764
2 0.6273839613970588 0.3723288143382353 0.023839613970588314 0.010052849264705899
2 0.626809512867647 0.3808019301470588 0.02211626838235292 0.009765625
2 0.6262350643382353 0.3876953125 0.0244140625 0.009191176470588203
2 0.5911678279842343 0.22165769284909914 0.029912725225225256 0.010557432432432429
2 0.5889683628941441 0.23287496480855857 0.03167229729729737 0.010557432432432429
2 0.5905079884572072 0.2527801238738739 0.029912725225225145 0.011657164977477485
2 0.5922675605292793 0.26344752956081086 0.028153153153153143 0.010557432432432401
2 0.5929274000563063 0.27356506897522526 0.027713260135135087 0.010997325450450457
2 0.5940271326013513 0.2942400408220721 0.024194115990990972 0.010997325450450457
2 0.5921575872747747 0.3142551731418919 0.026613527590090058 0.0101175394144144
2 0.5921575872747749 0.33701963682432434 0.027933206644144115 0.009017806869369371
2 0.5911678279842343 0.34713717623873874 0.028593046171171088 0.012976844031531543
2 0.5913877744932432 0.35934420748873874 0.0294728322072072 0.011877111486486513
2 0.5906179617117117 0.37122131897522526 0.029692778716216228 0.011437218468468513
2 0.5880885768581081 0.3851879222972973 0.0303526182432432 0.011657164977477485
2 0.512109375 0.2087890625 0.033203125 0.010546874999999983
2 0.5021484375 0.2193359375 0.023828124999999978 0.01171875
2 0.50068359375 0.22822265625 0.020117187500000022 0.009570312499999983
2 0.50556640625 0.24638671875 0.028710937499999978 0.011132812500000006
2 0.50537109375 0.2576171875 0.027539062500000044 0.0078125
2 0.50263671875 0.266796875 0.02519531250000001 0.009765625
2 0.50400390625 0.27646484375 0.025976562499999967 0.011132812500000033
2 0.501171875 0.28544921875 0.020703124999999933 0.0107421875
2 0.505078125 0.2947265625 0.027734374999999978 0.013281250000000022
2 0.501171875 0.304296875 0.019140625000000022 0.011328124999999967
2 0.5044921875 0.3140625 0.026953124999999967 0.012500000000000011
2 0.5017578125 0.32275390625 0.02265624999999999 0.009960937500000044
2 0.50224609375 0.3318359375 0.024023437500000022 0.011328125000000022
2 0.50185546875 0.351171875 0.0244140625 0.011328124999999967
2 0.503125 0.36181640625 0.027734374999999978 0.0126953125
2 0.50458984375 0.37255859375 0.028710937499999978 0.011914062500000044
2 0.50185546875 0.383203125 0.0263671875 0.014843749999999989
2 0.46845703125 0.3810546875 0.024804687499999978 0.012109374999999978
2 0.46708984375 0.3701171875 0.0263671875 0.011328125000000022
2 0.46923828125 0.35166015625 0.023632812500000044 0.010351562499999967
2 0.46923828125 0.33173828125 0.024023437500000022 0.009179687499999978
2 0.469140625 0.3228515625 0.02460937499999999 0.011328124999999967
2 0.46962890625 0.3138671875 0.01972656249999999 0.008593750000000011
2 0.46787109375 0.30263671875 0.02167968749999999 0.009960937499999989
2 0.4693359375 0.29384765625 0.023046874999999967 0.009179687500000033
2 0.47333984375000004 0.28642578125 0.01738281250000001 0.0107421875
2 0.469921875 0.20791015625 0.025781249999999978 0.0126953125
2 0.47041015625000004 0.2189453125 0.02363281249999999 0.010546874999999983
2 0.471875 0.23671874999999998 0.01953125 0.010156250000000006
2 0.4712890625 0.248828125 0.017968750000000033 0.012109375000000006
2 0.46904296874999996 0.25712890625 0.02363281249999999 0.0087890625
2 0.4671875 0.266796875 0.02421875000000001 0.010156249999999978
2 0.46845703125000004 0.27607421875000004 0.02558593749999999 0.009570312500000011
2 0.2813629215738758 0.2158056745182013 0.022793428800856552 0.011710385438972182
2 0.3119981263383298 0.2224973233404711 0.009619245182012848 0.019238490364025695
2 0.32099002944325483 0.2212426391862955 0.007528104925053514 0.015892665952890794
2 0.33803282253747324 0.2212426391862955 0.008573675053533236 0.015474437901498939
2 0.34671105460385443 0.21977884100642398 0.00878278907922908 0.019238490364025695
2 0.35549384368308357 0.22051074009635974 0.010037473233404703 0.014847095824411155
2 0.36333561964668093 0.22239276632762311 0.009828359207708803 0.019447604389721623
2 0.37180473768736616 0.22197453827623126 0.007946332976445425 0.01693823608137046
2 0.38163309689507496 0.22082441113490364 0.01045570128479656 0.01882026231263384
2 0.3904158859743041 0.22197453827623126 0.00836456102783728 0.016101779978586722
2 0.39783943388650966 0.22113808217344755 0.009828359207708803 0.014428867773019272
2 0.4065176659528908 0.222810994379015 0.01045570128479656 0.020284060492505362
2 0.41425488490364026 0.22270643736616702 0.008782789079229136 0.02049317451820129
2 0.4246060291755889 0.22333377944325483 0.01108304336188437 0.019238490364025695
2 0.19959919410150892 0.2584072788065844 0.023576817558299046 0.010984653635116581
2 0.16334583805209513 0.3598748938278596 0.03472713759909399 0.01504105322763305
2 0.16566835362400906 0.37447356313703284 0.030524490373725927 0.011501981879954715
2 0.21997097961494905 0.37900799830124576 0.01437747734994338 0.020570852208380508
2 0.21068091732729333 0.3800033621177803 0.017031780860702173 0.02211919592298983
2 0.14853515625 0.42314453125 0.011523437500000011 0.012304687500000022
2 0.1724609375 0.42597656250000004 0.013671875 0.014453125000000011
2 0.18798828125 0.42578125 0.008007812499999989 0.019921874999999978
2 0.21015625 0.425390625 0.017968750000000006 0.025390625
2 0.22001953125 0.42744140625 0.015820312500000017 0.0244140625
2 0.15345982142857145 0.39626690519957986 0.02585018382352941 0.008411567752100835
2 0.14792049632352944 0.4125771402310925 0.018054096638655454 0.00861672794117646
2 0.18084881756756757 0.4479518581081081 0.028927364864864857 0.008657094594594628
2 0.26806640625 0.6134765625 0.0126953125 0.018359375000000067
2 0.14970703125 0.66123046875 0.0322265625 0.017773437500000044
2 0.0904296875 0.7171875 0.029296875 0.015625
2 0.080078125 0.73046875 0.019140624999999994 0.0078125
2 0.0810546875 0.7391601562500001 0.02070312499999999 0.008398437500000022
2 0.0806640625 0.74697265625 0.024218749999999997 0.009960937500000044
2 0.0802734375 0.75791015625 0.0234375 0.011523437499999956
2 0.07206530448717949 0.7659254807692307 0.019531250000000014 0.010516826923076872
2 0.09873297275641024 0.8317808493589743 0.01126802884615384 0.024539262820512775
2 0.08120492788461538 0.8554437099358974 0.009765625 0.01928084935897434
2 0.05390625 0.8038085937499999 0.0234375 0.008398437500000022
2 0.05009765625 0.8126953125 0.0228515625 0.010156249999999978
2 0.0455078125 0.819921875 0.01953125 0.006640624999999956
2 0.04375 0.82734375 0.016796874999999996 0.009765625
2 0.044042968749999994 0.8359375 0.0248046875 0.008203125000000089
2 0.0369140625 0.84296875 0.019531249999999997 0.008203124999999978
2 0.0361328125 0.8511718749999999 0.017187499999999998 0.010156249999999978
2 0.04189453125 0.8576171875 0.015429687499999997 0.018359375000000067
2 0.06123046875 0.8205078125 0.0166015625 0.022656249999999933
2 0.066015625 0.83662109375 0.017578124999999993 0.0205078125
2 0.0537109375 0.858984375 0.018749999999999996 0.022656250000000044
2 0.058496093750000006 0.8693359375 0.018554687500000007 0.023046875000000022
2 0.07236328125 0.8591796875 0.008398437500000008 0.025390625
2 0.225390625 0.87958984375 0.018359374999999983 0.008398437500000022
2 0.32724609375 0.8695312500000001 0.022851562500000033 0.014062499999999978
2 0.1568171738537118 0.6755893490720524 0.029638032205240167 0.009595046397379958
2 0.46622415413533835 0.7368504967776583 0.018671119763694954 0.020768998388829174
2 0.46118924543501616 0.7252072704081631 0.017831968313641255 0.013426423200859294
2 0.45395156417830296 0.7168157559076261 0.014265574650912993 0.013006847475832473
2 0.4491264433404941 0.7094731807196561 0.017202604726100967 0.013426423200859294
2 0.44639920112781956 0.7025501812567132 0.015943877551020447 0.013845998925886227
2 0.4411545045649839 0.6980397422126745 0.017622180451127845 0.014055786788399582
2 0.43433639903329757 0.6915363184747583 0.015314513963480103 0.012377483888292184
2 0.27207711442786064 0.33037935323383083 0.013603855721393054 0.031094527363184077
2 0.27175321310116085 0.378964552238806 0.013603855721392999 0.0356291459369818
2 0.2953980099502488 0.45556721600331673 0.015547263681592038 0.03854425787728022
2 0.31547989220563843 0.4703047263681592 0.009069237147595388 0.018786276948590364
2 0.32973155058043113 0.44099165630182424 0.010364842454394674 0.02623600746268656
2 0.33092948717948717 0.46875 0.009615384615384581 0.020032051282051322
2 0.34044471153846156 0.47786458333333337 0.01061698717948717 0.02544070512820512
2 0.35151566247002397 0.47774280575539574 0.012646133093525191 0.028570893285371712
2 0.3625224820143885 0.47048298860911275 0.014051258992805737 0.03465977218225419
2 0.37481733363309355 0.46533086031175064 0.012880320743405282 0.04355890287769787
2 0.3917959382494005 0.468726581235012 0.01451963429256592 0.04238796462829736
2 0.4083061675659473 0.4779769934052758 0.011475194844124681 0.024823890887290145
2 0.427158273381295 0.47856246252997603 0.010304256594724226 0.021779451438848962
2 0.4391018435251799 0.46907786270983215 0.017798261390887304 0.041685401678657086
2 0.4536214778177458 0.4683752997601919 0.017329886091127067 0.03887514988009594
2 0.48184108962829736 0.473644521882494 0.013348696043165464 0.03255208333333337
2 0.5064307928657075 0.47223939598321346 0.01475382194244601 0.033957209232613916
2 0.5173828125 0.47392578124999996 0.012500000000000067 0.03144531249999999
2 0.52978515625 0.47421875 0.012304687499999911 0.029687500000000033
2 0.5425781249999999 0.472265625 0.014062499999999978 0.033203125
2 0.56513671875 0.4763671875 0.013085937499999978 0.025000000000000022
2 0.5908203125 0.47470703125 0.013671875 0.03183593749999997
2 0.6236328125 0.4736328125 0.01171875 0.028515625000000044
2 0.63203125 0.4751953125 0.01171875 0.025390625
2 0.64287109375 0.47607421875 0.013867187499999933 0.0244140625
2 0.65517578125 0.47763671875 0.011523437499999956 0.02324218750000001
2 0.6689453125 0.475 0.014843750000000044 0.02851562499999999
2 0.3140625 0.29658203125 0.009374999999999967 0.020117187500000022
2 0.32216796875 0.29794921875 0.0087890625 0.01582031249999999
2 0.32822265625 0.29765624999999996 0.008398437499999967 0.02031250000000001
2 0.34423828125 0.29658203125 0.0107421875 0.0205078125
2 0.35244140625 0.29599609375 0.009179687500000033 0.0244140625
2 0.36875 0.2951171875 0.010156250000000033 0.025000000000000022
2 0.4064453125 0.29658203125000004 0.009765625 0.02363281249999999
2 0.31279296875 0.33076171875 0.008398437500000022 0.0263671875
2 0.32587890625 0.3271484375 0.011132812499999978 0.024218749999999956
2 0.336328125 0.331640625 0.01171875 0.03007812500000001
2 0.345703125 0.3287109375 0.01171875 0.0234375
2 0.36689453125000004 0.33056640625 0.013476562500000011 0.026757812499999978
2 0.38759765625 0.33095703125 0.013085937500000033 0.02558593749999999
2 0.39765625 0.33173828125000004 0.013671875 0.02753906249999999
2 0.40810546875 0.3310546875 0.0107421875 0.026562500000000044
2 0.7215711805555556 0.29275173611111116 0.01605902777777779 0.041232638888888895
2 0.7371961805555556 0.2884114583333333 0.01519097222222221 0.03862847222222221
2 0.7502170138888888 0.2955729166666667 0.01692708333333337 0.046875
2 0.7651909722222222 0.2892795138888889 0.01736111111111116 0.03515625
2 0.7170666077371048 0.4549708818635607 0.02307352329450918 0.06824563227953412
2 0.7424149854409319 0.4635828306988353 0.017223897670549104 0.0523216514143095
2 0.7573640287021631 0.4803192595673877 0.010074355241264543 0.022748544093178058
2 0.7676008735440932 0.47869436356073214 0.01169925124792015 0.020148710482529086
2 0.7752378847753744 0.4785318739600666 0.011374272046589029 0.019823731281197965
2 0.7854747296173046 0.47901934276206326 0.012999168053244525 0.02469841930116473
2 0.7957974137931034 0.4772359913793104 0.0118534482758621 0.025053879310344807
2 0.8375538793103449 0.4543372844827587 0.0193965517241379 0.02074353448275862
2 0.8189655172413793 0.46740301724137934 0.01778017241379315 0.02209051724137928
2 0.8479256465517242 0.43898168103448276 0.024515086206896464 0.019127155172413812
2 0.85546875 0.41554418103448276 0.0347521551724137 0.024515086206896575
2 0.8662446120689655 0.40557650862068967 0.028286637931034475 0.022359913793103425
2 0.8725754310344828 0.3948006465517241 0.030172413793103425 0.02074353448275862
2 0.8740571120689655 0.3798491379310345 0.0390625 0.02532327586206895
2 0.8824084051724137 0.36691810344827586 0.03744612068965514 0.022629310344827624
2 0.8917025862068966 0.35735452586206895 0.03448275862068961 0.019665948275862044
2 0.8958782327586208 0.3445581896551724 0.03960129310344829 0.02478448275862072
2 0.904229525862069 0.3309536637931034 0.034213362068965525 0.02074353448275862
2 0.9084051724137931 0.3073814655172414 0.04256465517241381 0.019935344827586188
2 0.7913523706896552 0.2893318965517241 0.014278017241379337 0.03394396551724138
2 0.8018588362068966 0.2859644396551724 0.0115840517241379 0.031519396551724144
2 0.8127693965517242 0.2840786637931034 0.010237068965517238 0.0234375
2 0.8231411637931034 0.28327047413793105 0.00996767241379315 0.021282327586206906
2 0.8312230603448276 0.28125 0.009967672413793038 0.018318965517241326
2 0.7276230990356083 0.23542980341246292 0.016227744807121747 0.04607520400593473
2 0.7425468286350148 0.23977652077151335 0.0165175259643916 0.03622264465875369
2 0.7576154488130564 0.24064586424332346 0.0176766505934719 0.03912045623145402
2 0.7719596160979229 0.24194987945103857 0.016807307121661674 0.03477373887240354
2 0.7852895493323442 0.24354367581602374 0.013329933234421443 0.03738176928783382
2 0.8067333549703264 0.2480352837537092 0.013329933234421443 0.024921179525222548
2 0.8167308048961424 0.24846995548961426 0.011301465133531141 0.02984745919881307
2 0.8254242396142433 0.2519473293768546 0.009562778189911025 0.02057446216617209
2 0.8342625649109792 0.2538309068991098 0.00927299703264095 0.019125556379821967
2 0.8948268267804154 0.27310135385756673 0.07534310089020779 0.03738176928783382
2 0.9285863316023739 0.25614915615727 0.043177392433234485 0.01912555637982194
2 0.9152563983679525 0.20253964206231453 0.07563288204747776 0.0341941765578635
2 0.9222111461424332 0.17631444732937684 0.07853069362017806 0.034483957715133545
0 0.44528628355704697 0.7676174496644295 0.011797399328859037 0.013632550335570426
