0 0.10334496359223301 0.3550705400485437 0.014537823624595464 0.009797228964401272
0 0.12815407564724918 0.3689762843851133 0.011693466828478966 0.00916514967637544
0 0.05466472303206997 0.29154518950437314 0.012527332361516035 0.014805029154518923
0 0.2623646653543307 0.4298412893700787 0.02091535433070868 0.010150098425196874
0 0.02021484375 0.4728515625 0.0103515625 0.01171875
0 0.010546875 0.46904296875 0.011328125000000001 0.013085937499999978
0 0.20146730567226892 0.6391765690651261 0.013540572478991597 0.013745732668067223
0 0.011439732142857142 0.6110491071428572 0.014508928571428572 0.014508928571428492
0 0.23563770855057353 0.5943895007820647 0.01262708550573513 0.010794121480709018
0 0.09604779411764705 0.4304917279411765 0.012867647058823525 0.00896139705882354
0 0.25825892857142857 0.7150669642857144 0.01383928571428572 0.015401785714285743
0 0.01955083020050128 0.7533188439849623 0.015664160401002505 0.008321585213032612
0 0.06483004385964915 0.6944558662280702 0.010769110275689227 0.010524357769423509
0 0.07523202537593987 0.7262736920426065 0.00856633771929824 0.012482377819548862
0 0.054183309837092755 0.7464657738095237 0.009545347744360902 0.011258615288220586
0 0.32314453125 0.86826171875 0.008007812499999989 0.015429687499999956
0 0.474609375 0.95625 0.015234375000000022 0.01171875
0 0.2609891780155642 0.8246342007133592 0.012412856679636874 0.01089291504539558
0 0.43232421875 0.95830078125 0.0087890625 0.011914062499999933
0 0.5922254170879676 0.9085961198179979 0.014218907987866514 0.015798786653185015
0 0.5555919805358949 0.8784796827603639 0.011256635490394351 0.011651605156723921
0 0.4606017757836198 0.8268373988877653 0.01007172649140542 0.0209333923154702
2 0.44793428619756426 0.8805818673883626 0.02114343707713129 0.02167202300405946
0 0.44211984100135315 0.8704065882949932 0.01427182002706362 0.01559328484438438
2 0.4274952168367347 0.8577307876275511 0.018435108418367374 0.01793686224489799
0 0.41964783960459184 0.8490114795918368 0.011210538903061229 0.012456154336734748
2 0.40706712372448983 0.8375518176020409 0.02142458545918363 0.01644212372448972
2 0.4003408003826531 0.8208605707908163 0.02541055484693877 0.01893335459183676
2 0.38950394610969385 0.8105219626913265 0.02067721619897961 0.01669124681122447
2 0.3838763973577236 0.7954419143800813 0.023024644308943076 0.020444296239837345
2 0.37117314532520324 0.7893880208333333 0.017466971544715437 0.012306275406504086
2 0.37176861026422764 0.7727150025406504 0.022230691056910556 0.016673018292682862
2 0.3583706491361789 0.7592177972560976 0.02203220274390244 0.013497205284552893
2 0.3538054179369919 0.7445296620934959 0.03275057164634143 0.015879065040650397
0 0.31964497626582283 0.6419106012658228 0.014833860759493667 0.011125395569620222
0 0.31702195328810023 0.5908264287578288 0.007747259916492721 0.010601513569937326
0 0.3460741779749478 0.5852198590814195 0.009582137265135682 0.014475143528183687
0 0.3396521072546973 0.5633032685281837 0.00978601252609601 0.015086769311064785
0 0.333943599947808 0.5453622455636743 0.010193763048016724 0.01794102296450939
0 0.3729185098584429 0.669343244438827 0.012441544489383172 0.018761059150657178
0 0.37874431243680484 0.6924489699191101 0.01026921132457026 0.016786210819008995
0 0.38669253355704697 0.7158399748322147 0.009437919463087252 0.015467701342281925
2 0.26609606910946193 0.4470953153988868 0.02500289888682744 0.012320269016697583
2 0.25142045454545453 0.4624956516697588 0.02101692949907233 0.015581516697588116
2 0.27497391001855287 0.4650321776437848 0.025365259740259716 0.016306238404452666
2 0.27914105983302406 0.4784395292207792 0.028626507421150305 0.014132073283859015
2 0.25142045454545453 0.47898307050092764 0.022466372912801513 0.014494434137291234
2 0.27877869897959184 0.5096025626159555 0.02427817717996289 0.016306238404452666
2 0.2863882769016698 0.5246405380333952 0.02355345547309834 0.013769712430426684
2 0.290555426716141 0.5376855287569573 0.0376855287569573 0.01884276437847865
0 0.32518905248397434 0.6275478265224359 0.02065805288461542 0.010016025641025661
0 0.3248760516826923 0.6560308994391026 0.019406049679487225 0.009390024038461564
2 0.2316324715370019 0.43435721062618593 0.024460388994307386 0.010377134724857684
2 0.33723958333333337 0.41088200136612024 0.022768670309653904 0.04340277777777779
2 0.3777962773224044 0.40145434881602915 0.040556693989071024 0.022412909836065587
2 0.33581654143898 0.4592654257741348 0.01849954462659381 0.03201844262295084
2 0.3480902777777778 0.5005336407103825 0.018143784153005438 0.03628756830601093
2 0.3792018843052109 0.5513725186104218 0.017447270471463994 0.017689593672456594
2 0.38550228753101734 0.5407102977667494 0.022778380893300254 0.025928582506203446
2 0.39761844758064513 0.535742672146402 0.01647797766749376 0.02229373449131511
2 0.4060997596153846 0.5275036833126551 0.021324441687344875 0.028109491315136514
2 0.41894288926799006 0.520476310483871 0.02083979528535984 0.024232320099255578
2 0.4286358173076923 0.5132066144540943 0.02132444168734493 0.028594137717121604
2 0.4409943005583127 0.5047253024193548 0.022293734491315165 0.02810949131513646
2 0.45080839019851116 0.49903070719602977 0.018658886476426773 0.027867168114143914
2 0.4630457118486352 0.4900647487593052 0.019870502481389607 0.024474643300248178
2 0.4850971231389578 0.47382909429280395 0.023263027295285343 0.03077504652605456
2 0.4967286367866005 0.47116353908188585 0.02083979528535984 0.025928582506203446
2 0.5076331808312655 0.4637726814516129 0.020355148883374696 0.030048076923076927
2 0.5185377248759305 0.5102987360421836 0.02180908808933002 0.030048076923076983
2 0.5066638880272952 0.516114492866005 0.022293734491315165 0.03150201612903225
2 0.48327969913151364 0.5333194401364765 0.02059747208436724 0.027140198511166225
2 0.4501953125 0.55654296875 0.021484375 0.031054687499999956
2 0.4392578125 0.564453125 0.021484375 0.026562500000000044
2 0.42373046875 0.5671875 0.016210937499999967 0.023046875000000022
2 0.416015625 0.57373046875 0.017578125 0.027148437499999956
2 0.40380859375 0.5819335937500001 0.0185546875 0.022070312500000022
2 0.39462890625 0.584765625 0.01738281250000001 0.022656249999999933
2 0.386328125 0.59345703125 0.021093749999999967 0.026757812499999978
2 0.39907094594594594 0.6777871621621622 0.015625 0.032516891891891886
2 0.40825591216216217 0.6797930743243243 0.0111908783783784 0.019214527027026973
2 0.4162795608108108 0.6746199324324325 0.013724662162162171 0.020692567567567544
2 0.43201013513513514 0.6642736486486487 0.01604729729729726 0.017736486486486513
2 0.44298986486486486 0.6580447635135135 0.014780405405405372 0.022170608108108114
2 0.4582981418918919 0.6438978040540541 0.01752533783783783 0.021748310810810745
2 0.4679054054054054 0.636402027027027 0.018158783783783827 0.02153716216216217
2 0.47814611486486486 0.6338682432432432 0.010346283783783772 0.021114864864864802
2 0.4841638513513513 0.6234163851351351 0.0206925675675676 0.02385979729729726
2 0.4949324324324324 0.6204603040540541 0.01604729729729726 0.024704391891891886
2 0.5047508445945946 0.6120143581081081 0.018369932432432456 0.020903716216216228
2 0.5138302364864865 0.6068412162162162 0.017947635135135087 0.02195945945945943
2 0.5220650337837838 0.6001900337837838 0.017947635135135087 0.021326013513513598
2 0.5316722972972974 0.5935388513513513 0.0190033783783784 0.024070945945945943
2 0.5396959459459459 0.5876266891891893 0.019847972972973027 0.022381756756756688
2 0.5499366554054055 0.5808699324324325 0.018792229729729715 0.026182432432432456
2 0.5610219594594594 0.5729518581081081 0.01604729729729726 0.02385979729729737
2 0.5697846283783783 0.566089527027027 0.021326013513513487 0.024070945945945943
2 0.4105839416058394 0.7236541970802919 0.011405109489051046 0.023950729927007308
2 0.4278341697080292 0.7119639598540145 0.0173927919708029 0.02452098540145986
2 0.43553261861313863 0.7019844890510949 0.01796304744525551 0.02452098540145975
2 0.4490761861313868 0.6989906478102189 0.016537408759124073 0.025946624087591186
2 0.45691719890510946 0.6927178375912408 0.020244069343065663 0.02480611313868608
2 0.46817974452554745 0.6854470802919708 0.018818430656934282 0.02452098540145986
2 0.4825786952554744 0.6803147810218977 0.019103558394160558 0.023950729927007308
2 0.4999714872262773 0.6634922445255473 0.01967381386861311 0.026231751824817517
2 0.5108063412408759 0.6562214872262773 0.021954835766423375 0.025946624087591297
2 0.5190750456204379 0.6508040602189781 0.019103558394160558 0.027657390510948954
2 0.5299098996350364 0.6452440693430657 0.018533302919708006 0.025661496350364965
2 0.5417427007299269 0.6376881843065694 0.015967153284671576 0.027657390510948843
2 0.5501539689781021 0.6298471715328466 0.01967381386861311 0.025091240875912413
2 0.5641252281021898 0.6247148722627737 0.02195483576642332 0.03250456204379559
2 0.5718236770072993 0.6143077098540146 0.020814324817518215 0.024806113138686192
2 0.5830862226277371 0.6104584854014599 0.023950729927007308 0.02908302919708039
2 0.5913549270072992 0.6006215784671532 0.019958941605839442 0.025946624087591186
2 0.4518115447598253 0.7769770060043668 0.020042985807860292 0.02430745087336239
2 0.474626432860262 0.7637571643013099 0.014499181222707436 0.01876364628820959
2 0.48816610944323147 0.7544819527838428 0.014712404475982543 0.01982976255458513
2 0.4817694118449782 0.8007513987445415 0.014285957969432328 0.01769753002183405
2 0.4904049536026201 0.7948877592794759 0.01407273471615722 0.016204967248908297
2 0.5 0.7901968477074235 0.014072734716157165 0.018337199781659375
2 0.5299578670851528 0.7796422966703056 0.021109102074235775 0.028358692685589548
2 0.5400859716157205 0.7696208037663754 0.018337199781659375 0.027079353165938902
2 0.5516000272925763 0.7662092317139737 0.019190092794759805 0.028785139192139764
2 0.5616215201965065 0.759919145742358 0.020469432314410452 0.027719022925764114
2 0.4993603302401747 0.7486183133187773 0.015352074235807811 0.02345455786026207
2 0.5103413277838428 0.744353848253275 0.015138850982532759 0.019190092794759805
2 0.5170578602620086 0.7382769855349345 0.014499181222707436 0.02238844159388642
2 0.5353950600436681 0.7281488810043668 0.014499181222707436 0.02430745087336239
2 0.5445636599344978 0.7196199508733624 0.016204967248908297 0.02345455786026207
2 0.5251603438864629 0.7347588018558951 0.014925627729257651 0.0187636462882097
2 0.5534124249454148 0.7141827579148472 0.01599174399563319 0.02366778111353718
2 0.5650330922489082 0.7121571370087336 0.01407273471615722 0.017484306768558944
2 0.5711099549672489 0.7029885371179039 0.018550423034934593 0.028571915938864656
2 0.5705768968340611 0.7493645947052401 0.018337199781659486 0.022814888100436748
2 0.5842231850436681 0.7455265761462881 0.018337199781659375 0.03390249727074235
2 0.5917926105349345 0.735291859989083 0.014285957969432328 0.01982976255458524
2 0.6110893149563319 0.7271893763646288 0.01705786026200873 0.023241334606986852
2 0.6255884961790392 0.7232447461790392 0.01961653930131002 0.02814546943231444
2 0.6373157751091703 0.7164216020742358 0.021322325327510994 0.03496861353711789
2 0.6482967726528384 0.7087455649563319 0.0245206741266375 0.030704148471615622
2 0.5829438455240175 0.6991505185589519 0.017484306768558944 0.02260166484716164
2 0.5917926105349345 0.6935001023471615 0.018123976528384267 0.021109102074235775
2 0.6013876569323144 0.6850777838427947 0.021109102074235886 0.023881004366812286
2 0.6110893149563319 0.6793207560043668 0.01876364628820959 0.023881004366812175
2 0.6186587404475983 0.6721777770196506 0.0215355485807861 0.024094227620087394
2 0.6320918054039301 0.6645017399017468 0.021961995087336206 0.03006447871179041
2 0.5682617187500001 0.8306640625 0.016210937500000022 0.0234375
2 0.5884765625 0.82353515625 0.014843750000000044 0.0185546875
2 0.5966796875 0.8182617187500001 0.01601562500000009 0.024023437500000022
2 0.605859375 0.81220703125 0.016796875000000044 0.0244140625
2 0.61875 0.80986328125 0.01171875 0.017773437499999933
2 0.62548828125 0.79921875 0.015429687499999956 0.020703125000000044
2 0.63544921875 0.79345703125 0.021289062500000067 0.03066406250000009
2 0.65712890625 0.8353515625 0.0185546875 0.032031249999999956
2 0.64609375 0.84365234375 0.022656250000000044 0.033398437500000044
2 0.632421875 0.8455078125 0.016406249999999956 0.020312500000000067
2 0.6197265624999999 0.85205078125 0.019140625000000022 0.023242187499999956
2 0.6099609375 0.8560546874999999 0.017578125 0.026953125000000022
2 0.598828125 0.86220703125 0.016015624999999978 0.023242187499999956
2 0.588671875 0.8701171875 0.017968749999999978 0.02499999999999991
2 0.6499897307886753 0.915409346562184 0.02231578614762386 0.016786210819009106
2 0.6917968750000001 0.91298828125 0.013281250000000022 0.015820312500000044
2 0.6765625 0.9505859375000001 0.010156249999999978 0.021874999999999978
2 0.78876953125 0.99140625 0.0283203125 0.012890624999999933
2 0.7911132812499999 0.9474609375 0.025976562500000022 0.012890624999999933
2 0.78720703125 0.93369140625 0.023632812500000044 0.0146484375
2 0.781640625 0.92265625 0.025390625 0.012109374999999978
2 0.77978515625 0.9115234375000001 0.02011718749999991 0.012109374999999978
2 0.774609375 0.9019531249999999 0.021484375 0.012109374999999978
2 0.7728515625 0.8919921875 0.020312499999999956 0.010546874999999956
2 0.7396484375000001 0.8287109375 0.023046875000000022 0.012499999999999956
2 0.7333984375 0.8189453125 0.02578125000000009 0.012499999999999956
2 0.7342773437500001 0.80869140625 0.030664062499999978 0.0087890625
2 0.73369140625 0.798046875 0.028710937499999978 0.012890624999999933
2 0.73603515625 0.78662109375 0.027148437500000067 0.0107421875
2 0.7337890625 0.7775390625 0.024609375000000044 0.008984374999999933
2 0.7308593750000001 0.76640625 0.029687499999999978 0.015234375000000022
2 0.7302734375 0.7508789062500001 0.028515624999999933 0.015039062499999978
2 0.72509765625 0.73017578125 0.0302734375 0.011914062499999933
2 0.7166015625 0.7169921875 0.04726562499999998 0.014453125000000067
2 0.7230468750000001 0.7029296875 0.03359374999999998 0.012890624999999933
2 0.7248046875 0.681640625 0.03125 0.01718749999999991
2 0.7263671875 0.66708984375 0.023046875000000022 0.015429687499999956
2 0.71474609375 0.65654296875 0.027148437499999956 0.017382812500000067
2 0.706640625 0.64912109375 0.028124999999999956 0.019726562499999933
2 0.70048828125 0.637890625 0.029101562500000067 0.018749999999999933
2 0.6970703125 0.62685546875 0.025781249999999978 0.017382812499999956
2 0.68876953125 0.619921875 0.0302734375 0.022265625000000067
2 0.68759765625 0.6064453125 0.027148437499999956 0.01718749999999991
2 0.6748046875 0.60068359375 0.028515625000000044 0.017382812499999956
2 0.674609375 0.58671875 0.025000000000000022 0.018359375000000067
2 0.66796875 0.57861328125 0.02773437500000009 0.019335937499999956
2 0.66083984375 0.57060546875 0.029492187499999933 0.019726562499999933
2 0.65224609375 0.5609375000000001 0.027148437499999956 0.019140625000000022
2 0.64365234375 0.54912109375 0.0341796875 0.018164062500000022
2 0.63525390625 0.53564453125 0.027539062500000044 0.023242187499999956
2 0.6273437500000001 0.52724609375 0.027734374999999978 0.021679687500000044
2 0.6203125 0.509765625 0.022656249999999933 0.021484375
0 0.76748046875 0.692578125 0.009960937500000044 0.015234375000000022
0 0.76953125 0.7171875000000001 0.008984375000000044 0.011328125000000022
0 0.8056640625 0.7901367187499999 0.008203125000000089 0.014257812500000022
0 0.7794921875 0.82216796875 0.009765625 0.015820312500000044
