3 0.6377704326923077 0.6032151442307692 0.04206730769230771 0.0420673076923076
3 0.7089927936422414 0.5469339304956897 0.02399313038793105 0.02315126616379304
3 0.78076171875 0.49431741648706895 0.0244140625 0.018941945043103425
3 0.7927582839439655 0.5174686826508621 0.02399313038793105 0.02483499461206895
3 0.8085432381465517 0.542303677262931 0.0244140625 0.02230940193965525
3 0.8386398841594829 0.47327081088362066 0.022309401939655138 0.01978380926724138
3 0.7114679783950617 0.6661361882716048 0.026523919753086433 0.03423996913580252
3 0.7457079475308641 0.6830150462962963 0.032310956790123524 0.02748842592592593
3 0.7782600308641975 0.6962770061728394 0.02893518518518512 0.03472222222222221
3 0.8276909722222222 0.6779513888888888 0.028452932098765427 0.032793209876543106
3 0.8551793981481481 0.6646894290123456 0.02459490740740744 0.025559413580246826
3 0.8571084104938271 0.542920524691358 0.023630401234567833 0.021219135802469147
