2 0.5208258285302594 0.30046604827089335 0.027580151296830002 0.015760086455331446
2 0.6091948847262247 0.3145375540345821 0.03996307636887608 0.016885806916426493
2 0.6595708753602305 0.32663904899135443 0.04615453890489918 0.020825828530259327
2 0.7017853926512968 0.327201909221902 0.03152017291066289 0.014071505763688763
2 0.746532780979827 0.3345190922190202 0.04221451729106629 0.01294578530259366
2 0.7898730187319885 0.3491534582132565 0.03996307636887608 0.011820064841498612
2 0.7932501801152737 0.39249369596541783 0.03996307636887608 0.014071505763688763
2 0.7921244596541787 0.40797235230547546 0.04108879682997113 0.01013148414985593
2 0.6694209293948126 0.4209181376080692 0.03658591498559083 0.014634365994236342
2 0.6688580691642652 0.4620069344380403 0.03658591498559083 0.013508645533141184
2 0.6708280799711815 0.47523414985590773 0.03377161383285299 0.01294578530259366
2 0.6727980907780979 0.48705421469740634 0.037711635446685876 0.014071505763688763
2 0.6674509185878963 0.5022514409221901 0.029268731988472685 0.01519722622478381
2 0.66773234870317 0.5230772694524495 0.02758015129682989 0.00956862391930835
2 0.6668880583573487 0.5354601945244957 0.030394452449567733 0.010694344380403509
2 0.6694209293948127 0.5557231628242074 0.02983159221902021 0.008442903458213302
2 0.6680137788184437 0.5689503782420748 0.03714877521613824 0.01238292507204608
2 0.6744976687388988 0.5815247557726465 0.0461395426287744 0.009366674067495584
2 0.6724161856127886 0.5941871114564831 0.03711978241563063 0.013876554174067524
2 0.6682532193605684 0.6349494893428064 0.0350382992895204 0.012141984902309
2 0.6654779085257548 0.647611845026643 0.03018150532859676 0.011795071047957406
2 0.6677328485790408 0.6585396314387211 0.03191607460035528 0.010060501776198882
2 0.673110013321492 0.6720692717584369 0.041282748667850866 0.012141984902309111
2 0.6696408747779751 0.6876803952042629 0.03573212699822381 0.010754329484902292
2 0.6637433392539964 0.7001692939609236 0.026018539076376523 0.009366674067495584
2 0.6670390208703374 0.7147396758436945 0.03260990230905858 0.01283581261101241
2 0.6658248223801067 0.7282693161634103 0.032956816163410285 0.008672846358792174
2 0.6651309946714032 0.7388501887211367 0.02879384991119005 0.011795071047957406
2 0.6417143095026643 0.9856793960923623 0.027059280639431638 0.023243228241563108
2 0.6507340697158082 0.9692009880106571 0.04093583481349916 0.015264209591474232
2 0.6488260435168739 0.9442231904973357 0.026712366785079933 0.011101243339253997
2 0.655417406749556 0.9227145315275311 0.02948767761989346 0.011795071047957406
2 0.6555908636767318 0.8999916740674956 0.027059280639431638 0.01283581261101241
2 0.656458148312611 0.8701570825932504 0.026018539076376523 0.010060501776198993
2 0.6576723468028419 0.8588823823268206 0.02567162522202482 0.011795071047957295
2 0.6599272868561279 0.833904584813499 0.026018539076376523 0.013182726465364114
2 0.6637433392539964 0.8224564276198935 0.033650643872113584 0.013182726465364114
2 0.6637433392539964 0.8068453041740675 0.03920126554174064 0.012488898756660816
2 0.6625291407637655 0.7837755328596803 0.027753108348134936 0.012141984902309
2 0.62645009991119 0.4484832926287744 0.026365452930728228 0.009713587921847289
2 0.6278377553285968 0.45975799289520425 0.020814831261101285 0.008672846358792174
2 0.6283581261101243 0.47051232238010654 0.025324711367673114 0.011448157193605701
2 0.6257562722024866 0.48976604129662515 0.029834591474245054 0.010407415630550643
2 0.6271439276198933 0.5137030972468917 0.027059280639431527 0.009713587921847178
2 0.6243686167850799 0.5251512544404973 0.0346913854351687 0.009713587921847178
2 0.6255828152753109 0.5372932393428064 0.02948767761989346 0.009713587921847289
2 0.6278377553285968 0.5584549844582594 0.027059280639431638 0.010407415630550587
2 0.6295723246003552 0.5690358570159857 0.022202486678507993 0.011448157193605701
2 0.632000721580817 0.5818716696269982 0.01734569271758435 0.01283581261101241
2 0.6283581261101243 0.5901976021314388 0.023937055950266517 0.010754329484902292
2 0.6285315830373002 0.6021661301065719 0.023590142095914812 0.010407415630550587
2 0.6285315830373002 0.6347760324156306 0.02428396980461811 0.011101243339253997
2 0.6314803507992894 0.6658248223801067 0.016998778863232755 0.010754329484902292
2 0.6293988676731794 0.6765791518650088 0.02116174511545299 0.010754329484902292
2 0.6276642984014209 0.6954859569271759 0.024630883658969815 0.010407415630550587
2 0.6257562722024868 0.7057199156305506 0.02428396980461811 0.012141984902309
2 0.6252359014209592 0.7150865896980461 0.02740619449378323 0.010754329484902292
2 0.6269704706927176 0.7476964920071048 0.02185557282415629 0.011448157193605701
2 0.6229809613676731 0.7567162522202486 0.02567162522202493 0.009366674067495584
2 0.6212463920959147 0.7921014653641207 0.027059280639431638 0.009366674067495584
2 0.619858736678508 0.8059780195381883 0.03260990230905858 0.01144815719360559
2 0.6208994782415631 0.8288743339253997 0.018733348134991057 0.011448157193605701
2 0.6188179951154529 0.846220026642984 0.020814831261101285 0.010754329484902292
2 0.617603796625222 0.8647799178507993 0.02185557282415629 0.009713587921847178
2 0.6179507104795736 0.8854212921847247 0.032956816163410285 0.011448157193605701
2 0.6125735457371225 0.9043280972468917 0.031222246891651873 0.012488898756660816
2 0.6174303396980462 0.9178577375666075 0.021508658969804584 0.010407415630550587
2 0.6144815719360568 0.9273978685612789 0.02185557282415629 0.011448157193605701
2 0.6148284857904085 0.9447435612788633 0.01977408969804617 0.008672846358792285
2 0.6148284857904085 0.9534164076376554 0.016998778863232644 0.010754329484902292
2 0.6061556394316163 0.9641707371225576 0.014223468028419228 0.015611123445825936
2 0.5322629884547069 0.8876762322380106 0.017692606571936054 0.01734569271758435
2 0.5822185834813499 0.979434946714032 0.017692606571936054 0.018386434280639463
2 0.7939652423469388 0.42147640306122447 0.03826530612244905 0.010762117346938771
2 0.7971540178571428 0.4340322066326531 0.03746811224489788 0.011160714285714246
2 0.7965561224489796 0.4483816964285714 0.04025829081632648 0.012755102040816313
2 0.7947624362244898 0.461734693877551 0.04145408163265307 0.00916772959183676
2 0.7989477040816326 0.47209821428571425 0.04025829081632648 0.00916772959183676
2 0.7959582270408163 0.4830596301020408 0.043048469387755084 0.011957908163265307
2 0.7997448979591837 0.4928252551020408 0.03547512755102045 0.00916772959183676
2 0.7991470025510203 0.5039859693877551 0.03587372448979598 0.010762117346938771
2 0.7973533163265305 0.5161431760204082 0.03866390306122447 0.00956632653061229
2 0.8015385841836734 0.5269052933673468 0.026307397959183687 0.011160714285714302
2 0.802734375 0.5370695153061225 0.032684948979591844 0.00996492346938782
2 0.8083147321428571 0.5470344387755102 0.026307397959183687 0.00996492346938771
2 0.8007413903061225 0.5647720025510203 0.034279336734693966 0.01036352040816324
2 0.8017378826530612 0.5759327168367346 0.032286352040816424 0.008769132653061229
2 0.8011399872448979 0.5980548469387754 0.034279336734693855 0.008370535714285698
2 0.8049266581632653 0.6339285714285714 0.02989477040816335 0.012356505102040893
2 0.8053252551020408 0.6542570153061225 0.0418526785714286 0.013950892857142905
2 0.8045280612244898 0.6867426658163265 0.034677933673469385 0.00956632653061229
2 0.8087133290816326 0.696906887755102 0.03667091836734693 0.009167729591836649
2 0.8071189413265305 0.7080676020408163 0.034279336734693966 0.011559311224489832
2 0.8103077168367346 0.7365672831632653 0.02949617346938771 0.010363520408163351
2 0.8081154336734693 0.7469308035714286 0.03627232142857151 0.01036352040816324
2 0.8103077168367346 0.7588887117346939 0.035076530612244916 0.011957908163265252
2 0.8087133290816326 0.7730389030612245 0.03826530612244894 0.00996492346938771
2 0.815688775510204 0.7845982142857142 0.024314413265306145 0.007573341836734637
2 0.8174824617346939 0.8332270408163265 0.027104591836734637 0.012356505102040893
2 0.8190768494897959 0.8549505739795917 0.027104591836734748 0.01036352040816324
2 0.8192761479591836 0.8673070790816326 0.02830038265306123 0.00956632653061229
2 0.8170838647959183 0.8762755102040816 0.03188775510204089 0.00996492346938771
2 0.8166852678571428 0.8876355229591837 0.03746811224489788 0.01036352040816324
2 0.8212691326530612 0.8977997448979591 0.02750318877551028 0.010762117346938771
2 0.8180803571428571 0.9249043367346939 0.035475127551020336 0.010762117346938771
2 0.8071189413265305 0.965361926020408 0.026307397959183576 0.025510204081632737
2 0.8023357780612245 0.9761240433673469 0.025510204081632626 0.021524234693877542
2 0.7943638392857142 0.984095982142857 0.021524234693877542 0.01913265306122447
2 0.784000318877551 0.9874840561224489 0.026307397959183687 0.02112563775510201
2 0.7724609375 0.9916693239795917 0.017578125 0.012755102040816424
2 0.4489724099099099 0.8671640390390392 0.02873967717717718 0.011143956456456494
2 0.48650994744744747 0.8674573010510511 0.029912725225225312 0.032845345345345334
