3 0.4282805879237288 0.2722788665254237 0.05544888771186446 0.06455243644067796
3 0.5176608845338984 0.24993379237288138 0.04055217161016955 0.04965572033898305
3 0.5660752118644068 0.227588718220339 0.04303495762711862 0.05627648305084745
3 0.5172470868644068 0.4597292108050848 0.04800052966101698 0.0422073622881356
3 0.5433163400423728 0.5073159427966102 0.05710407838983056 0.054621292372881325
3 0.5673166048728815 0.5582130561440678 0.0455177436440678 0.04386255296610164
3 0.5942134533898306 0.6074549788135594 0.05793167372881358 0.048000529661016866
3 0.9211136122881356 0.6223516949152543 0.05462129237288138 0.04634533898305093
3 0.918217028601695 0.4944882150423729 0.04055217161016955 0.0455177436440678
3 0.9604243908898306 0.10551840572033899 0.02896583686440679 0.024000264830508475
3 0.9835805084745763 0.877979343220339 0.028932733050847426 0.06435381355932202
1 0.7704204776422764 0.4676067073170732 0.025406504065040636 0.012385670731707321
1 0.7666095020325203 0.4733231707317073 0.027311991869918728 0.011750508130081272
1 0.7627985264227642 0.47824568089430897 0.02413617886178865 0.010162601626016288
1 0.7705792682926829 0.49666539634146345 0.028899898373983768 0.012703252032520373
1 0.7764545223577235 0.5174669715447154 0.01778455284552838 0.011750508130081272
1 0.6302083333333333 0.5714557926829269 0.023818597560975596 0.011115345528455278
1 0.6692606409001955 0.6631451810176126 0.011466487279843451 0.028284001956947136
