3 0.8115755840412622 0.9751260998179612 0.045509708737864085 0.03982099514563109
4 0.11830202562326869 0.5678994979224377 0.02840417243767314 0.03002726800554012
4 0.14129587950138506 0.5296214941135734 0.027322108725761768 0.027051592797783908
4 0.18963861731843573 0.44780027932960886 0.030551675977653625 0.027496508379888263
4 0.26307175279329603 0.4399441340782122 0.04386347765363127 0.04320879888268153
4 0.2128797136871508 0.4063372905027932 0.03076990223463688 0.029242318435754144
4 0.24015799581005584 0.35756372206703907 0.029024092178770944 0.0294605446927374
4 0.15621824186991873 0.6125825711382114 0.02032520325203252 0.020325203252032464
1 0.8910355294585988 0.056810642250530785 0.020526472929936257 0.014513667728237784
1 0.9808129312632696 0.01119625796178344 0.020111796709129548 0.01326963906581741
1 0.9552066746284501 0.009330214968152867 0.021148487261146487 0.012854962845010615
