3 0.24414062499999997 0.1129748774509804 0.04021139705882354 0.036764705882352935
3 0.22250306372549017 0.15912224264705882 0.04595588235294118 0.037147671568627444
3 0.4375382965686274 0.17137714460784312 0.046338848039215674 0.03791360294117646
3 0.5975385918674698 0.27562594126506024 0.03741528614457834 0.031767695783132543
3 0.4952034487459106 0.6063846101417667 0.039616275899672815 0.03961627589967287
3 0.4733142071320182 0.45034498292867986 0.04030728376327769 0.037639889984825536
3 0.76220703125 0.020410156250000002 0.049023437500000044 0.0384765625
3 0.7279296875 0.0697265625 0.044140625000000044 0.03828125
3 0.9720703125000001 0.053515625 0.03867187500000002 0.0390625
3 0.9048494397759104 0.7371651785714286 0.03446691176470584 0.04212622549019607
1 0.81845703125 0.81240234375 0.009570312499999956 0.017382812499999956
1 0.8250976562500001 0.8146484375 0.008398437500000022 0.017187500000000022
1 0.8318359375 0.8182617187500001 0.0078125 0.016992187499999978
1 0.8412109375000001 0.8241210937500001 0.007421875000000022 0.018945312499999978
1 0.8474609375 0.83017578125 0.008593750000000067 0.019726562500000044
1 0.852734375 0.8335937499999999 0.008203124999999978 0.019140625000000022
1 0.85869140625 0.8370117187499999 0.0068359375 0.018164062500000022
1 0.86484375 0.84169921875 0.0078125 0.0185546875
1 0.87177734375 0.84443359375 0.008007812499999933 0.017773437499999933
