3 0.930445995145631 0.5773902078276698 0.03342119235436891 0.027969508495145567
1 0.8922766359060402 0.8551803691275167 0.013370385906040338 0.020448825503355694
1 0.8786440855704698 0.8631763842281879 0.013370385906040227 0.02123531879194629
1 0.8842806208053691 0.8595060822147651 0.012059563758389236 0.018613674496644306
1 0.8608169043624161 0.8732697147651006 0.013894714765100735 0.023070469798657678
1 0.8964712667785235 0.8536073825503355 0.015467701342281814 0.02097315436241609
1 0.873662961409396 0.8005190855704698 0.012321728187919434 0.0196623322147651
1 0.9110213926174497 0.7913433305369127 0.011010906040268442 0.014419043624161132
1 0.8851981963087248 0.7933095637583892 0.010224412751677847 0.014156879194630934
1 0.8787751677852349 0.7959312080536913 0.010486577181208045 0.013108221476510029
1 0.8560979446308725 0.8057623741610738 0.010748741610738244 0.01127307046979864
