3 0.7228860294117647 0.9242302389705882 0.020680147058823484 0.01780790441176472
3 0.6991900275735294 0.9345703125 0.020967371323529327 0.013212316176470562
3 0.8084788602941175 0.9005342371323529 0.02355238970588236 0.027860753676470562
3 0.8191920632333768 0.6354658979791395 0.045836049543676705 0.04710927314211211
3 0.7960464015151515 0.7603609625668448 0.019844585561497263 0.021585338680926935
3 0.98359375 0.31416015625000004 0.019140625000000022 0.01777343749999999
3 0.9666015625 0.2974609375 0.012890624999999933 0.014062500000000033
3 0.98896484375 0.24814453125000002 0.018164062500000022 0.028710937500000006
3 0.9774414062500001 0.269140625 0.016992187499999978 0.015234374999999967
3 0.7341059127439724 0.02786398536165332 0.04574483352468417 0.03924189150401837
3 0.6754673148679677 0.10713260619977041 0.04821146670493681 0.03767221584385762
3 0.6147183053861789 0.18608279344512196 0.04922510162601623 0.04069010416666666
3 0.551953125 0.2640625 0.03554687499999998 0.028906249999999994
3 0.5162109375 0.3193359375 0.03984375000000001 0.03359374999999998
3 0.48288733936915884 0.36081702686915884 0.03490982768691592 0.032171801985981296
3 0.3436063878676471 0.5221162683823529 0.03130744485294118 0.02757352941176472
3 0.2942038143382353 0.5880342371323529 0.020967371323529382 0.020967371323529438
3 0.19444700886262922 0.7212426144756278 0.01673282865583456 0.016732828655834586
