3 0.37170393858477974 0.7562009763017357 0.09048523030707611 0.0787508344459279
3 0.46649178070761016 0.922959779706275 0.09074599465954603 0.07483936915887845
3 0.05383219292389854 0.9430386348464619 0.08266229973297728 0.07744701268357812
1 0.4017640849944629 0.2890754775747508 0.0144916251384275 0.010598352713178272
1 0.4486996470099668 0.3047567137320044 0.01968265503875971 0.013410160575858254
1 0.48590202796234777 0.42447484080841646 0.006705080287929155 0.018817483388704315
1 0.49509447674418605 0.4386420265780731 0.006921373200443004 0.01989894795127356
1 0.5276465600775194 0.4928234011627908 0.006705080287929155 0.01968265503875971
1 0.522779969545958 0.4881731035437431 0.0069213732004429485 0.02162929125138424
1 0.5173726467331119 0.4764932862679956 0.0069213732004429485 0.024224806201550375
1 0.5129386420265781 0.466327519379845 0.007137666112956742 0.022927048726467336
1 0.5042869255260244 0.449889258028793 0.007137666112956742 0.019898947951273505
1 0.5443011143410853 0.518562257751938 0.012761281838316707 0.020547826688815052
1 0.5401915490033223 0.5216985049833888 0.012761281838316707 0.019466362126245862
1 0.536298276578073 0.5239695805647842 0.011896110188261422 0.01838489756367656
1 0.68544921875 0.7715820312499999 0.015429687499999956 0.020117187500000022
1 0.68017578125 0.77265625 0.0146484375 0.020703124999999933
1 0.6756835937500001 0.7755859375 0.012304687500000022 0.017187500000000022
1 0.68642578125 0.80224609375 0.013867187500000044 0.02089843750000009
1 0.6830078125000001 0.807421875 0.016015624999999978 0.021874999999999978
1 0.676171875 0.806640625 0.010937500000000044 0.020703125000000044
1 0.67509765625 0.73505859375 0.009960937499999933 0.0205078125
1 0.68095703125 0.734765625 0.007226562499999978 0.022265624999999956
1 0.6630859375 0.71220703125 0.01914062499999991 0.009179687499999978
1 0.68603515625 0.73310546875 0.007226562500000089 0.018945312499999978
1 0.7359466228768577 0.7023578489915074 0.006842157643312197 0.01637971072186839
1 0.310119706068268 0.24443939633375472 0.019259639696586617 0.01234592288242728
1 0.2641928729456384 0.22616743046776233 0.020741150442477874 0.011358249051833136
1 0.12356279481132074 0.1744177476415094 0.020268278301886766 0.012897995283018882
1 0.6111328125 0.65849609375 0.014843749999999933 0.0205078125
1 0.6250976562499999 0.68173828125 0.012304687500000022 0.017382812499999956
1 0.6376953125 0.7072265625 0.012499999999999956 0.017578125
1 0.65048828125 0.72802734375 0.0126953125 0.017382812499999956
1 0.6470703125 0.7142578125 0.013671875 0.01953125
1 0.6512695312500001 0.7108398437500001 0.013085937499999978 0.018945312499999978
1 0.59677734375 0.6329101562499999 0.013476562499999956 0.018945312499999978
1 0.61220703125 0.6130859375 0.019726562500000044 0.010156249999999978
1 0.6170898437500001 0.61923828125 0.020117187500000022 0.0087890625
1 0.6190429687500001 0.62509765625 0.018945312499999978 0.0087890625
1 0.6234375 0.63125 0.021484375 0.008593749999999956
1 0.6259765625 0.6358398437499999 0.021484375 0.008398437500000022
1 0.6268554687500001 0.64130859375 0.018945312499999978 0.008007812499999933
1 0.65625 0.6505859375 0.013281249999999911 0.017187500000000022
1 0.6734374999999999 0.64482421875 0.014062499999999978 0.017773437499999933
1 0.65419921875 0.66279296875 0.0146484375 0.019726562499999933
1 0.633984375 0.6521484375 0.020312500000000067 0.008984374999999933
1 0.6375 0.6580078125 0.021484375 0.008593750000000067
1 0.64013671875 0.6634765625 0.0244140625 0.009765625
1 0.64404296875 0.6689453125 0.0224609375 0.008984375000000044
1 0.6475585937499999 0.6749023437499999 0.020898437499999978 0.008398437500000022
1 0.6505859375 0.68115234375 0.022265625000000067 0.0087890625
1 0.65380859375 0.6865234375 0.02011718749999991 0.0078125
1 0.65634765625 0.69140625 0.0224609375 0.008593749999999956
1 0.66044921875 0.69677734375 0.019726562499999933 0.008007812500000044
1 0.6623046875 0.7021484375 0.020703124999999933 0.0078125
1 0.6685546875 0.6880859374999999 0.012499999999999956 0.019140625000000022
1 0.6910156249999999 0.69306640625 0.023046875000000022 0.011914062499999933
1 0.7759765624999999 0.65732421875 0.017968749999999978 0.011523437499999956
1 0.7388671875 0.67890625 0.017578125 0.013671875
1 0.7191406250000001 0.6890624999999999 0.017968749999999978 0.011328125000000022
1 0.793359375 0.67431640625 0.005859375 0.01894531250000009
1 0.7884765625000001 0.6755859375 0.006249999999999978 0.021874999999999978
1 0.782421875 0.67861328125 0.006640625000000067 0.019726562500000044
1 0.77783203125 0.6826171875 0.005273437500000089 0.018750000000000044
1 0.773046875 0.6837890625 0.005078125000000044 0.018749999999999933
1 0.7674804687500001 0.687109375 0.005273437499999978 0.018359374999999956
1 0.76142578125 0.69111328125 0.006445312500000022 0.017773437499999933
1 0.75439453125 0.69296875 0.007617187499999956 0.020312499999999956
1 0.74677734375 0.6984375 0.007226562499999978 0.019921874999999978
1 0.7291015624999999 0.7091796875 0.007421875000000022 0.019140625000000022
1 0.72021484375 0.7108398437500001 0.009179687500000089 0.022851562499999978
1 0.71337890625 0.71708984375 0.008398437499999911 0.021289062500000067
1 0.70400390625 0.7235351562500001 0.0087890625 0.020117187500000022
1 0.69794921875 0.7271484374999999 0.007617187500000067 0.019921874999999978
1 0.6921875 0.72939453125 0.0078125 0.0205078125
1 0.8190748762376237 0.6669963313295615 0.017127828854314076 0.016299062942008558
1 0.5772460937499999 0.5771484375 0.014257812500000022 0.020312499999999956
1 0.573046875 0.57978515625 0.013671875 0.020117187500000022
1 0.5693359375 0.58251953125 0.012890625000000044 0.0205078125
1 0.58857421875 0.59638671875 0.011914062499999933 0.017382812500000067
1 0.58544921875 0.5998046875 0.0107421875 0.014843749999999933
1 0.580859375 0.6014648437500001 0.010156249999999978 0.016210937500000022
1 0.18303684277047524 0.2819767441860465 0.011454120323559136 0.02014345298281095
1 0.18757899393326594 0.28622266809909 0.01026921132457026 0.01915602881698686
1 0.20021802325581398 0.28780254676440853 0.008689332659251758 0.01915602881698686
1 0.2035752654196158 0.2917522434277048 0.009479271991911009 0.01915602881698686
1 0.20782118933265925 0.29352960692618807 0.00809687815975732 0.018366089484327608
1 0.22332374873609706 0.29659062184024265 0.01856357431749242 0.013428968655207318
1 0.2618332912032356 0.30133025783619816 0.018563574317492393 0.009084302325581384
1 0.2599571852881699 0.30577366658240646 0.019156028816986803 0.008886817492416543
1 0.22016399140546006 0.3072548028311426 0.01856357431749242 0.013428968655207263
1 0.21799165824064715 0.3138705447421638 0.019748483316481297 0.013231483822042478
1 0.2402087019716886 0.3111057570778564 0.01994596814964611 0.008096878159757348
1 0.23537032355915066 0.3151541961577351 0.018958543983822046 0.008294362992922188
1 0.23211182381193127 0.31900515040444893 0.017576150151668357 0.007306938827098097
1 0.22628602123356928 0.32186868048533873 0.017378665318503517 0.007899393326592508
1 0.2222375821536906 0.32542340748230536 0.018761059150657233 0.009084302325581384
1 0.21799165824064715 0.3296693313953488 0.020538422649140547 0.008886817492416543
1 0.21236334049544997 0.33332280080889787 0.018366089484327608 0.008294362992922133
1 0.23448164180990902 0.34181464863498484 0.017576150151668357 0.012639029322548012
1 0.2585747914560162 0.32828693756319516 0.018366089484327608 0.012836514155712853
1 0.3489418512658228 0.3353441455696203 0.026948180379746833 0.016070015822784778
1 0.37415941455696206 0.3470876186708861 0.019036787974683556 0.012361550632911389
1 0.3677314082278481 0.3829361155063291 0.017058939873417722 0.013844936708860722
1 0.3482001582278481 0.3955448971518988 0.018542325949367056 0.012361550632911389
1 0.3243423655063291 0.40827729430379744 0.016317246835443056 0.012608781645569611
1 0.28033524525316456 0.4333712420886076 0.018789556962025278 0.013844936708860778
1 0.36064453125 0.36181640625 0.020117187500000022 0.011523437499999956
1 0.35546875 0.36630859375 0.020312499999999956 0.009179687500000033
1 0.3494140625 0.369140625 0.021874999999999978 0.009765625
1 0.33876953125 0.37431640624999996 0.020898437500000033 0.009960937499999989
1 0.3337890625 0.378515625 0.021484375 0.009765625
1 0.32724609375 0.38095703125 0.0205078125 0.0087890625
1 0.2140625 0.3751953125 0.012890625000000017 0.01953125
1 0.20966796875 0.37783203125 0.0126953125 0.018164062499999967
1 0.20556640625 0.38076171875 0.013476562500000011 0.018945312500000033
1 0.25927734375 0.38691406250000004 0.022070312500000022 0.010546875000000011
1 0.26494140624999996 0.38427734375 0.01738281250000001 0.010351562500000022
1 0.27070312500000004 0.38134765625 0.02031250000000001 0.0107421875
1 0.2748046875 0.37802734375 0.017578125 0.008398437499999967
1 0.28291015625 0.37529296874999996 0.020898437499999978 0.009960937499999989
1 0.28583984375 0.371484375 0.018945312499999978 0.011328124999999967
1 0.3109375 0.39013671875 0.02031250000000001 0.0107421875
1 0.3068359375 0.39404296875 0.021093750000000022 0.009960937500000044
1 0.30185546875 0.3974609375 0.020117187499999967 0.010546874999999956
1 0.29521484375 0.4001953125 0.020117187500000022 0.009765625
1 0.2916015625 0.4037109375 0.02070312499999999 0.008984374999999989
1 0.33212890625 0.3416015625 0.020898437500000033 0.010156249999999978
1 0.32919921875 0.34609375 0.02167968749999999 0.010546875000000011
1 0.3251953125 0.34970703125 0.018359374999999956 0.009570312500000011
1 0.318359375 0.3529296875 0.019140625000000022 0.010937499999999989
1 0.31328125 0.35576171875 0.01953125 0.009179687499999978
1 0.3083984375 0.35888671875 0.023046875000000022 0.009570312499999956
1 0.30351562499999996 0.36201171875000004 0.01874999999999999 0.009960937499999989
1 0.2986328125 0.3654296875 0.017968749999999978 0.0078125
1 0.290625 0.36738281250000004 0.01874999999999999 0.008984374999999989
1 0.2953125 0.31943359375 0.019140624999999967 0.009570312500000011
1 0.29140625 0.32373046875 0.017578125 0.008398437500000022
1 0.286328125 0.32685546875 0.017968749999999978 0.008398437500000022
1 0.27998046875000004 0.32890624999999996 0.01933593750000001 0.008984374999999989
1 0.27470703124999996 0.33222656250000004 0.01777343749999999 0.008593750000000011
1 0.2681640625 0.33525390624999996 0.01640625000000001 0.007617187500000011
1 0.265234375 0.33896484375 0.01953125 0.008398437499999967
1 0.26064453125 0.34130859375 0.01777343749999999 0.008007812500000044
1 0.251953125 0.34404296874999996 0.019140625000000022 0.007617187500000011
1 0.24833984375 0.34716796875 0.0205078125 0.007617187499999956
1 0.2431640625 0.35068359375 0.019921874999999978 0.008398437499999967
1 0.23593750000000002 0.354296875 0.019140624999999994 0.008203124999999978
1 0.234375 0.35830078125 0.02070312499999999 0.008398437499999967
1 0.16423452604726105 0.5003146817937701 0.018041756176154666 0.012167696025778663
1 0.14262637620837812 0.5129019535445757 0.01636345327604727 0.013006847475832473
1 0.12479440789473686 0.5223424073576799 0.017202604726100967 0.011328544575725075
1 0.23335962674543503 0.46066477577873255 0.019090695488721804 0.012587271750805595
1 0.2098633861439313 0.4738814111170784 0.017412392588614406 0.012587271750805595
1 0.27509765625 0.41396484375 0.020898437499999978 0.009960937499999989
1 0.26787109375 0.41689453125 0.018945312499999978 0.0087890625
1 0.26249999999999996 0.41972656249999996 0.01835937500000001 0.008593750000000011
1 0.2572265625 0.42294921875 0.019140624999999994 0.0087890625
1 0.24423828125000002 0.4287109375 0.018945312500000006 0.008203124999999978
1 0.240234375 0.43232421875 0.021093750000000022 0.0068359375
1 0.23564453125 0.4357421875 0.021289062499999983 0.007421875000000022
1 0.22499999999999998 0.44150390625 0.019921875000000006 0.007226562500000033
1 0.1876953125 0.44648437500000004 0.009765625 0.02031250000000001
1 0.20302734375 0.454296875 0.01933593750000001 0.009375000000000022
1 0.21328125 0.44921875 0.01835937500000001 0.008203124999999978
1 0.21923828125 0.4455078125 0.018945312499999978 0.008203124999999978
1 0.2302734375 0.43876953124999996 0.019140624999999994 0.007617187500000011
1 0.1962890625 0.4583984375 0.02070312499999999 0.008203125000000033
1 0.19111328125 0.46113281250000004 0.020117187499999994 0.008593750000000011
1 0.18710937500000002 0.46455078125 0.019921875000000006 0.0087890625
1 0.1794921875 0.46660156249999996 0.017968750000000006 0.007031249999999989
1 0.17578125 0.4703125 0.02226562500000001 0.008593750000000011
1 0.17236328125 0.4740234375 0.020898437499999978 0.007031249999999989
1 0.16767578125 0.47783203124999996 0.0185546875 0.008007812499999989
1 0.15400390625 0.48193359375 0.0205078125 0.007617187499999956
1 0.14970703125 0.48505859375 0.019726562500000017 0.007226562499999978
1 0.14521484375 0.489453125 0.018164062499999994 0.008203124999999978
1 0.13212890625 0.49443359375 0.014648437500000014 0.005273437499999978
1 0.128125 0.4982421875 0.019921875000000006 0.009375000000000022
1 0.12255859375 0.5015624999999999 0.01894531249999999 0.008203124999999978
1 0.11679687500000001 0.5046875 0.019921875000000006 0.008593750000000067
1 0.10537109375 0.51025390625 0.017382812499999997 0.007617187499999956
1 0.1001953125 0.5125 0.021484375 0.008593750000000067
1 0.08935546875 0.5017578125 0.009960937499999989 0.017578124999999944
1 0.09501953125000001 0.49853515625 0.009960937500000003 0.017773437500000044
1 0.09951171875 0.49746093750000003 0.009960937500000003 0.017187500000000022
1 0.1056640625 0.49248046875 0.010156250000000006 0.020898437499999978
1 0.16572265625 0.4587890625 0.009179687500000006 0.01953125
1 0.15908203125 0.4630859375 0.009960937499999989 0.021874999999999978
1 0.17148437500000002 0.45400390625 0.009374999999999994 0.020117187499999967
1 0.17685546875000002 0.45224609375 0.008398437499999994 0.0185546875
1 0.23232421875 0.42158203125 0.008007812499999989 0.018945312499999978
1 0.22646484375 0.42431640625 0.008007812499999989 0.019726562500000044
1 0.22158203124999998 0.42705078125 0.008398437499999994 0.020117187500000022
1 0.215625 0.42978515625 0.006640624999999983 0.018164062499999967
1 0.2107421875 0.43408203125 0.0074218749999999944 0.016992187499999978
1 0.20458984375 0.4369140625 0.008007812499999989 0.019921875000000033
1 0.19892578125 0.4400390625 0.009570312499999983 0.019921875000000033
1 0.0865234375 0.4693359375 0.013671875 0.02031250000000001
1 0.05205078125 0.5029296875 0.0224609375 0.011328124999999967
1 0.15078124999999998 0.46787109375 0.008203125000000006 0.018945312500000033
1 0.14501953125 0.47099609375 0.0087890625 0.018164062500000022
1 0.1396484375 0.474609375 0.008593750000000011 0.019140625000000022
1 0.13408203125 0.47900390625 0.008398437499999994 0.021679687500000044
1 0.128515625 0.48173828124999996 0.008984374999999989 0.01933593750000001
1 0.12373046874999999 0.48417968749999996 0.007617187499999997 0.01874999999999999
1 0.11884765625 0.4865234375 0.0068359375 0.017968749999999978
1 0.11181640625 0.490234375 0.008007812499999989 0.019921875000000033
3 0.023236535369774918 0.8594378014469454 0.043961012861736336 0.068453577170418
