3 0.6845276471480582 0.0899385618932039 0.08343446601941751 0.06992377123786407
3 0.7199635922330097 0.1579660952669903 0.06328693871359226 0.06376099817961164
3 0.8173828125 0.19032065382281554 0.06376099817961167 0.06873862257281552
3 0.8765217308859223 0.11056014866504855 0.05925743325242716 0.062338819781553395
3 0.8985351562499999 0.36884765625 0.03847656249999998 0.0361328125
3 0.91455078125 0.4142578125 0.03183593749999991 0.03671875000000002
3 0.8169921874999999 0.42109375000000004 0.06796875000000002 0.06132812500000001
3 0.9669921875 0.42119140625 0.04179687500000007 0.04746093750000002
3 0.9544921875 0.5251953125 0.041796874999999956 0.03789062500000007
3 0.97109375 0.5716796875000001 0.042187500000000044 0.04062500000000002
3 0.802828779538131 0.8835971066058002 0.06797126745435011 0.07846066058002155
3 0.9279672395273898 0.9597501006981739 0.06943978249194416 0.06964957035445762
