0 0.6868867132248939 0.22443533415841585 0.024034211456860022 0.024034211456859966
0 0.7015282443422913 0.24515448196605377 0.02182416902404527 0.022929190240452618
0 0.7181035625884017 0.263525459688826 0.023481700848656306 0.02596799858557286
0 0.7292919024045261 0.26946494872701554 0.024310466760961713 0.023481700848656306
0 0.6654769271570014 0.28355396923620935 0.019337871287128716 0.025139232673267287
0 0.6955887553041018 0.30289184052333806 0.022100424328147072 0.024586722065063682
0 0.7023570102545968 0.3150470739038189 0.018509105374823198 0.024034211456859966
0 0.7186560731966054 0.31863839285714285 0.01961412659123052 0.026244253889674662
0 0.7418615187411598 0.3386669024045261 0.020166637199434234 0.025967998585572805
0 0.753326113861386 0.34460639144271565 0.022652934936350788 0.027901785714285754
0 0.7657576025459689 0.3508221357850071 0.01878536067892511 0.02320544554455445
0 0.7747358999292786 0.35786664603960394 0.018509105374823198 0.02071914780763795
0 0.7839904526166902 0.3690549858557284 0.022100424328147072 0.027073019801980236
0 0.628458716407355 0.33079362623762376 0.019337871287128716 0.02182416902404527
0 0.6417189710042432 0.35165090169731256 0.021547913719943468 0.02596799858557286
0 0.5645056135077793 0.3070356700848656 0.02071914780763795 0.025139232673267342
0 0.5425433168316831 0.31780962694483733 0.022652934936350788 0.028454296322489414
0 0.6179610148514851 0.34225822135785006 0.023205445544554504 0.024310466760961824
0 0.6080158239038189 0.3498552422206506 0.019890381895332432 0.022376679632248986
0 0.6313593971004243 0.36504928394625175 0.02071914780763795 0.022376679632248986
0 0.58563914427157 0.36214860325318243 0.022652934936350788 0.024862977369165484
0 0.6125740364214993 0.37734264497878356 0.02292919024045259 0.02375795615275811
0 0.5233435731966053 0.333694306930693 0.018509105374823198 0.024862977369165484
0 0.5131221269448374 0.3382525194483734 0.01961412659123052 0.025139232673267287
0 0.5041438295615275 0.3469545615275813 0.02486297736916543 0.028730551626591216
0 0.5663012729844412 0.37292256011315417 0.022652934936350788 0.02596799858557286
0 0.5574611032531824 0.3828677510608204 0.02375795615275811 0.024862977369165484
0 0.5471015293493635 0.38963600601131543 0.021271658415841554 0.022929190240452646
0 0.43259370579915135 0.39502298444130124 0.020442892503536092 0.024862977369165484
0 0.7065008398161244 0.38121021923620935 0.02071914780763784 0.02320544554455445
0 0.7301206683168316 0.3932273249646393 0.022100424328147072 0.025139232673267342
0 0.7211423709335218 0.4019293670438472 0.02182416902404527 0.024862977369165484
0 0.7095396481612446 0.4073163454738331 0.01961412659123052 0.02348170084865625
0 0.6871629685289957 0.3968186439179632 0.019061615983026803 0.02127165841584161
0 0.6925499469589815 0.42306289780763784 0.019337871287128716 0.024034211456859966
0 0.6794278200141443 0.43342247171145687 0.019061615983026803 0.02320544554455445
0 0.6455865452616689 0.421129110678925 0.019337871287128716 0.023481700848656306
0 0.6265249292786421 0.43715191831683164 0.019337871287128605 0.023481700848656306
0 0.6178228871994342 0.4454395774398868 0.02071914780763795 0.024034211456859966
0 0.5618811881188119 0.407454473125884 0.016022807637906644 0.020995403111739752
0 0.5526266354314002 0.4161565152050919 0.02071914780763795 0.024034211456859966
0 0.5269348921499293 0.4034487712164073 0.020166637199434234 0.02237667963224893
0 0.5185091053748232 0.410907664427157 0.019337871287128716 0.01961412659123052
0 0.5320456152758133 0.4298311527581329 0.018785360678925 0.02320544554455445
0 0.5774896128005658 0.472512597241867 0.02182416902404527 0.026796764497878378
0 0.5099451909476662 0.44682085396039606 0.020442892503536092 0.024034211456859966
0 0.4774851927157001 0.4367375353606789 0.018509105374823198 0.022652934936350788
0 0.3965423886138614 0.458837959688826 0.020166637199434234 0.02320544554455445
0 0.4168471534653465 0.4809383840169731 0.01768033946251768 0.022100424328147128
0 0.4259635785007072 0.5473777846534653 0.021547913719943412 0.025691743281470947
0 0.477623320367751 0.5382613596181046 0.018785360678925056 0.025139232673267342
0 0.4929554897454031 0.5354988065770863 0.021271658415841554 0.026244253889674773
0 0.5053869784299858 0.5277636580622347 0.019061615983026803 0.025691743281471058
0 0.517127828854314 0.5133983822489392 0.022100424328147072 0.024034211456860022
0 0.5453058698727016 0.4970993193069307 0.01878536067892511 0.022376679632248986
0 0.5809428041018387 0.5457202528288543 0.020442892503536036 0.026796764497878378
0 0.547792167609618 0.5624336987270155 0.020442892503536148 0.026520509193776576
0 0.5265205091937765 0.5722407620226309 0.018232850070721396 0.024034211456860022
0 0.5161609352899575 0.5806665487977369 0.01961412659123063 0.023205445544554393
0 0.49392238330975946 0.590887995049505 0.01823285007072134 0.025415487977369144
0 0.6375751414427157 0.5227910625884017 0.022100424328147072 0.028454296322489414
0 0.6476584600424328 0.5168515735502122 0.02071914780763784 0.028730551626591216
0 0.6588467998585572 0.5116027227722773 0.016022807637906644 0.023205445544554393
0 0.6705876502828854 0.505110723125884 0.016299062942008447 0.025691743281471002
0 0.7834379420084865 0.42996928041018384 0.021547913719943357 0.03011182814710045
0 0.7739071340169731 0.43563251414427157 0.018509105374823198 0.024310466760961824
0 0.7549836456859971 0.45220783239038187 0.01768033946251768 0.022652934936350788
0 0.7331594766619518 0.4665731082036775 0.018232850070721285 0.029283062234794932
0 0.36394426272984437 0.5535935289957566 0.018509105374823198 0.025415487977369144
0 0.356070986562942 0.5613286775106081 0.019337871287128716 0.02486297736916543
0 0.34543515735502117 0.568649443069307 0.020719147807637894 0.025691743281471058
0 0.33079362623762376 0.5453058698727016 0.024586722065063682 0.027625530410183896
0 0.3092457125176803 0.5302499557991514 0.024034211456859966 0.017956594766619483
