4 0.5369306436052921 0.851433296582139 0.02777873484013227 0.026702039691289925
4 0.5555574696802645 0.8862105498897463 0.0310088202866593 0.03165483737596475
4 0.5909807400771775 0.864891985942668 0.031224159316427746 0.03165483737596475
4 0.5697698456449833 0.8315144363285556 0.027994073869900826 0.02648670066152148
4 0.7637903114663727 0.6878833034729879 0.017657800441014282 0.017442461411245946
4 0.7598065394156559 0.7116782662624035 0.01701178335170883 0.016796444321940385
4 0.7888773084343991 0.6933744487320838 0.01658110529217205 0.018088478500551286
4 0.7857548925027562 0.7167387334619625 0.016796444321940496 0.018734495589856737
4 0.8140719749173098 0.7008036452590959 0.01313568081587646 0.014858393054024255
4 0.808688499173098 0.7251369556229328 0.014427714994487362 0.015719749173098152
4 0.8345291827453142 0.7138316565600882 0.012705002756339567 0.014643054024255808
4 0.8300070631201764 0.7356885680815877 0.013997036934950469 0.015289071113561259
4 0.11237980769230768 0.26412259615384615 0.018028846153846145 0.016526442307692346
4 0.09585336538461539 0.2641225961538462 0.015024038461538436 0.01953125
