3 0.12373490767045454 0.5964799360795454 0.06325461647727273 0.06991299715909094
3 0.18718998015873015 0.585875496031746 0.03224206349206349 0.04340277777777779
3 0.18563988095238093 0.6373387896825398 0.03658234126984125 0.042162698412698485
3 0.3062375992063492 0.6453993055555556 0.03472222222222221 0.044642857142857206
3 0.9182584993131868 0.6550695398351649 0.04453554258241765 0.03434065934065933
3 0.974866929945055 0.6566792582417582 0.04507211538461542 0.0332675137362638
3 0.9778180803571428 0.8079927884615384 0.040242960164835195 0.032194368131868156
0 0.12439903846153849 0.5465745192307692 0.027043269230769218 0.01652644230769229
0 0.33889358108108103 0.7553842905405406 0.019003378378378344 0.017947635135135198
0 0.36067708333333337 0.9762369791666667 0.020833333333333315 0.01106770833333337
0 0.39615885416666663 0.9866536458333334 0.020182291666666685 0.009765625
0 0.12044270833333333 0.8053385416666667 0.010416666666666657 0.01822916666666663
0 0.13899739583333331 0.8818359375 0.011067708333333343 0.021484375
0 0.14778645833333334 0.8811848958333333 0.01171875 0.01888020833333337
0 0.16015625 0.8850911458333333 0.009114583333333315 0.02018229166666663
0 0.17220052083333331 0.8831380208333333 0.011067708333333343 0.02018229166666663
0 0.24869791666666669 0.8610026041666667 0.010416666666666657 0.02018229166666663
0 0.27864583333333337 0.865234375 0.013020833333333315 0.02083333333333326
0 0.2659505208333333 0.8899739583333334 0.009765625 0.015625
0 0.255859375 0.890625 0.01041666666666663 0.01822916666666674
0 0.10970052083333334 0.8046875 0.011067708333333329 0.02083333333333326
0 0.0986328125 0.8024088541666667 0.012369791666666657 0.01888020833333337
0 0.0888671875 0.8037109375 0.011067708333333343 0.017578125
0 0.03938802083333333 0.80078125 0.011067708333333336 0.02213541666666674
0 0.009440104166666668 0.798828125 0.011067708333333334 0.02083333333333326
