3 0.08271329365079363 0.020089285714285702 0.036582341269841265 0.031622023809523815
3 0.059461805555555546 0.043960813492063475 0.034722222222222224 0.03720238095238095
3 0.0734126984126984 0.0907738095238095 0.0998263888888889 0.08246527777777778
3 0.07000248015873015 0.16207837301587302 0.02728174603174604 0.04774305555555555
3 0.05202132936507935 0.21788194444444442 0.03100198412698412 0.04402281746031747
3 0.042410714285714274 0.2975570436507936 0.03410218253968254 0.052083333333333315
3 0.291046626984127 0.6345486111111112 0.06138392857142855 0.07006448412698418
3 0.2919766865079365 0.6881820436507937 0.03968253968253971 0.03844246031746035
3 0.26841517857142855 0.7210441468253969 0.03844246031746032 0.038442460317460236
3 0.4748883928571428 0.740265376984127 0.03596230158730157 0.05208333333333337
3 0.44419642857142855 0.7780877976190477 0.04154265873015872 0.05456349206349209
3 0.4612475198412698 0.8311011904761905 0.03720238095238093 0.044022817460317554
3 0.6168774801587302 0.6971726190476191 0.08184523809523803 0.07750496031746024
3 0.3958333333333333 0.5685143849206349 0.04154265873015872 0.035962301587301515
1 0.7877103365384616 0.802734375 0.01652644230769229 0.0360576923076924
