3 0.20240099676724135 0.13715651939655168 0.02946524784482757 0.03199084051724137
3 0.21376616379310343 0.17167295258620685 0.035358297413793094 0.02862338362068964
3 0.2167126885775862 0.21039870689655168 0.0429350754310345 0.030307112068965525
3 0.4835836476293104 0.048760775862068936 0.037883890086206906 0.03704202586206898
3 0.3672786078717201 0.3410850947521866 0.03416545189504372 0.05238702623906705
3 0.30691964285714285 0.5736948797376094 0.06719205539358597 0.06662263119533518
3 0.3282730502915452 0.6434493440233235 0.06890032798833817 0.07174744897959184
3 0.33254373177842567 0.7063707179300291 0.047831632653061174 0.03929026967930027
3 0.32314823250728864 0.8441713739067055 0.04270681486880468 0.04612336005830908
3 0.332828443877551 0.9025373542274052 0.031318330903790104 0.030748906705539314
3 0.3456404883381924 0.9557785167638484 0.04327623906705541 0.04156796647230321
3 0.5213078534985423 0.5529108965014577 0.04042911807580185 0.03872084548104959
3 0.5566121537900874 0.5455083819241983 0.042706814868804566 0.03530430029154519
3 0.2984401304713805 0.49934238215488214 0.06050084175084175 0.06378893097643096
3 0.17316393097643099 0.43062131734006737 0.058527988215488214 0.06313131313131315
3 0.2510302197802198 0.04901055975274726 0.02253605769230768 0.025218921703296697
3 0.29154146634615385 0.10964328640109891 0.02199948489010989 0.02843835851648352
