3 0.3358364762931034 0.4922127559267242 0.023572198275862044 0.025676858836206906
3 0.2678559401939655 0.5496699892241379 0.03662109375000003 0.03199084051724144
3 0.41139379040948276 0.6073376885775862 0.034937365301724144 0.042935075431034475
3 0.4631684401939655 0.5168372844827587 0.04840719288793105 0.038725754310344807
3 0.4545393318965517 0.47369174299568967 0.04209321120689652 0.03662109375
3 0.39055765086206895 0.16304384428879307 0.03283270474137928 0.038304822198275856
3 0.3804552801724138 0.11000639816810341 0.04125134698275862 0.03325363685344826
4 0.5685671542553192 0.1976811835106383 0.042594747340425454 0.04259474734042554
3 0.096625577176781 0.6506122196569921 0.04380359498680739 0.034527539577836386
3 0.11079732849604222 0.690808459762533 0.04431893139841689 0.0355582124010555
3 0.12033105211081793 0.7322930408970976 0.03968090369393139 0.030920184696569986
3 0.1321837895778364 0.7748082948548812 0.0396809036939314 0.03658888522427439
