2 0.8129317067736186 0.48567012032085555 0.016711229946524075 0.025066844919786113
2 0.916680592691622 0.5939449643493762 0.012533422459892973 0.022281639928698804
2 0.9238176804812833 0.6541750222816398 0.00731116310160429 0.016014928698752207
2 0.8413059826203209 0.7164939839572193 0.01636307932263814 0.025763146167557927
2 0.7351200423351159 0.755660929144385 0.009400066844919786 0.014970476827094403
2 0.6204044117647058 0.9004915886809268 0.013229723707664842 0.029592803030303094
2 0.8985767602495542 0.8907433712121211 0.016014928698752207 0.02680759803921562
2 0.6639232397504455 0.984569964349376 0.009748217468805609 0.016014928698752318
2 0.5152629233511586 0.9232954545454545 0.009051916221033851 0.01462232620320858
2 0.4799256350267379 0.9866588680926915 0.011488970588235337 0.02019273618538331
2 0.42239352876106195 0.9015141039823008 0.011753318584070804 0.017284292035398163
2 0.4054549225663717 0.9452433628318584 0.009679203539823045 0.017629977876106095
2 0.43345547566371684 0.9336628871681415 0.011753318584070804 0.014518805309734484
2 0.8021343011447563 0.9891799182976366 0.012918897710487487 0.017733913404726853
