3 0.5989600717623498 0.7238661965954606 0.0427653538050734 0.048502169559412556
1 0.7719350961538463 0.14618389423076925 0.018028846153846145 0.009014423076923073
1 0.3542668269230769 0.09284855769230771 0.021033653846153855 0.010516826923076927
1 0.5387479026845637 0.13357277684563756 0.023594798657718075 0.007602768456375836
1 0.14196203859060402 0.07904257550335571 0.014943372483221473 0.007078439597315439
1 0.41767578125000004 0.490625 0.013476562500000011 0.013671875
1 0.40732421875 0.47822265625000004 0.0146484375 0.013867187499999989
1 0.4037109375 0.47392578125 0.01640625000000001 0.014257812500000022
1 0.40205078125 0.50390625 0.0166015625 0.015625
1 0.42294921875 0.52783203125 0.01582031249999999 0.015429687499999956
1 0.9081054687500001 0.77802734375 0.012304687500000022 0.015039062499999978
1 0.916015625 0.7826171875 0.012109375000000089 0.015625
1 0.92587890625 0.7875 0.013476562499999956 0.016796875000000044
1 0.936328125 0.79248046875 0.013671875 0.01621093749999991
1 0.9416015625 0.79482421875 0.014062499999999978 0.0166015625
1 0.9486328125 0.8001953125 0.014453124999999956 0.016796875000000044
1 0.95869140625 0.8037109375 0.013476562500000067 0.01601562500000009
