3 0.5209955554024255 0.18657404217199558 0.03423890573318633 0.04672856945975745
3 0.5693391675854464 0.21101502205071665 0.03445424476295478 0.04479051819184124
3 0.6172521017089305 0.23222591648291072 0.034669583792723224 0.04242178886438813
3 0.6699024944873209 0.2570975744211687 0.03617695700110246 0.04263712789415655
3 0.7668050578831311 0.3064102122381478 0.03488492282249167 0.044790518191841266
3 0.8688757579933848 0.3508777218853363 0.031870176405733086 0.04672856945975745
3 0.7770336617971334 0.537361321664829 0.04371382304299887 0.04543653528114666
3 0.9042990283902976 0.6210205347298787 0.04069907662624028 0.057710859977949336
3 0.9563034040793825 0.6490146085997794 0.04349848401323042 0.0473745865490629
3 0.9336928059536935 0.872213512954796 0.032731532524807094 0.04371382304299898
3 0.871782834895259 0.8440041000551267 0.03510026185226012 0.04500585722160966
3 0.8174097298787211 0.8281766813671443 0.029286108048511506 0.04435984013230432
3 0.7738035763506064 0.7966295135060639 0.03036280319735396 0.038545686328555706
3 0.98578870073043 0.9000051681367145 0.024516348539140087 0.04373966372657112
3 0.5558804782249173 0.6972505512679161 0.07730671168687975 0.08355154355016536
3 0.46123897464167585 0.6457845231532524 0.05383475744211691 0.06503238699007718
3 0.3614293343439912 0.6034704038037486 0.06740111631753032 0.07472264332965828
3 0.27507838340683577 0.5596489112458654 0.07213857497243664 0.07450730429988972
3 0.5487632175226587 0.9051642749244713 0.03540407854984895 0.0477955060422961
3 0.496247167673716 0.8755133591389728 0.035404078549848894 0.04632033610271902
4 0.6880192598187311 0.06461244335347432 0.025962990936555852 0.024782854984894256
4 0.7129496317975831 0.09293570619335348 0.02448782099697877 0.02419278700906345
3 0.7263906856403622 0.5137704155886158 0.038910899094437346 0.04724894890038822
3 0.679268070827943 0.489514270698577 0.042700921733505814 0.043206258085381644
3 0.6310084492238034 0.4614681031694696 0.0366368855109962 0.043206258085381644
3 0.5787109375 0.44189453125 0.0390625 0.044726562499999956
3 0.4802734375 0.39296875 0.04179687500000007 0.04531250000000003
3 0.43125 0.37255859375 0.04531250000000003 0.04042968749999998
1 0.7433894230769231 0.7088341346153846 0.012019230769230727 0.02253605769230771
1 0.5449377540650406 0.13541666666666669 0.02096036585365857 0.012385670731707321
1 0.6308434959349594 0.11207444105691058 0.01619664634146345 0.017149390243902427
1 0.6368775406504065 0.10778709349593499 0.016831808943089444 0.01683180894308943
1 0.7839176829268293 0.1716209349593496 0.011750508130081272 0.02191310975609756
1 0.7758193597560976 0.17590828252032523 0.01143292682926822 0.022230691056910556
1 0.03585492886178864 0.461572662601626 0.015243902439024386 0.016196646341463394
1 0.08476244918699188 0.4725292174796748 0.01206808943089431 0.01969004065040647
1 0.11112169715447157 0.47411712398373984 0.01333841463414634 0.019054878048780477
1 0.11429751016260165 0.4961890243902439 0.02159552845528455 0.0073043699186991495
1 0.16526930894308944 0.5190548780487805 0.012385670731707321 0.01619664634146334
1 0.07158282520325206 0.5427146849593496 0.02254827235772358 0.009527439024390238
