3 0.6464191839118825 0.45084591955941256 0.07405707610146872 0.07718624833110815
3 0.4292834051724138 0.5752789557842046 0.036498887652947676 0.031719271412680716
1 0.810821963028169 0.3518179388832998 0.00923509808853129 0.024561431086519092
1 0.7974605445171026 0.35800741951710263 0.011200012575452667 0.028687751509054338
1 0.7728008677062375 0.31409158073440646 0.008645623742454811 0.024954413983903412
1 0.7654324383802817 0.31576175804828976 0.00884211519114686 0.024364939637826932
1 0.7585552376760564 0.3182179011569417 0.007663166498993901 0.029277225855130762
1 0.7299657318913482 0.33531265719315895 0.00825264084507038 0.02338248239436619
1 0.7354674924547284 0.3292214222837022 0.007466675050301852 0.022596516599597605
1 0.7433271504024146 0.3274529992454729 0.0086456237424547 0.02259651659959755
1 0.7495166310362174 0.3272565077967807 0.00884211519114686 0.02298949949698187
1 0.7752570108148893 0.36537584884305835 0.007270183601609692 0.022203533702213285
1 0.7676920900402415 0.3703863807847083 0.00785965794768606 0.02357897384305835
1 0.7552148830482898 0.37844253018108653 0.00884211519114686 0.02357897384305835
1 0.747846453722334 0.3812916561871228 0.007859657947686172 0.020631602112676062
1 0.8311588279678068 0.340421434859155 0.0086456237424547 0.02377546529175051
1 0.845404457997988 0.3338389713279678 0.00884211519114697 0.02357897384305835
1 0.8529693787726358 0.32784598214285715 0.00825264084507038 0.02770529426559354
1 0.7293762575452716 0.6675796969315896 0.023185990945674084 0.013557909959758474
1 0.7266253772635816 0.6757340920523139 0.020042127766599527 0.011003521126760507
1 0.6930253395372233 0.6802533953722334 0.020042127766599638 0.012575452716297786
1 0.6987235915492958 0.6865411217303823 0.021221076458752486 0.012968435613682106
1 0.6684639084507042 0.691158670774648 0.020042127766599638 0.012771944164989946
1 0.6778954979879276 0.6933200767102616 0.01768423038229372 0.014343875754527224
1 0.646260374748491 0.7053060550804829 0.022793008048289765 0.015915807344064392
1 0.7780078910965795 0.6457691461267606 0.022203533702213285 0.014343875754527113
1 0.801881602112676 0.6403656312877264 0.023185990945674084 0.013754401408450745
1 0.6112848968812877 0.6699375943158954 0.012968435613682106 0.022203533702213285
1 0.3603653169014085 0.8730115065392354 0.014540367203219329 0.022400025150905445
1 0.37844253018108653 0.8624992140342053 0.014147384305835009 0.021024585010060326
1 0.38345306212273644 0.8593553508551308 0.01395089285714285 0.020238619215291687
1 0.3939653546277666 0.8554255218812877 0.01650528169014087 0.022596516599597605
1 0.58095703125 0.70078125 0.019726562500000044 0.01171875
1 0.5794921875000001 0.7076171875 0.017968749999999978 0.012499999999999956
1 0.5848632812500001 0.7099609375 0.022070312500000022 0.013281249999999911
1 0.58974609375 0.71357421875 0.0224609375 0.013085937499999978
1 0.5875 0.71826171875 0.017578125 0.0107421875
1 0.58974609375 0.72265625 0.0244140625 0.012109375000000089
1 0.5897460937500001 0.7267578125 0.022851562499999978 0.015625
1 0.5953124999999999 0.73017578125 0.021093750000000022 0.013476562500000067
