3 0.9034376722712238 0.08310363836824698 0.06352501378169795 0.06675509922822492
3 0.7679894225468578 0.22188964305402425 0.062232979603087046 0.06266365766262405
3 0.749254926957001 0.2985503376515987 0.07902942392502754 0.06180230154355015
3 0.7206148359977949 0.36896620038588757 0.08118281422271223 0.06438636990077173
3 0.6622579589305402 0.5118436466372657 0.08204417034178613 0.06632442116868792
3 0.5938878169790518 0.6030397257442117 0.10766951488423371 0.10917688809261306
3 0.37165499281609193 0.8922638290229884 0.11426903735632182 0.0936153017241379
1 0.9425343078758949 0.3920234188544152 0.02610381861575184 0.016781026252983278
1 0.8674858293556085 0.4640419898568019 0.01771330548926009 0.025637678997613322
1 0.9395044003579951 0.4008800715990453 0.028434516706443924 0.015848747016706466
1 0.9576838454653938 0.40414304892601427 0.014450328162291082 0.024239260143198105
1 0.9674727774463006 0.4085713752983293 0.013518048926014381 0.020976282816229097
1 0.9758632905727922 0.4120674224343675 0.015382607398568005 0.023306980906921293
1 0.9364744928400954 0.4090375149164678 0.02703609785202865 0.016314886634844872
1 0.9332115155131264 0.4188264468973747 0.027968377088305463 0.016314886634844872
1 0.9280839797136038 0.4279161694510739 0.028900656324582275 0.01584874701670641
