0 0.07289209905660377 0.5563826650943395 0.020636792452830177 0.020636792452830233
0 0.13719781839622638 0.6424307193396226 0.022479363207547176 0.02395341981132082
0 0.12522110849056603 0.6612249410377358 0.020636792452830177 0.021005306603773533
0 0.13775058962264147 0.6774395636792453 0.020636792452830205 0.021005306603773644
0 0.11785082547169809 0.6735701650943395 0.019162735849056575 0.01989976415094341
0 0.1091907429245283 0.6827830188679245 0.02321639150943397 0.022847877358490476
0 0.07178655660377357 0.6584610849056604 0.01989976415094341 0.022847877358490587
0 0.09408166273584904 0.6989976415094339 0.021742334905660382 0.02432193396226412
0 0.08560583726415094 0.7100530660377359 0.021742334905660368 0.022847877358490587
0 0.06257370283018866 0.709316037735849 0.021373820754716992 0.02505896226415094
0 0.040462853773584884 0.7126326650943396 0.022110849056603772 0.022847877358490587
0 0.04470076650943394 0.6897847877358491 0.01805719339622642 0.021373820754716943
0 0.029407429245283 0.6778080778301887 0.02284787735849057 0.027638561320754707
0 0.06423201650943396 0.5641214622641509 0.0202682783018868 0.021373820754716943
0 0.08247346698113206 0.5819943985849056 0.022847877358490573 0.02469044811320753
0 0.07602446933962263 0.5923127948113207 0.02321639150943397 0.02395341981132082
0 0.06625884433962263 0.6018941627358491 0.025058962264150948 0.025427476415094352
0 0.056677476415094324 0.6125810731132075 0.022110849056603786 0.021742334905660354
0 0.04783313679245281 0.6205041273584906 0.022847877358490566 0.022847877358490587
0 0.0395415683962264 0.6313752948113207 0.02174233490566038 0.02026827830188671
0 0.02756485849056602 0.6411409198113207 0.022110849056603772 0.022110849056603765
0 0.010428950471698097 0.6221624410377358 0.01953125 0.022479363207547176
0 0.02406397405660376 0.6090801886792453 0.018794221698113206 0.017688679245283057
0 0.031249999999999986 0.600051591981132 0.019162735849056606 0.018057193396226467
0 0.03806751179245281 0.5897331957547169 0.02247936320754717 0.023216391509433998
0 0.045437794811320736 0.5797833136792452 0.02247936320754717 0.021742334905660354
0 0.054834905660377346 0.5731500589622642 0.023584905660377367 0.021742334905660354
0 0.01300854952830187 0.9740934551886793 0.02174233490566038 0.01953125
0 0.0074808372641509266 0.9884655070754718 0.014372051886792454 0.016583136792452824
