0 0.3358644859813084 0.5797008859034267 0.015211253894080956 0.02403378115264798
0 0.3218701323987539 0.5888276382398754 0.01764505451713394 0.02342533099688482
0 0.33023632204049846 0.6165121203271029 0.015515478971962648 0.028292932242990676
0 0.29814057632398755 0.6609289816978193 0.02798870716510904 0.02220843068535827
0 0.5766586351246106 0.49041082554517135 0.01490702881619943 0.023729556074766345
0 0.5319375486760125 0.4569460669781932 0.028292932242990676 0.017645054517133996
0 0.030233923410404644 0.7165372109826589 0.027998554913294796 0.013321893063583778
0 0.9786556339605734 0.2413334453405018 0.014700940860215006 0.02625168010752693
0 0.7819430443548387 0.22103214605734767 0.029401881720430123 0.015751008064516125
0 0.44480830983709274 0.2885338345864662 0.023740993107769448 0.016643170426065168
