0 0.3935301058352403 0.18592677345537756 0.026369422196796333 0.01251430205949658
0 0.26794014588100684 0.3935301058352403 0.012961241418764313 0.024581664759725397
0 0.04134189073226545 0.22972683066361554 0.013855120137299774 0.02145308924485126
0 0.30570652173913043 0.6940968249427917 0.015195938215103011 0.021453089244851342
0 0.32693614130434784 0.6766661899313502 0.01832451372997712 0.019665331807780295
0 0.31933817219679633 0.6925325371853547 0.01564287757437066 0.020112271167048057
0 0.6015803775743707 0.8158878003432495 0.022346967963386755 0.021900028604118993
0 0.5209078232265446 0.8509725400457666 0.02100614988558358 0.014302059496567487
0 0.4826945080091533 0.845162328375286 0.016983695652173947 0.022346967963386755
0 0.19710025743707094 0.5734231979405033 0.019665331807780323 0.019665331807780295
2 0.5790099399313501 0.33207594393592677 0.030838815789473673 0.025922482837528626
0 0.8040439073226544 0.760914259153318 0.02681636155606404 0.012961241418764202
0 0.9738808638443935 0.6706325085812357 0.025028604118993103 0.01564287757437066
0 0.6848361959287532 0.33744831424936383 0.026836832061068683 0.015903307888040674
2 0.10314919171220402 0.9624886156648451 0.02205714936247724 0.023124430783242222
