0 0.5459965081329561 0.1370005304101839 0.02182416902404527 0.020995403111739752
0 0.569324712643678 0.11393229166666666 0.019306752873563204 0.019980244252873564
0 0.5785290948275861 0.1070851293103448 0.018408764367816022 0.02065373563218391
0 0.5881824712643677 0.10012571839080459 0.01706178160919536 0.021551724137931022
0 0.5992950790229885 0.09406429597701149 0.01863326149425293 0.0220007183908046
0 0.6191630747126435 0.07879849137931033 0.019755747126436796 0.023796695402298854
0 0.62847970545977 0.07127783764367815 0.018633261494252817 0.0231232040229885
0 0.6392555675287355 0.0682471264367816 0.017735272988505746 0.023347701149425283
0 0.6812365301724137 0.03962374281609195 0.01998024425287359 0.02491918103448276
0 0.7020025143678159 0.026715158045977006 0.019306752873563204 0.022000718390804593
0 0.8895861037234042 0.16847665484633573 0.02008532801418439 0.019392730496453903
0 0.8663840868794326 0.1840600989952719 0.017084072104018966 0.018238401300236406
0 0.8576111849881796 0.19502622635933808 0.021239657210401885 0.0180075354609929
0 0.8475685209810874 0.20379912825059104 0.022855718085106336 0.022624852245862886
0 0.8503389110520094 0.24835623522458633 0.014082816193853431 0.024471778959810897
0 0.9456865026595744 0.2936059397163121 0.02516437647754144 0.015698877068557937
0 0.9754681959219857 0.2926824763593381 0.024702644799054374 0.014775413711583918
0 0.6673777334515365 0.3492446069739953 0.024471778959810897 0.02077792553191493
0 0.6745345744680851 0.3592872709810875 0.02077792553191493 0.016853206264775378
0 0.6829611776004727 0.3712922946217494 0.02239398640661938 0.017776669621749452
0 0.688848256501182 0.3822584219858156 0.025395242316784916 0.018007535460992874
0 0.7006224143026004 0.417119163711584 0.025395242316784916 0.013851950354609899
0 0.69992981678487 0.43097111406619387 0.027703900709219798 0.012928486997635935
0 0.7008532801418439 0.4422835401891253 0.02585697399527187 0.012466755319148926
0 0.7025847739361701 0.46767878250591016 0.02608783983451546 0.012928486997635935
0 0.7313701923076923 0.5413161057692307 0.02253605769230771 0.01953125
0 0.7298677884615384 0.5282952724358974 0.022035256410256387 0.017027243589743613
0 0.7241085737179487 0.5172776442307692 0.02253605769230771 0.01602564102564108
0 0.7164713541666666 0.508388421474359 0.023788060897435903 0.01978165064102566
0 0.7103365384615384 0.49787159455128205 0.021534455128205066 0.015775240384615363
0 0.9568647044573644 0.610336421996124 0.02422480620155032 0.018547117248062017
0 0.9746547965116279 0.5100305838178294 0.015140503875968991 0.02384629360465118
0 0.9861994307170543 0.5153297601744187 0.014004966085271353 0.020818192829457405
0 0.87880859375 0.27841796875 0.023242187499999956 0.0146484375
