0 0.028935185185185182 0.11574074074074074 0.02459490740740741 0.018807870370370378
0 0.04846643518518519 0.12333622685185183 0.024594907407407406 0.01808449074074074
0 0.18988715277777776 0.10778356481481481 0.018084490740740755 0.024594907407407413
0 0.068359375 0.43004918981481477 0.02097800925925926 0.018084490740740755
0 0.24739583333333331 0.498046875 0.024594907407407413 0.016637731481481455
0 0.2007378472222222 0.5099826388888888 0.01953125 0.02893518518518512
0 0.24160879629629628 0.5942563657407407 0.01591435185185186 0.02387152777777768
0 0.14322916666666666 0.8025896990740741 0.01157407407407407 0.01953125
0 0.1540798611111111 0.796802662037037 0.01157407407407407 0.01953125
0 0.328052662037037 0.3407118055555555 0.020978009259259245 0.01302083333333337
0 0.29947916666666663 0.3544560185185185 0.021701388888888895 0.01591435185185186
0 0.6235532407407407 0.28356481481481477 0.02459490740740744 0.017361111111111105
0 0.8224826388888888 0.19892939814814814 0.01591435185185186 0.021701388888888895
0 0.9794560185185184 0.1124855324074074 0.01880787037037035 0.022424768518518517
0 0.9599247685185185 0.09078414351851852 0.02314814814814814 0.016637731481481483
0 0.7725694444444444 0.2983940972222222 0.01736111111111116 0.0180844907407407
0 0.7837818287037037 0.31177662037037035 0.02097800925925919 0.01736111111111116
0 0.8673321759259258 0.52734375 0.02170138888888895 0.01591435185185186
0 0.8054832175925926 0.5609809027777777 0.0209780092592593 0.01808449074074081
0 0.8796296296296295 0.646339699074074 0.01736111111111105 0.02242476851851849
0 0.896267361111111 0.8839699074074073 0.01591435185185186 0.02170138888888884
