0 0.16302565586419754 0.271532600308642 0.015070408950617287 0.024715470679012308
0 0.1202962802768166 0.2000432525951557 0.02432958477508651 0.014868079584775096
0 0.14935661764705882 0.32287386461937717 0.017571366782006936 0.02669496107266439
0 0.24498540224913495 0.10035953719723184 0.015543901384083042 0.02365376297577855
0 0.25596750648788924 0.04713857050173011 0.016557634083044975 0.028046604671280277
0 0.8796954487645348 0.20944426780523256 0.013058684593023284 0.024981831395348847
0 0.848610101744186 0.35734806504360467 0.026401253633720922 0.01532976017441856
0 0.7215718114098837 0.5518089117005813 0.02498183139534893 0.01703306686046513
0 0.6906284066133721 0.632290152616279 0.02498183139534882 0.017316951308139594
0 0.959070796460177 0.8040306969026548 0.02385232300884954 0.014518805309734484
0 0.9568238384955752 0.8176852876106193 0.026272123893805288 0.016247234513274367
0 0.9146501659292035 0.8081789269911503 0.024198008849557473 0.015901548672566324
0 0.6467436393805309 0.8615873893805309 0.026272123893805288 0.01832134955752207
0 0.6260024889380531 0.8550193584070795 0.02488938053097345 0.018321349557522182
0 0.5262358849789917 0.693031118697479 0.02831210609243695 0.015592174369747802
0 0.06277901785714286 0.8109982274159664 0.014771533613445381 0.02420890231092432
0 0.14361213235294118 0.8686482405462186 0.02872242647058823 0.013950892857142905
0 0.137047006302521 0.8823939732142858 0.028722426470588244 0.016002494747899054
