0 0.2842047275641026 0.5571414262820513 0.02086672008547008 0.029213408119658113
0 0.22911658653846156 0.4782652243589744 0.01418936965811965 0.023370726495726468
0 0.2821180555555556 0.5880241720085471 0.018362713675213693 0.024205395299145338
0 0.6527110042735043 0.6310096153846154 0.02003205128205121 0.02337072649572658
0 0.8079594017094018 0.0471587873931624 0.015024038461538436 0.024205395299145303
0 0.677333733974359 0.26751135149572647 0.015858707264957195 0.024205395299145283
0 0.6447816506410257 0.2808660523504274 0.017528044871794934 0.024205395299145283
0 0.4561465010683761 0.21325787927350429 0.02086672008547008 0.024205395299145283
0 0.13187767094017094 0.1669337606837607 0.015024038461538478 0.025040064102564097
0 0.029510374493927162 0.5411184210526316 0.015024038461538464 0.02293142712550611
0 0.44188069331983804 0.7190346659919029 0.017396255060728727 0.022931427125506
0 0.23376197536496351 0.013144388686131424 0.017107664233576653 0.022097399635036496
0 0.8033046304744526 0.8852788549270073 0.02423585766423364 0.019958941605839442
