0 0.3075443097014925 0.13166588930348255 0.01846237562189057 0.02429259950248755
0 0.2545864427860696 0.404228855721393 0.021377487562189046 0.029151119402985093
0 0.03692475124378109 0.3323227611940298 0.019434079601990048 0.025264303482587014
0 0.07482120646766169 0.3459266169154228 0.017490671641791036 0.02526430348258707
0 0.04372667910447761 0.35418610074626866 0.017490671641791043 0.02623600746268656
0 0.5286069651741293 0.19288324004975121 0.017490671641791078 0.02429259950248755
0 0.5922535758706466 0.4032571517412935 0.01846237562189057 0.023320895522388085
0 0.5261777052238805 0.050528606965174125 0.022349191542288538 0.015547263681592038
0 0.6724191542288557 0.32454912935323377 0.025264303482587014 0.015547263681592038
0 0.6374378109452736 0.29296875 0.015547263681591983 0.012632151741293562
0 0.6418104788557213 0.30608675373134325 0.016518967661691586 0.013603855721392999
0 0.6913673818407959 0.08988261815920398 0.024292599502487633 0.014575559701492533
0 0.7691037002487562 0.17247745646766166 0.022349191542288538 0.016518967661691558
0 0.7729905161691542 0.19239738805970147 0.030122823383084585 0.017490671641791022
0 0.8993120335820894 0.12680736940298507 0.026236007462686617 0.01846237562189053
0 0.9163168532338307 0.29928482587064675 0.017490671641791078 0.023320895522388085
0 0.7914528917910446 0.4421253109452736 0.020405783582089554 0.02332089552238803
1 0.8798779539800994 0.32503498134328357 0.03206623134328357 0.022349191542288593
0 0.6563860385572138 0.4887671019900497 0.016518967661691586 0.025264303482587014
0 0.6549284825870646 0.5524137126865671 0.019434079601990062 0.022349191542288538
0 0.712744869402985 0.6136310634328357 0.016518967661691475 0.026236007462686506
0 0.46544620646766166 0.9240904850746268 0.023320895522388085 0.019434079601990062
0 0.4537857587064676 0.93720848880597 0.019434079601990062 0.01846237562189057
0 0.5689326803482586 0.7520988805970148 0.01846237562189057 0.013603855721392999
0 0.5801072761194029 0.7637593283582089 0.027207711442785998 0.015547263681591983
0 0.2249494713930348 0.7754197761194029 0.020405783582089554 0.02332089552238803
0 0.2200909514925373 0.8011699315920398 0.020405783582089554 0.020405783582089554
0 0.21328902363184077 0.8176888992537312 0.01651896766169153 0.01846237562189057
0 0.017490671641791043 0.6350085509950247 0.015547263681592038 0.024292599502487522
0 0.07093439054726366 0.7992265236318408 0.017490671641791036 0.016518967661691586
0 0.018948227611940295 0.8371229788557213 0.018462375621890546 0.02234919154228865
0 0.787080223880597 0.6869947139303482 0.019434079601990062 0.021377487562189046
