0 0.9841332296723301 0.7037270555218447 0.02228079490291268 0.018962378640776656
0 0.0236328125 0.5296875000000001 0.016015625 0.013281250000000022
0 0.190625 0.79892578125 0.018750000000000017 0.021289062499999956
0 0.2231046088836478 0.8217865566037735 0.013819280660377381 0.022110849056603765
0 0.3360155135520685 0.7833396487161198 0.022289586305278164 0.019224768188302432
0 0.632782050389755 0.4718341105233853 0.021967218819599177 0.02066223552338531
0 0.5198033128665689 0.9900138608870968 0.01898712426686222 0.016066028225806495
0 0.6135304140946503 0.3605484825102881 0.015874164094650256 0.018687307098765427
0 0.4101778613416321 0.3523675224757953 0.0180994986168741 0.01593836445366531
0 0.5850946576763486 0.38086747925311204 0.012966804979253066 0.021071058091286288
0 0.572262923582296 0.35831064142461966 0.015938364453665255 0.01647864799446752
