0 0.20489975742009134 0.0716814711757991 0.021850028538812793 0.01627604166666667
0 0.44570974576271183 0.28300450211864403 0.015558792372881325 0.018538135593220317
0 0.45341796874999996 0.3107421875 0.01738281250000001 0.025390625
0 0.4056841413551402 0.6356783002336448 0.02099153037383178 0.01490702881619932
0 0.41617990654205606 0.6504332165109035 0.026163356697819273 0.01764505451713394
0 0.42135173286604366 0.6709684092679128 0.024946456386292837 0.017949279595015577
0 0.5226586838006231 0.6537796923676013 0.016428154205607504 0.02312110591900307
0 0.6217761671686748 0.9034497364457832 0.015295557228915624 0.025178840361445798
0 0.6123635165662651 0.9758094879518073 0.014824924698795261 0.019295933734939763
0 0.6743996501272265 0.16686048823155214 0.012424459287531775 0.021618559160305334
0 0.9146710113065326 0.36259422110552764 0.01897508375209378 0.023228119765494104
0 0.9164703726968174 0.0913813860971524 0.017993613902847594 0.026499685929648242
0 0.969960479480737 0.1756242148241206 0.01374057788944727 0.024209589614740373
0 0.9503310824958124 0.23663892378559465 0.013086264656616442 0.02388243299832496
0 0.7509511672576832 0.053505466903073326 0.027242169030732843 0.016622340425531908
