0 0.7710645443925234 0.5500667556742322 0.0213826769025367 0.01225592456608815
0 0.7694999582777036 0.5681898781708945 0.0213826769025367 0.011473631508678306
0 0.7781051819092122 0.5794027453271027 0.018775033377837036 0.012516688918558061
0 0.7872319342456608 0.5917890520694258 0.01929656208277697 0.011212867156208284
0 0.8138298981975967 0.6250365070093458 0.017210447263017348 0.02086114819759688
0 0.8221743574766354 0.6503306491989318 0.017210447263017348 0.018253504672897214
0 0.9286504424778761 0.20950043457648548 0.026173356510745927 0.013086678255372935
0 0.38263863130563797 0.539120456231454 0.010142340504451064 0.023472273738872396
0 0.49667968749999997 0.96015625 0.019921874999999978 0.013671875
0 0.6255419075144508 0.8649972904624277 0.02190209537572252 0.017611994219653093
0 0.6022850433526011 0.8844156430635838 0.02641799132947975 0.018966763005780374
0 0.8174674855491328 0.7690345014450866 0.017386199421965398 0.014902456647398865
0 0.9471865968208092 0.7011831647398843 0.018966763005780374 0.011063945086705274
0 0.9212201950867052 0.7107794436416185 0.02122471098265888 0.014450867052023142
0 0.54697265625 0.9251953125 0.021679687500000044 0.01953125
