0 0.39105684673366836 0.020061243718592962 0.014722047738693511 0.018647927135678394
0 0.3277520414572864 0.21979035804020097 0.01374057788944727 0.023555276381909546
0 0.34100188442211055 0.2232255025125628 0.010796168341708545 0.020610866834170877
0 0.36652010050251255 0.23353093592964824 0.022573806532663276 0.015703517587939697
0 0.12458778266331658 0.29389133165829145 0.021592336683417077 0.014722047738693456
0 0.0995603015075377 0.258067682160804 0.022573806532663318 0.017666457286432125
0 0.1034861809045226 0.27916928391959794 0.016684987437185925 0.018647927135678366
0 0.2546325376884422 0.37780700376884424 0.01668498743718591 0.027481155778894484
0 0.4656485552763819 0.19917949120603012 0.01668498743718594 0.021592336683417063
0 0.036746231155778894 0.29045618718592964 0.030425565326633167 0.023555276381909573
0 0.5014722047738693 0.44209327889447236 0.021592336683417035 0.02453674623115576
0 0.5211016017587939 0.46564855527638194 0.025518216080401945 0.030425565326633153
0 0.0809123743718593 0.42982490577889443 0.026499685929648242 0.013740577889447214
0 0.31401146356783916 0.6840255967336684 0.023555276381909518 0.017666457286432125
0 0.3243168969849246 0.7110160175879396 0.022573806532663276 0.012759108040201084
0 0.40185301507537685 0.6604703203517588 0.02061086683417085 0.017666457286432236
0 0.03183888190954774 0.8307553391959799 0.018647927135678397 0.01864792713567831
0 0.04058377826633166 0.989238183103015 0.012582443467336682 0.01761738379396982
0 0.2855488379396985 0.903384108040201 0.017666457286432125 0.022573806532663276
0 0.2757341394472361 0.9146710113065326 0.01766645728643218 0.023555276381909462
0 0.4867501570351759 0.8116166771356784 0.01374057788944727 0.019629396984924607
0 0.2840766331658291 0.8341904836683417 0.02061086683417085 0.01570351758793964
0 0.9087821922110553 0.043125785175879394 0.023555276381909573 0.02551821608040201
0 0.6982569095477387 0.6349521042713567 0.02453674623115576 0.023555276381909573
