0 0.13064091915836104 0.42631333056478404 0.020764119601328915 0.024657392026578073
0 0.14134741832779624 0.4176616140642304 0.01578938261351051 0.021629291251384297
0 0.749844467840735 0.4136557235834609 0.025124425727412025 0.025722626339969357
0 0.40391783187331537 0.9007538746630728 0.020268278301886822 0.02684888814016173
0 0.5662415286144579 0.7849679969879518 0.025178840361445687 0.01647213855421681
0 0.38998964608433734 0.7110786897590362 0.027532003012048167 0.020707831325301185
0 0.2636554621848739 0.7039878451380552 0.023681347539015574 0.01992984693877553
0 0.1273085350584307 0.6566738835559266 0.02054204924874789 0.02412875626043398
0 0.21061795701168615 0.6954755321368948 0.019563856427378956 0.024780884808013326
0 0.232138199081803 0.5929283180300502 0.01695534223706177 0.02380269198664442
0 0.2921340254590985 0.566028015442404 0.014998956594323876 0.02804152754590994
0 0.12046118530884808 0.6384142842237062 0.023150563439065075 0.0195638564273789
0 0.410546875 0.58564453125 0.014843749999999989 0.017382812500000067
0 0.8880576971688574 0.3620568440343782 0.01856357431749245 0.017971119817997983
0 0.8798620765925176 0.3709436615267947 0.018366089484327608 0.017971119817997983
0 0.8435546875 0.0912109375 0.019140625000000022 0.01953125
0 0.85576171875 0.0828125 0.020117187500000022 0.021093749999999994
0 0.8685546875000001 0.07431640625 0.019921874999999978 0.021289062499999997
0 0.9671875 0.36982421875 0.021484375 0.020898437499999978
