0 0.6140434451219513 0.5473513719512195 0.020483993902439046 0.02429496951219512
0 0.21083984374999998 0.2990234375 0.026757812500000006 0.013671875
0 0.8590328082884098 0.5951503537735849 0.014477341644204889 0.021057951482479798
0 0.06399127492877493 0.639217191951567 0.026152955840455835 0.013632923789173801
0 0.012659143518518517 0.7360387731481481 0.015302261396011395 0.024761841168091103
0 0.21798270089285715 0.13098338293650794 0.03061445932539683 0.018601190476190466
0 0.5239335317460317 0.15035962301587302 0.013950892857142794 0.02867683531746032
0 0.9701699599582173 0.5947782468662953 0.016049355849582225 0.024754091225626773
0 0.9792751736111112 0.13271233974358976 0.012937366452991483 0.027544070512820512
0 0.9764026698036006 0.8603659472176759 0.026531812602291316 0.015024038461538547
0 0.5064159218249733 0.23033117662753466 0.026055562966915746 0.014591115261472776
