0 0.2618742226368159 0.12583566542288555 0.024292599502487577 0.022349191542288566
0 0.32552083333333326 0.1025147699004975 0.017490671641791022 0.02623600746268656
0 0.3600163246268656 0.1681047885572139 0.024292599502487577 0.023320895522388058
0 0.3532143967661691 0.20162857587064675 0.020405783582089554 0.020405783582089554
0 0.3459266169154228 0.2079446517412935 0.019434079601990006 0.021377487562189046
0 0.38285136815920395 0.22932213930348255 0.023320895522388085 0.021377487562189046
0 0.29539800995024873 0.2458411069651741 0.021377487562189046 0.023320895522388085
0 0.27596393034825867 0.26624689054726364 0.019434079601990062 0.021377487562189046
0 0.17442086442786067 0.6408387748756219 0.020405783582089554 0.01846237562189057
0 0.5718477922885572 0.8191464552238805 0.024292599502487522 0.025264303482587014
0 0.23369480721393032 0.7598725124378108 0.028179415422885545 0.021377487562189046
0 0.6952541977611939 0.6534709266169154 0.026236007462686506 0.020405783582089554
0 0.68359375 0.7035136815920398 0.016518967661691586 0.015547263681591983
0 0.6957400497512437 0.712744869402985 0.019434079601990062 0.012632151741293507
0 0.7807641480099501 0.7909670398009949 0.024292599502487522 0.017490671641791078
0 0.6039140236318408 0.5179182213930348 0.01846237562189057 0.02332089552238803
0 0.5460976368159203 0.48730954601990045 0.017490671641790967 0.022349191542288538
0 0.5572722325870647 0.4460121268656716 0.020405783582089554 0.027207711442786053
0 0.9887087997512436 0.6520133706467661 0.01846237562189057 0.02720771144278611
0 0.7788207400497511 0.4610735385572139 0.026236007462686506 0.022349191542288538
0 0.6136310634328357 0.4703047263681591 0.016518967661691586 0.015547263681592038
0 0.6301500310945273 0.17101990049751242 0.0281794154228856 0.01749067164179105
