0 0.11838329081632654 0.07971938775510204 0.018335459183673478 0.022321428571428575
0 0.02949617346938775 0.33402423469387754 0.015943877551020405 0.020727040816326536
0 0.43726084183673464 0.4575892857142857 0.02311862244897961 0.02551020408163268
0 0.4201211734693877 0.6720344387755102 0.01434948979591838 0.01913265306122447
0 0.2933673469387755 0.8717315051020408 0.023915816326530615 0.01833545918367352
0 0.7517538265306122 0.008769132653061224 0.025510204081632626 0.017538265306122448
0 0.9873246173469388 0.28220663265306123 0.01992984693877553 0.023915816326530615
0 0.5556441326530612 0.2666613520408163 0.023915816326530615 0.021524234693877542
0 0.5963010204081631 0.3435905612244898 0.023915816326530615 0.022321428571428603
0 0.5325255102040816 0.3324298469387755 0.017538265306122458 0.01913265306122447
0 0.5313297193877551 0.4827008928571428 0.016741071428571397 0.02630739795918363
0 0.8282844387755102 0.5998883928571428 0.022321428571428603 0.023118622448979553
0 0.6114477040816326 0.6429368622448979 0.022321428571428603 0.023118622448979553
0 0.6636639030612245 0.7206632653061225 0.021524234693877542 0.023915816326530615
0 0.7477678571428571 0.709502551020408 0.022321428571428603 0.020727040816326592
0 0.7075095663265305 0.7848373724489796 0.018335459183673408 0.026307397959183687
0 0.8561862244897959 0.8183195153061225 0.022321428571428603 0.016741071428571508
0 0.859375 0.8354591836734693 0.020727040816326592 0.015943877551020447
0 0.5397002551020408 0.742984693877551 0.015943877551020336 0.022321428571428603
0 0.7019292091836734 0.703922193877551 0.026307397959183687 0.022321428571428603
0 0.49904336734693877 0.7892219387755102 0.02551020408163268 0.023915816326530615
0 0.24872448979591838 0.1638233418367347 0.019132653061224497 0.019929846938775503
