0 0.2613883706467661 0.059759794776119396 0.023320895522388085 0.02234919154228856
0 0.43775264303482586 0.13895366915422885 0.028179415422885545 0.02526430348258704
0 0.41637515547263676 0.09619869402985073 0.024292599502487522 0.019434079601990048
0 0.46496035447761186 0.1681047885572139 0.028179415422885545 0.029151119402985065
0 0.18462375621890545 0.40665811567164173 0.021377487562189046 0.020405783582089554
0 0.12875077736318408 0.3532143967661691 0.022349191542288552 0.020405783582089554
0 0.2749922263681592 0.4134600435323383 0.021377487562189046 0.020405783582089554
0 0.22689287935323382 0.39062499999999994 0.022349191542288566 0.02332089552238803
0 0.3352378731343283 0.27402052238805963 0.015547263681592038 0.013603855721393054
0 0.05781638681592039 0.41248833955223874 0.022349191542288552 0.020405783582089554
0 0.5718477922885572 0.5276352611940298 0.020405783582089554 0.02332089552238803
0 0.5820506840796019 0.5820506840796019 0.029151119402984982 0.021377487562189046
0 0.48342273009950243 0.622862251243781 0.022349191542288538 0.02332089552238803
0 0.40860152363184077 0.6452114427860696 0.018462375621890514 0.027207711442785998
0 0.17782182835820892 0.7550139925373134 0.02526430348258704 0.029151119402985093
0 0.1462414490049751 0.7841651119402984 0.02623600746268656 0.017490671641790967
0 0.34203980099502485 0.7676461442786069 0.02526430348258707 0.025264303482587014
0 0.3313510572139303 0.7958255597014925 0.027207711442786053 0.02332089552238814
0 0.1656318019278607 0.9882763914800994 0.024205146144278628 0.019540967039801127
0 0.6175178793532338 0.4343516791044776 0.02234919154228865 0.023320895522388085
0 0.7020561256218905 0.45232820273631835 0.024292599502487633 0.020405783582089554
0 0.7632734763681591 0.4994558457711442 0.026236007462686617 0.025264303482587014
0 0.5640741604477612 0.6729050062189055 0.0281794154228856 0.01846237562189057
0 0.7832749310661764 0.9861270680147058 0.020105698529411686 0.020823759191176516
