0 0.6824629934210527 0.09371083959899751 0.026678023182957422 0.025454260651629076
0 0.3201481593851133 0.373558859223301 0.0195944579288026 0.01896237864077671
0 0.3671947472170687 0.5842488984230056 0.017755681818181823 0.022828733766233733
0 0.46593807977736545 0.6116071428571429 0.019567486085343255 0.016668599257884997
0 0.484599663729128 0.6264639378478665 0.021379290352504632 0.022466372912801402
0 0.7375284591656874 0.3265918772032903 0.025934562279670947 0.0229509400705053
0 0.7436074674211248 0.36035022290809327 0.017414694787379892 0.024648491083676283
0 0.6809018472434916 0.2495992055895865 0.021236121745788594 0.02123612174578865
0 0.1658606150793651 0.025576636904761904 0.027126736111111105 0.01395089285714286
0 0.011238219246031746 0.1488095238095238 0.022476438492063492 0.020151289682539708
0 0.12121508642284572 0.5099808992985972 0.01976609468937876 0.020744614228456915
0 0.2945083755630631 0.8401956644144144 0.022434543918918914 0.0193552927927928
0 0.0686233108108108 0.708667652027027 0.017595720720720714 0.015836148648648685
0 0.08526234567901236 0.8595799575617284 0.021098572530864196 0.02250514403292181
0 0.06958912037037039 0.8929357960390947 0.01868730709876542 0.02451453189300401
2 0.3168720580543933 0.7916693906903765 0.027376438284518856 0.023290402719665315
