0 0.834890642303433 0.25911890919158365 0.016438261351051975 0.0207641196013289
0 0.9486659787735849 0.4968676297169812 0.015109080188679291 0.023953419811320764
0 0.9873599646226415 0.6122125589622642 0.01437205188679247 0.023216391509433998
0 0.9210274174528301 0.6580925707547169 0.012160966981132115 0.01989976415094341
0 0.8900722287735849 0.9309772995283019 0.013635023584905648 0.026901533018867996
0 0.8429024174528301 0.9250810731132075 0.02395341981132082 0.011423938679245293
0 0.9042600235849056 0.9280291863207547 0.015477594339622591 0.02469044811320753
0 0.9300560141509434 0.9213959316037736 0.01474056603773577 0.022479363207547176
0 0.553251276642984 0.8035496225577264 0.027059280639431638 0.01144815719360559
0 0.97138671875 0.8845703125 0.023632812499999933 0.011328125000000022
0 0.97861328125 0.9051757812500001 0.025195312499999956 0.015039062499999978
0 0.9837890625000001 0.9279296875 0.025781249999999978 0.014062499999999978
0 0.17154359353268428 0.825392254867872 0.022546505563282332 0.025262952016689932
0 0.15104338672391018 0.306880572985469 0.022446747027741076 0.015222506605019837
0 0.10325185892282956 0.5953011957395498 0.021352491961414782 0.01946844855305463
0 0.15694709606109325 0.5755187399517685 0.021980506430868185 0.013188303858520878
0 0.5482162437343359 0.32940750313283207 0.015174655388471181 0.016153665413533858
0 0.5336534696115287 0.34813106986215536 0.016398417919799457 0.01395089285714285
0 0.2803919523665048 0.7532662697208737 0.022280794902912626 0.016118021844660158
0 0.08505859375 0.96796875 0.02480468749999999 0.016015624999999978
0 0.12446601040118872 0.5124791047548292 0.023797362555720653 0.016832280832095092
0 0.08282062592867759 0.4905681184992571 0.022346303863298667 0.0188637630014859
