0 0.28483430631868134 0.1329842032967033 0.024682348901098883 0.015024038461538464
0 0.19361692994505497 0.3905391483516484 0.016097184065934078 0.0279017857142857
0 0.21186040521978022 0.3985877403846154 0.01609718406593405 0.02038976648351648
0 0.20175253378378383 0.4366554054054054 0.016715934684684686 0.02199465090090086
0 0.38430813626126126 0.5391504786036037 0.021114864864864913 0.015836148648648685
0 0.38254856418918914 0.525513795045045 0.021114864864864857 0.011437218468468457
0 0.30952632319819817 0.6416455518018018 0.026393581081081086 0.014956362612612573
0 0.353515625 0.6860747466216217 0.014076576576576572 0.024634009009009028
0 0.27081573761261263 0.9539695945945946 0.0193552927927928 0.014956362612612573
0 0.9214175112612613 0.8457559121621622 0.014956362612612573 0.021994650900900803
0 0.718626829954955 0.9451717342342343 0.010557432432432456 0.018475506756756688
0 0.6763971002252253 0.7938485360360361 0.029912725225225145 0.021994650900900914
0 0.8105644707207207 0.7027906813063063 0.018475506756756688 0.017595720720720798
0 0.9680461711711712 0.05086922860360364 0.027273367117117142 0.015836148648648643
0 0.6420854448198199 0.3363597972972973 0.017595720720720687 0.021994650900900914
0 0.6632003096846847 0.3931059966216216 0.017595720720720687 0.026393581081081086
0 0.621410472972973 0.39442567567567566 0.016715934684684686 0.02375422297297297
0 0.7203864020270271 0.5149563626126126 0.022874436936936915 0.016715934684684686
0 0.6627604166666667 0.1674408783783784 0.021994650900900914 0.027273367117117114
0 0.7472198761261262 0.014798001126126168 0.016715934684684686 0.022874436936936932
0 0.3667124155405405 0.9341744087837838 0.0193552927927928 0.012317004504504458
