0 0.06461831467661691 0.1545009328358209 0.022349191542288552 0.01749067164179105
0 0.5553288246268655 0.21085976368159204 0.020405783582089554 0.029151119402985065
0 0.06899098258706467 0.49459732587064675 0.027207711442786074 0.019434079601990117
0 0.4309507151741293 0.6282066231343283 0.014575559701492491 0.0281794154228856
0 0.4460121268656716 0.6262632151741293 0.015547263681592038 0.026236007462686617
0 0.29928482587064675 0.7078863495024874 0.023320895522388085 0.01846237562189057
0 0.2822800062189055 0.7282921330845771 0.014575559701492546 0.024292599502487522
0 0.2919970460199005 0.7623017723880596 0.014575559701492546 0.024292599502487633
0 0.4717622823383084 0.6923390858208954 0.02623600746268656 0.014575559701492491
0 0.4188044154228855 0.7253770211442785 0.023320895522388085 0.01846237562189057
0 0.835665422885572 0.7117731654228855 0.017490671641790967 0.024292599502487633
0 0.8230332711442785 0.6330651430348258 0.02720771144278611 0.01846237562189057
0 0.638409514925373 0.4358092350746268 0.021377487562189046 0.03206623134328357
