0 0.3292410714285714 0.10921556122448979 0.017538265306122458 0.023915816326530615
0 0.21882971938775508 0.1331313775510204 0.015146683673469385 0.017538265306122444
0 0.33123405612244894 0.2435427295918367 0.018335459183673464 0.01195790816326528
0 0.24433992346938774 0.2120535714285714 0.016741071428571452 0.02072704081632651
0 0.1327327806122449 0.1494738520408163 0.013552295918367319 0.021524234693877542
0 0.18295599489795916 0.34159757653061223 0.013552295918367346 0.026307397959183687
0 0.47154017857142855 0.4978475765306122 0.026307397959183687 0.016741071428571397
0 0.5006377551020408 0.49306441326530603 0.022321428571428603 0.018335459183673464
0 0.5038265306122448 0.3073182397959183 0.017538265306122403 0.02471301020408162
0 0.4942602040816326 0.371890943877551 0.025510204081632626 0.015146683673469385
0 0.49705038265306123 0.38584183673469385 0.029496173469387765 0.012755102040816313
0 0.5014349489795917 0.3997927295918367 0.027104591836734637 0.015146683673469385
0 0.5173788265306123 0.45001594387755095 0.02869897959183676 0.016741071428571452
0 0.5532525510204082 0.3364158163265306 0.022321428571428603 0.020727040816326536
0 0.5851403061224489 0.48070790816326525 0.02072704081632648 0.017538265306122458
0 0.5807557397959183 0.4934630102040816 0.021524234693877542 0.015943877551020447
0 0.46715561224489793 0.021922831632653062 0.015943877551020447 0.01992984693877551
0 0.48509247448979587 0.017936862244897957 0.016741071428571452 0.023118622448979588
0 0.5129942602040816 0.014748086734693876 0.015146683673469385 0.01992984693877551
0 0.489875637755102 0.09167729591836735 0.016741071428571397 0.0239158163265306
0 0.5098054846938775 0.08808992346938774 0.016741071428571397 0.027901785714285712
0 0.5245535714285714 0.08529974489795918 0.015943877551020336 0.023915816326530615
0 0.5365114795918366 0.08171237244897958 0.017538265306122458 0.023118622448979595
0 0.5504623724489794 0.07374043367346939 0.015146683673469385 0.023118622448979588
0 0.5640146683673469 0.06975446428571427 0.016741071428571397 0.021524234693877556
0 0.5345184948979591 0.15904017857142855 0.016741071428571397 0.02311862244897958
0 0.6016111760124611 0.6776674454828661 0.02677180685358249 0.017036604361370777
0 0.7829293224299065 0.80422507788162 0.020687305295950198 0.023121105919003182
0 0.8148729556074766 0.83616871105919 0.011560552959501535 0.020078855140186924
0 0.8303884345794392 0.8422532126168224 0.013385903426791246 0.023729556074766345
0 0.8559433411214954 0.8595940420560748 0.014602803738317793 0.020687305295950198
0 0.4014310747663552 0.7050477024922118 0.017036604361370722 0.02433800623052962
0 0.10435814950980392 0.816195618872549 0.01723345588235295 0.020105698529411686
0 0.08951822916666666 0.5907245710784313 0.01627604166666667 0.02680759803921573
0 0.6402509973404256 0.9275058178191489 0.017661236702127603 0.029089095744680882
0 0.43982872596153844 0.5295973557692307 0.021784855769230782 0.01652644230769229
0 0.4030198317307692 0.5408653846153846 0.02629206730769229 0.018028846153846145
