0 0.41123937835420393 0.18919806574239714 0.016072227191413213 0.02201196332737032
0 0.44128745527728086 0.2948904293381038 0.015373434704830047 0.025156529516994652
0 0.5522207625223614 0.4545645125223614 0.01642162343470488 0.02585532200357782
0 0.4795463439177102 0.5279377236135958 0.017120415921288046 0.02445773703041143
0 0.3663419610912344 0.48740775939177106 0.01851800089445438 0.02166256708407871
0 0.38031781082289806 0.5473292151162791 0.02340954830053671 0.015722830948121658
0 0.29506512745974955 0.5724857446332737 0.031096265652951705 0.017819208407871212
0 0.36435726210350583 0.6475440838898163 0.027715463272120155 0.0163032136894824
0 0.395822464524207 0.6615648476627713 0.01630321368948251 0.02543301335559267
0 0.569324712643678 0.8349048132183907 0.012571839080459779 0.02200071839080464
0 0.534527658045977 0.7269216954022988 0.015714798850574696 0.024245689655172376
0 0.4124012212643678 0.7996587643678159 0.028286637931034475 0.015265804597701105
0 0.492322198275862 0.8389457614942528 0.01571479885057475 0.028286637931034475
0 0.5060165229885056 0.8389457614942528 0.015265804597701105 0.023796695402298895
0 0.6119679418103448 0.9886516702586206 0.014345366379310387 0.018790409482758785
0 0.4630891976479514 0.972265032245827 0.02637756069802727 0.013336968892260992
0 0.20239199821852732 0.9792347090261283 0.021804483372921624 0.019484857482185314
0 0.010095011876484556 0.8409850059382422 0.019484857482185272 0.0176291567695962
0 0.19205588552915764 0.3257795626349892 0.013920761339092869 0.02067022138228941
0 0.6536410018552876 0.5655873144712431 0.021741651205936963 0.012320269016697583
0 0.5646814123376624 0.5273582444341374 0.013407351576994464 0.023553455473098284
0 0.90791015625 0.24140625000000002 0.024804687499999978 0.02031250000000001
0 0.8830078125 0.22880859375 0.022656249999999933 0.018164062499999994
0 0.27747452692867536 0.2874249454148472 0.015920669577874802 0.02217521834061137
0 0.803006329113924 0.9706289556962024 0.026700949367088667 0.013844936708860778
0 0.7686412183544303 0.9659315664556962 0.023239715189873333 0.012361550632911444
0 0.7938587816455696 0.9572784810126582 0.025217563291139222 0.011867088607595
0 0.8282238924050633 0.6638152689873418 0.013844936708860778 0.025217563291139222
0 0.8465189873417721 0.6826048259493671 0.012856012658227778 0.025217563291139222
0 0.98251953125 0.06181640625 0.019726562500000044 0.0224609375
