0 0.32600668532338306 0.02866526741293532 0.022349191542288538 0.02040578358208955
0 0.3017140858208955 0.04226912313432835 0.022349191542288538 0.022349191542288552
0 0.14089707711442784 0.04032571517412935 0.01749067164179105 0.02817941542288557
0 0.27402052238805963 0.1802510883084577 0.02526430348258707 0.018462375621890542
0 0.2890819340796019 0.2021144278606965 0.01651896766169153 0.023320895522388058
0 0.4567008706467661 0.34689832089552236 0.021377487562189046 0.021377487562189046
0 0.47807835820895517 0.35515780472636815 0.019434079601990062 0.022349191542288593
0 0.6466689987562189 0.11563277363184078 0.020405783582089554 0.023320895522388058
0 0.6821361940298507 0.24001088308457708 0.017490671641790967 0.02720771144278608
0 0.6758201181592038 0.2749922263681592 0.01846237562189057 0.025264303482587014
0 0.589824315920398 0.23758162313432835 0.02332089552238803 0.020405783582089526
0 0.5762204601990049 0.2798507462686567 0.01943407960198995 0.021377487562189046
0 0.5910800715488216 0.2958096590909091 0.021043771043771087 0.01841329966329963
0 0.6052188552188551 0.3191550925925926 0.020386153198653223 0.015125210437710424
0 0.6219881102693603 0.33789720117845123 0.01972853535353536 0.01709806397306396
0 0.6279066708754208 0.34874789562289565 0.022359006734006703 0.015125210437710424
0 0.6338252314814814 0.3576257365319866 0.022359006734006703 0.01709806397306396
0 0.6423742634680134 0.3681476220538721 0.02367424242424243 0.017098063973064015
0 0.6542113846801346 0.3865609217171717 0.02367424242424243 0.01709806397306396
0 0.6726246843434343 0.40859111952861954 0.022359006734006814 0.019070917508417495
0 0.6759127735690236 0.4424584385521886 0.02367424242424232 0.02104377104377103
0 0.7452914562289562 0.410892781986532 0.015125210437710424 0.02498947811447816
0 0.6279066708754208 0.5207149621212122 0.02367424242424243 0.013152356902356943
0 0.7025462962962963 0.512823547979798 0.019070917508417495 0.017098063973063904
0 0.7489083543771043 0.5447180134680134 0.021043771043770976 0.02170138888888884
0 0.5585279882154881 0.5496501473063973 0.02564709595959591 0.013152356902356832
0 0.652896148989899 0.5910800715488215 0.022359006734006814 0.017098063973064015
0 0.6236321548821548 0.6292219065656566 0.015125210437710424 0.024989478114478048
0 0.6075205176767676 0.6298795244107743 0.013152356902356832 0.022359006734006703
0 0.10641571969696972 0.5953545875420875 0.019728535353535345 0.01775568181818188
0 0.3822864057239057 0.6647332702020201 0.013809974747474751 0.027619949494949503
0 0.7954799107142857 0.5108816964285714 0.017299107142857206 0.02511160714285715
0 0.8819754464285714 0.4282924107142857 0.020647321428571397 0.015066964285714302
0 0.8384486607142857 0.6096540178571428 0.018415178571428603 0.021763392857142905
0 0.8549107142857143 0.6939174107142857 0.017857142857142794 0.020647321428571397
0 0.9813058035714286 0.7993861607142858 0.020647321428571397 0.0228794642857143
0 0.9234512061403508 0.14134457236842105 0.029125548245613975 0.015419407894736836
0 0.8951822916666665 0.185461211622807 0.011992872807017552 0.021415844298245612
0 0.8716248629385964 0.1250685307017544 0.024842379385964897 0.01541940789473685
0 0.8365028782894737 0.12078536184210525 0.021415844298245612 0.015419407894736836
0 0.8050042229729729 0.11692356418918919 0.02639358108108114 0.015308277027027029
0 0.8891997466216216 0.09739231418918917 0.02586570945945943 0.018475506756756757
0 0.00951522435897436 0.7767427884615385 0.015024038461538464 0.021033653846153855
