1 0.5234560130331753 0.35683871445497634 0.03610041469194314 0.024992594786729883
0 0.16876055743243246 0.029754363738738777 0.022874436936936943 0.026393581081081082
0 0.15292440878378383 0.1762387387387388 0.017595720720720742 0.027273367117117114
0 0.15336430180180183 0.5017595720720721 0.025513795045045057 0.013196790540540626
0 0.03679265202702707 0.6574817004504505 0.021114864864864864 0.018475506756756688
0 0.043391047297297335 0.644724802927928 0.025513795045045043 0.015836148648648574
0 0.04163147522522526 0.7586570945945946 0.014956362612612614 0.02551379504504503
0 0.32316300675675674 0.7225858671171171 0.027273367117117142 0.0184755067567568
0 0.48284417229729726 0.7045502533783784 0.01583614864864863 0.024634009009008917
0 0.7335831925675675 0.7806517454954955 0.015836148648648574 0.023754222972972916
0 0.9117398648648649 0.6161317567567568 0.020235078828828912 0.03431165540540548
0 0.5329919763513513 0.6011753941441442 0.015836148648648574 0.023754222972972916
0 0.9588084177927928 0.38166877815315314 0.015836148648648685 0.024634009009009028
0 0.7322635135135135 0.19471424549549554 0.02551379504504503 0.016715934684684686
0 0.8066054335585586 0.23474451013513517 0.02639358108108103 0.0193552927927928
0 0.6997114301801802 0.20351210585585588 0.02551379504504503 0.013196790540540543
0 0.6799162443693694 0.05570805180180184 0.017595720720720687 0.02023507882882883
0 0.6596811655405406 0.05834740990990995 0.014076576576576572 0.025513795045045043
0 0.992064329954955 0.14676590653153154 0.011965090090090058 0.022874436936936887
0 0.9786036036036037 0.2092307150900901 0.018475506756756688 0.033431869369369344
0 0.9947036880630631 0.19820699605855857 0.00668637387387383 0.02546100788288283
0 0.6557221283783784 0.18107756193693697 0.030792511261261257 0.0193552927927928
0 0.8756686373873874 0.5123170045045046 0.014956362612612573 0.023754222972973027
0 0.8607122747747749 0.5162760416666667 0.014956362612612684 0.02639358108108103
0 0.7155475788288288 0.9838823198198199 0.023754222972972916 0.020235078828828912
0 0.6183312218468469 0.6632003096846848 0.014076576576576572 0.0193552927927928
0 0.37814963400900903 0.7041103603603605 0.012317004504504514 0.023754222972972916
0 0.04369017454954957 0.9907446509009009 0.010275900900900865 0.014604448198198172
