0 0.3358087225274725 0.11259443681318682 0.019316620879120838 0.03219436813186814
0 0.633070054945055 0.06698574862637363 0.025755494505494525 0.018243475274725272
0 0.5820956387362637 0.3079069368131868 0.026828640109890167 0.015024038461538436
0 0.6148265796703296 0.31434581043956045 0.02360920329670335 0.021462912087912067
0 0.3443938873626374 0.31434581043956045 0.025755494505494525 0.019316620879120894
0 0.061620020604395614 0.299321771978022 0.024682348901098904 0.012877747252747263
0 0.05947372939560441 0.3121995192307693 0.02682864010989012 0.017170329670329665
0 0.14532537774725277 0.4586838942307693 0.02682864010989011 0.02038976648351648
0 0.27732228708791207 0.21078725961538464 0.02038976648351648 0.02897493131868134
0 0.494634271978022 0.7393114697802198 0.017170329670329665 0.025755494505494525
0 0.5955099587912088 0.9238925137362637 0.019316620879120894 0.0279017857142857
0 0.6475575206043956 0.8267728365384615 0.016097184065934078 0.01824347527472525
0 0.6910199175824177 0.6561426854395604 0.01717032967032972 0.02897493131868134
0 0.7757984203296704 0.9373068337912087 0.025755494505494414 0.020389766483516536
0 0.7355554601648352 0.9410628434065934 0.016097184065934078 0.02360920329670324
0 0.7999441964285714 0.9507211538461537 0.016097184065934078 0.021462912087912067
0 0.9727206387362637 0.5241457760989011 0.016097184065934078 0.026828640109890056
0 0.9695012019230769 0.5536572802197802 0.013950892857142905 0.02360920329670324
0 0.9813058035714286 0.18878777472527475 0.016097184065934078 0.023609203296703296
0 0.9684280563186813 0.18717805631868134 0.013950892857142905 0.02682864010989011
0 0.8316019917582418 0.931404532967033 0.021462912087912067 0.01717032967032961
