0 0.5499844527363184 0.10591573383084577 0.019434079601990062 0.027207711442786067
0 0.497998289800995 0.06024564676616914 0.016518967661691586 0.02332089552238805
0 0.6388953669154228 0.308516013681592 0.020405783582089443 0.018462375621890514
0 0.6597870024875621 0.31288868159203975 0.01943407960198995 0.017490671641791022
0 0.6753342661691542 0.3172613495024875 0.02332089552238803 0.022349191542288538
0 0.7059429415422884 0.19239738805970147 0.024292599502487522 0.013603855721393054
0 0.6437538868159203 0.11903373756218905 0.01846237562189057 0.02623600746268656
0 0.7171175373134328 0.32114816542288555 0.021377487562189046 0.01846237562189057
0 0.6039140236318408 0.36973336442786064 0.020405783582089554 0.014575559701492546
0 0.6029423196517412 0.38382307213930345 0.020405783582089554 0.015547263681592038
0 0.5946828358208954 0.4071439676616915 0.021377487562189046 0.019434079601990006
0 0.44163945895522383 0.5373523009950248 0.016518967661691586 0.02332089552238803
0 0.5699936224489796 0.5277423469387754 0.014349489795918435 0.022321428571428492
0 0.5951052295918366 0.532126913265306 0.011957908163265363 0.021524234693877542
0 0.60546875 0.5377072704081632 0.011957908163265363 0.01833545918367352
0 0.6186224489795917 0.5381058673469388 0.012755102040816424 0.017538265306122458
0 0.629783163265306 0.5412946428571428 0.012755102040816313 0.02072704081632648
0 0.6441326530612245 0.548469387755102 0.012755102040816313 0.02072704081632648
0 0.6568877551020407 0.5488679846938775 0.011160714285714302 0.01992984693877553
0 0.6676498724489796 0.5516581632653061 0.013552295918367374 0.022321428571428492
0 0.6831951530612244 0.5548469387755102 0.015943877551020447 0.022321428571428603
0 0.7099011479591837 0.5628188775510203 0.013552295918367263 0.023915816326530615
1 0.6413424744897959 0.471141581632653 0.03746811224489788 0.025510204081632626
0 0.6839923469387754 0.49864477040816324 0.012755102040816313 0.023118622448979664
0 0.6987404336734693 0.5006377551020408 0.01036352040816324 0.02072704081632648
0 0.7083067602040816 0.5050223214285714 0.013552295918367374 0.021524234693877542
0 0.72265625 0.5054209183673469 0.011957908163265363 0.02391581632653056
0 0.7346141581632653 0.514190051020408 0.015146683673469385 0.023915816326530615
0 0.7146843112244898 0.25749362244897955 0.015146683673469385 0.023915816326530587
0 0.7294323979591837 0.3013392857142857 0.015943877551020447 0.023915816326530615
0 0.7545440051020407 0.3085140306122449 0.015146683673469385 0.03188775510204084
0 0.7672991071428571 0.3125 0.011957908163265252 0.020727040816326536
0 0.7820471938775511 0.313297193877551 0.011160714285714302 0.022321428571428603
0 0.7904177295918366 0.34080038265306123 0.023118622448979553 0.018335459183673464
0 0.8482142857142856 0.37826849489795916 0.015943877551020447 0.023118622448979553
0 0.8653539540816326 0.3882334183673469 0.018335459183673408 0.027104591836734693
0 0.8805006377551019 0.39142219387755095 0.018335459183673408 0.027104591836734693
0 0.8952487244897959 0.392219387755102 0.014349489795918435 0.027104591836734693
0 0.32984138257575757 0.2499408143939394 0.024660669191919227 0.020714962121212127
0 0.21985479797979798 0.16214883207070707 0.01972853535353536 0.02466066919191917
0 0.1305831755050505 0.359927398989899 0.016769255050505055 0.017755681818181823
0 0.1000039457070707 0.35548847853535354 0.012823547979797983 0.022687815656565635
0 0.28101325757575757 0.9636205808080809 0.015782828282828287 0.02564709595959591
0 0.37275094696969696 0.9271227904040404 0.011837121212121215 0.027619949494949503
0 0.4013573232323232 0.8048058712121212 0.01183712121212116 0.02170138888888884
0 0.01198668772563177 0.9603452166064982 0.02397337545126354 0.015512184115523464
0 0.01057648916967509 0.9762099503610109 0.016922382671480145 0.011986687725631717
0 0.029614169675090254 0.9857287906137184 0.026793772563176894 0.01974277978339356
3 0.7988109923245613 0.5533854166666665 0.06253426535087714 0.05825109649122806
