0 0.22200379609544468 0.530648386659436 0.015252169197396942 0.02669129609544474
0 0.27856392353579174 0.18090767353579174 0.01737052603036876 0.025420281995661598
0 0.2944515997830802 0.23471393709327548 0.012710140997830799 0.022030911062906722
0 0.3171180178958785 0.1537927060737527 0.013981155097613884 0.022030911062906722
0 0.314152318329718 0.038130422993492404 0.01313381236442518 0.02033622559652928
0 0.3609375 0.49296875 0.021875000000000033 0.013281250000000022
0 0.36962890625 0.503515625 0.025195312499999956 0.014453125000000011
0 0.37099609375 0.516796875 0.02519531250000001 0.014843749999999933
0 0.373046875 0.529296875 0.024609375000000044 0.013281249999999911
0 0.37919921875 0.55146484375 0.026757812499999978 0.016210937500000022
0 0.381640625 0.5654296875 0.025781249999999978 0.012890625000000044
0 0.38505859374999996 0.57529296875 0.02324218750000001 0.013867187500000044
0 0.38720703125 0.58818359375 0.023242187499999956 0.0126953125
0 0.39150390625 0.6 0.0224609375 0.014843750000000044
0 0.39736328125 0.6224609375 0.024023437499999967 0.014453124999999956
0 0.3357421875 0.6185546875 0.025000000000000022 0.014843750000000044
0 0.4033203125 0.6435546875 0.024218749999999956 0.015234374999999911
0 0.33454841449603623 0.723514474801812 0.018801316534541368 0.013271517553793855
0 0.41561526755379385 0.7175422919026047 0.029197338618346558 0.014156285390713452
0 0.4103066605322764 0.6675529091166478 0.02477349943374857 0.014598669309173307
0 0.41185500424688565 0.6819303864665911 0.026100651189127966 0.01504105322763305
0 0.41738480322763305 0.6943171361834655 0.025658267270668167 0.01636820498301239
0 0.4029991610738255 0.6582817743288591 0.027527265100671106 0.013763632550335525
0 0.45215499161073824 0.7462707109899329 0.027527265100671106 0.016712982382550257
0 0.4913158032718121 0.8942297609060403 0.02785497063758391 0.013763632550335525
0 0.0421875 0.5406249999999999 0.012109374999999999 0.021093750000000022
0 0.030859375 0.7916015625 0.011328124999999998 0.021484375
0 0.041796875 0.79443359375 0.014453125000000004 0.021679687500000044
