0 0.47080078125 0.06923828125 0.014257812499999967 0.0259765625
0 0.52861328125 0.153125 0.027929687500000022 0.016015625000000006
0 0.50224609375 0.190234375 0.015429687500000067 0.026171874999999983
0 0.16553549082313682 0.08417338709677422 0.015642380422691893 0.02063925194660733
0 0.2264755978865406 0.21963205645161288 0.01759767797552836 0.019552975528364852
0 0.2775305895439377 0.2857862903225806 0.02020474137931033 0.024549847052280305
0 0.40820647512864494 0.4216069897084048 0.03383629931389365 0.031826222126929704
0 0.49514231346483706 0.5241209262435678 0.019430746140651822 0.023785913379073764
0 0.3190930531732419 0.5423791273584906 0.02445593910806171 0.012060463121783882
0 0.4169168096054888 0.6125643224699828 0.022445861921097765 0.024455939108061764
0 0.24805413568773232 0.7031177393122677 0.0315839916356877 0.021055994423791802
0 0.5888400607638888 0.7830222800925926 0.01763237847222221 0.03526475694444453
0 0.6677336516203705 0.7757884837962963 0.01446759259259267 0.0244140625
0 0.649875217013889 0.6982512297453705 0.01672815393518512 0.02577039930555547
0 0.632468894675926 0.6367639612268519 0.01537181712962965 0.02757884837962965
0 0.6767758969907407 0.9240813078703705 0.02170138888888895 0.03888165509259267
0 0.6837836371527779 0.8313982928240741 0.01401548032407407 0.02803096064814814
0 0.6910174334490742 0.8580729166666667 0.01311125578703709 0.02622251157407407
0 0.7219871238425927 0.8137659143518519 0.0244140625 0.01446759259259256
0 0.735324435763889 0.8571686921296297 0.02305772569444442 0.01356336805555558
0 0.70771484375 0.75986328125 0.024023437500000022 0.015429687499999956
0 0.70224609375 0.7326171875 0.0205078125 0.012890624999999933
0 0.69384765625 0.7228515625 0.0166015625 0.011328125000000022
0 0.71162109375 0.7740234375 0.017382812500000067 0.012499999999999956
0 0.76904296875 0.97578125 0.025195312499999956 0.015625
0 0.765625 0.9624999999999999 0.024609375000000044 0.015234375000000022
0 0.7635742187500001 0.94892578125 0.025976562500000022 0.015429687500000067
0 0.5899199913892078 0.06318168771526984 0.02511481056257181 0.01390284156142365
0 0.5908169489092996 0.09356612370838122 0.024666331802525865 0.013230123421354767
0 0.6005713619402985 0.11643854047072336 0.02578752870264056 0.014575559701492533
0 0.623780137772675 0.20848880597014927 0.028254161882893203 0.015696756601607353
0 0.6262467709529277 0.2254188791618829 0.026460246842709534 0.015920995981630326
0 0.6345436280137773 0.24750645809414468 0.027357204362801313 0.013902841561423629
0 0.6367860218140069 0.2621941374856487 0.0251148105625717 0.013230123421354767
0 0.6453071182548794 0.29022405998851897 0.025563289322617644 0.014575559701492546
0 0.6416071684845005 0.30614505597014924 0.025339049942594727 0.013230123421354767
0 0.5963108137198623 0.3377628085533869 0.020405783582089554 0.012333165901262877
0 0.6601069173363949 0.3432566733639495 0.02332089552238803 0.01210892652123996
0 0.6611159945464982 0.35727163461538464 0.023545134902411058 0.013230123421354767
0 0.6903792336394947 0.38137736796785304 0.013902841561423629 0.02332089552238803
0 0.7048426736509759 0.3773410591274397 0.016817953501722105 0.026460246842709534
0 0.7268181328932262 0.3726320321469575 0.01816338978185994 0.027805683122847313
0 0.760341920206659 0.3811531285878301 0.02063002296211247 0.01076349024110218
0 0.7638176305970148 0.3927014566590126 0.024890571182548782 0.011884687141217043
0 0.7629155801825294 0.402975268904824 0.018843709256844865 0.010440433507170832
0 0.7681357969361148 0.4146889260104303 0.019098353976531923 0.012477591264667576
0 0.7760297832464146 0.4378615955019557 0.02520982724902221 0.014514749022164264
0 0.7778122962842242 0.4503391867666232 0.024700537809647982 0.014005459582790092
0 0.7853243155149935 0.4742757904172099 0.024445893089960924 0.013496170143415864
0 0.7892713086701435 0.48471622392438074 0.02317266949152541 0.012986880704041692
0 0.7905445322685789 0.4975757822685789 0.024191248370273755 0.014769393741851378
0 0.7172068529986962 0.4462648712516297 0.027246985006518898 0.015533327900912663
