0 0.11274857954545453 0.12029474431818181 0.02130681818181819 0.02041903409090909
0 0.6100772471910112 0.2830933988764045 0.021945224719101097 0.02852879213483145
0 0.7093793890449438 0.2759612008426966 0.016458918539325795 0.029626053370786554
0 0.9732707162921348 0.2814475070224719 0.026334269662921406 0.023042485955056202
0 0.664940308988764 0.341796875 0.026334269662921295 0.029626053370786498
0 0.7307759831460674 0.3785551264044944 0.0175561797752809 0.032917837078651646
0 0.8959137991573034 0.4356127106741573 0.020847963483146104 0.0329178370786517
0 0.8106125262605042 0.6169413077731093 0.014771533613445409 0.02461922268907557
0 0.7868139443277311 0.6235064338235294 0.014771533613445409 0.029543067226890818
0 0.98499868697479 0.24560136554621848 0.017233455882353033 0.025439863445378186
0 0.45623779296875 0.8290608723958334 0.017293294270833315 0.02848307291666674
