0 0.3555484693877551 0.027901785714285712 0.015943877551020447 0.025510204081632654
0 0.33482142857142855 0.12356505102040816 0.015943877551020447 0.023915816326530615
0 0.4803093112244897 0.20607461734693877 0.02471301020408162 0.019929846938775503
0 0.4464285714285714 0.2682557397959183 0.012755102040816313 0.021524234693877542
0 0.44284119897959184 0.29655612244897955 0.013552295918367319 0.023915816326530615
0 0.5620216836734694 0.12236926020408162 0.025510204081632626 0.01674107142857144
0 0.5719866071428571 0.14668367346938774 0.021524234693877542 0.017538265306122458
0 0.5947066326530612 0.14588647959183673 0.022321428571428492 0.017538265306122458
0 0.6337691326530612 0.18614477040816324 0.025510204081632737 0.02311862244897958
0 0.6604751275510203 0.19730548469387754 0.023118622448979553 0.018335459183673464
0 0.6696428571428571 0.29336734693877553 0.014349489795918435 0.020727040816326536
0 0.6481186224489796 0.3252551020408163 0.01913265306122458 0.025510204081632626
0 0.6608737244897959 0.31967474489795916 0.015943877551020336 0.022321428571428603
0 0.7178730867346939 0.49027423469387754 0.024713010204081676 0.017538265306122403
0 0.7704878826530612 0.3750797193877551 0.015146683673469385 0.026307397959183687
0 0.49545599489795916 0.6429368622448979 0.024713010204081676 0.018335459183673408
0 0.6804049744897959 0.7334183673469388 0.023118622448979664 0.014349489795918324
0 0.007971938775510204 0.8306760204081632 0.01594387755102041 0.025510204081632626
0 0.02471301020408163 0.8326690051020408 0.01913265306122449 0.021524234693877542
0 0.02511160714285714 0.8589764030612244 0.023118622448979588 0.01992984693877553
0 0.1721938775510204 0.7581313775510203 0.01434948979591838 0.025510204081632626
0 0.1654177295918367 0.8478156887755102 0.016741071428571425 0.026307397959183687
0 0.14628507653061223 0.859375 0.015146683673469385 0.020727040816326592
0 0.13632015306122447 0.8964445153061225 0.01594387755102042 0.024713010204081676
0 0.1486766581632653 0.9072066326530612 0.011957908163265307 0.027104591836734637
0 0.15385841836734693 0.879703443877551 0.01434948979591838 0.016741071428571397
0 0.1610331632653061 0.9263392857142856 0.01594387755102042 0.020727040816326592
1 0.06337691326530612 0.5381058673469388 0.034279336734693876 0.025510204081632626
0 0.2774234693877551 0.4591836734693877 0.014349489795918324 0.022321428571428548
0 0.8436129385964912 0.47560307017543857 0.023300438596491224 0.012335526315789491
0 0.8908991228070176 0.49719024122807015 0.023300438596491224 0.01302083333333337
0 0.2985169127747253 0.9593063186813187 0.0209263392857143 0.019316620879120894
0 0.49942891081871343 0.8832008406432749 0.02170138888888884 0.023985745614035103
0 0.2001781798245614 0.09167123538011696 0.01713267543859648 0.028554459064327492
