0 0.8268885679271709 0.08995316876750703 0.02461922268907568 0.013677345938375343
0 0.8356420693277311 0.10198923319327735 0.022430847338935522 0.012583158263305319
0 0.8411130077030812 0.11347820378151263 0.02571341036414565 0.020242471988795516
0 0.8468574929971988 0.12606136204481797 0.020789565826330514 0.012583158263305319
0 0.8550639005602241 0.13426776960784315 0.022977941176470562 0.015865721288515405
0 0.8638174019607843 0.1556044292717087 0.020789565826330514 0.01805409663865548
0 0.8769476540616246 0.17447916666666669 0.021883753501400593 0.016412815126050417
0 0.8837863270308124 0.1862416841736695 0.019148284313725505 0.011488970588235281
0 0.8887101715686274 0.19663646708683474 0.022430847338935633 0.012583158263305305
0 0.8925398284313726 0.20921962535014005 0.022430847338935522 0.013677345938375357
0 0.9023875175070027 0.2179731267507003 0.02571341036414565 0.013677345938375357
0 0.8917191876750701 0.08202030812324934 0.022977941176470673 0.014224439775910355
0 0.9155177696078431 0.11402529761904764 0.021336659663865554 0.013677345938375343
0 0.9188003326330532 0.13016456582633057 0.018054096638655426 0.013130252100840317
0 0.9592852766106442 0.21113445378151263 0.021336659663865554 0.02078956582633054
