0 0.24178279842342343 0.2523402308558559 0.022874436936936887 0.02111486486486483
0 0.12213189752252256 0.1916349943693694 0.022874436936936943 0.026393581081081086
0 0.15908291103603608 0.2356242961711712 0.0193552927927928 0.024634009009009
0 0.15864301801801806 0.2655370213963964 0.021994650900900914 0.02639358108108103
0 0.12477125563063067 0.24530194256756757 0.015836148648648657 0.024634009009008973
0 0.11289414414414417 0.24882108671171174 0.013196790540540529 0.024634009009008973
0 0.1375281531531532 0.27389498873873874 0.02023507882882883 0.029032939189189144
0 0.11641328828828831 0.28137317004504503 0.016715934684684672 0.0193552927927928
0 0.09573831644144148 0.29632953265765766 0.01759572072072073 0.022874436936936915
0 0.08355034722222221 0.27162905092592593 0.012297453703703706 0.018084490740740755
0 0.07125289351851852 0.2788628472222222 0.013744212962962965 0.0209780092592593
0 0.04050925925925926 0.2973090277777778 0.015914351851851853 0.021701388888888895
0 0.054253472222222224 0.3193721064814815 0.015914351851851853 0.025318287037037035
0 0.04195601851851852 0.32407407407407407 0.015914351851851853 0.024594907407407385
0 0.01880787037037037 0.30454282407407407 0.01591435185185185 0.024594907407407385
0 0.03219039351851852 0.33203125 0.01808449074074074 0.026041666666666685
0 0.02097800925925926 0.3370949074074074 0.014467592592592591 0.02314814814814814
0 0.007957175925925925 0.3396267361111111 0.013020833333333332 0.02387152777777779
0 0.04310825892857142 0.5856983418367347 0.026905293367346938 0.01992984693877553
0 0.3465401785714286 0.5886878188775511 0.021922831632653017 0.015943877551020447
0 0.20005580357142858 0.6215720663265305 0.03188775510204084 0.01992984693877553
0 0.16816804846938777 0.6290457589285714 0.023915816326530615 0.0209263392857143
0 0.13877152423469388 0.635024713010204 0.024912308673469385 0.0209263392857143
0 0.10239955357142856 0.643993144132653 0.029894770408163268 0.022919323979591844
0 0.20055404974489796 0.7924705038265305 0.016940369897959162 0.02889827806122447
0 0.781509088010204 0.7122528698979591 0.016940369897959107 0.035873724489795866
0 0.744140625 0.5234175701530612 0.03188775510204078 0.01893335459183676
0 0.8662109375 0.4476841517857143 0.024912308673469385 0.01893335459183676
