0 0.2109902871621622 0.17096002252252257 0.012317004504504514 0.02023507882882883
0 0.19999296171171174 0.1670009853603604 0.016715934684684686 0.021114864864864857
0 0.15600365990990994 0.21670889639639643 0.0149563626126126 0.02375422297297297
0 0.14544622747747754 0.21318975225225228 0.0149563626126126 0.02375422297297297
0 0.3728709177927928 0.19559403153153157 0.022874436936936915 0.014956362612612628
0 0.3565948761261261 0.41378096846846846 0.02551379504504503 0.0202350788288288
0 0.0865005630630631 0.7388619087837838 0.016715934684684686 0.028153153153153143
0 0.05042933558558563 0.7480996621621623 0.02727336711711712 0.011437218468468457
0 0.43973465653153154 0.8523543074324325 0.01583614864864863 0.028153153153153143
0 0.1960339245495496 0.8294798704954955 0.021114864864864857 0.014076576576576572
0 0.5483882319819819 0.841796875 0.018475506756756688 0.024634009009008917
0 0.7357826576576576 0.6407657657657658 0.021994650900900914 0.014956362612612573
0 0.7305039414414414 0.6552822353603605 0.021994650900900914 0.010557432432432345
0 0.6544024493243243 0.44017454954954954 0.02639358108108114 0.0202350788288288
0 0.7419411599099099 0.4964808558558559 0.023754222972973027 0.016715934684684797
0 0.7626161317567568 0.39706503378378377 0.014076576576576572 0.02551379504504503
0 0.6407657657657657 0.19515413851351354 0.023754222972972916 0.014076576576576572
0 0.8136437218468469 0.13444890202702706 0.015836148648648685 0.0316722972972973
0 0.8593925957207207 0.49604096283783783 0.029912725225225256 0.021114864864864913
0 0.9368137668918919 0.7925288569819819 0.028153153153153143 0.0193552927927928
0 0.031074042792792834 0.3557150900900901 0.025513795045045046 0.016715934684684686
0 0.007759712837837881 0.34867680180180183 0.012317004504504504 0.02199465090090086
0 0.8598114525139664 0.7468793645251397 0.013093575418994363 0.022913756983240163
