0 0.11729307432432436 0.3931059966216216 0.0149563626126126 0.021114864864864857
0 0.35835444819819817 0.28577210022522526 0.02375422297297297 0.021114864864864857
0 0.37067145270270274 0.33548001126126126 0.018475506756756743 0.02375422297297297
0 0.2980891047297297 0.3332805461711712 0.01583614864864863 0.021114864864864857
0 0.4159804335585585 0.22066793355855857 0.01583614864864863 0.024634009009009
0 0.4247782939189189 0.18855574324324326 0.015836148648648685 0.02023507882882883
0 0.4392947635135135 0.18723606418918923 0.013196790540540515 0.022874436936936915
0 0.3561549831081081 0.5065983952702703 0.022874436936936915 0.014076576576576683
0 0.35219594594594594 0.5193552927927928 0.02375422297297297 0.014956362612612573
0 0.09705799549549554 0.5954567849099099 0.0219946509009009 0.02639358108108114
0 0.48020481418918914 0.6332875844594594 0.01583614864864863 0.021114864864864802
0 0.4115815033783784 0.8233213682432432 0.019355292792792744 0.022874436936937026
0 0.032393721846846885 0.7762528153153153 0.021114864864864864 0.029032939189189255
0 0.5554265202702703 0.963207347972973 0.023754222972973027 0.01231700450450457
0 0.5541068412162162 0.9772839245495495 0.028153153153153143 0.014076576576576572
0 0.7986873592342343 0.9671663851351351 0.015836148648648685 0.027273367117117142
0 0.8140836148648649 0.9667264921171171 0.011437218468468457 0.022874436936936915
0 0.5615850225225225 0.6763971002252253 0.02551379504504503 0.021114864864864913
0 0.5417898367117118 0.34559755067567566 0.0193552927927928 0.024634009009009028
0 0.671118384009009 0.25981841216216217 0.024634009009008917 0.016715934684684686
0 0.9761469414893617 0.17785904255319146 0.02908909574468077 0.018284574468085096
0 0.5170510912698414 0.2478505291005291 0.017567791005291045 0.02480158730158727
