0 0.6478040540540541 0.07594313063063067 0.01319679054054057 0.02375422297297297
0 0.6574817004504505 0.084301097972973 0.01319679054054057 0.019355292792792786
0 0.645164695945946 0.10497606981981986 0.016715934684684686 0.02375422297297297
0 0.6847550675675675 0.10761542792792797 0.014956362612612684 0.025513795045045043
0 0.4678878096846847 0.22682643581081086 0.014076576576576572 0.022874436936936943
0 0.45601069819819817 0.23430461711711714 0.0202350788288288 0.025513795045045057
0 0.4854835304054054 0.24706151463963966 0.012317004504504514 0.022874436936936915
0 0.43401604729729726 0.2523402308558559 0.018475506756756743 0.0193552927927928
0 0.5826998873873874 0.5985360360360361 0.029032939189189255 0.018475506756756688
0 0.6099732545045045 0.6046945382882883 0.023754222972972916 0.0184755067567568
0 0.4467729448198198 0.7516188063063063 0.012317004504504514 0.027273367117117142
0 0.5712626689189189 0.890625 0.027273367117117142 0.014956362612612573
0 0.7019108952702703 0.8391575168918919 0.012317004504504458 0.022874436936936915
0 0.9711254222972974 0.646484375 0.021114864864864802 0.022874436936936915
0 0.8338788006756757 0.5752217060810811 0.021114864864864913 0.0193552927927928
0 0.8488351632882882 0.38694749436936937 0.024634009009009028 0.026393581081081086
0 0.9684860641891893 0.4216990427927928 0.017595720720720798 0.02375422297297297
0 0.9633564330543933 0.5580217050209204 0.022881799163179894 0.014709728033472813
0 0.23292151162790697 0.9383175872093024 0.022710755813953487 0.01635174418604657
0 0.23110465116279072 0.9542151162790697 0.020893895348837205 0.017260174418604612
