0 0.4203401957163958 0.327444146971935 0.02307976366322012 0.014424852289512569
0 0.3759116506646972 0.037937361521418016 0.016155834564254068 0.026830225258493347
0 0.3704302067946824 0.06621007200886263 0.012693870014771014 0.021637278434268832
0 0.41370476366322007 0.07760570531757754 0.015001846381093031 0.02711872230428361
0 0.4486129062038404 0.16473181314623336 0.01730982274741505 0.020194793205317585
0 0.5901930894308943 0.009972052845528483 0.011750508130081272 0.019372459349593495
0 0.1426745479334099 0.06105141360505171 0.025787528702640644 0.014127080941446615
0 0.1722741460964409 0.09210856773823195 0.011884687141216987 0.022872416762342127
0 0.2996758156158358 0.6784159640762464 0.020905883431085015 0.013746334310850483
0 0.3192929802052786 0.9275682734604105 0.022337793255131966 0.02061950146627567
0 0.21862971957478006 0.8392194373167156 0.019187591642228746 0.018614827712609916
0 0.9000945323365785 0.8427775121696801 0.022003216272600823 0.011137430458970754
0 0.7870903598748261 0.796462100139082 0.02091663769123775 0.011952364394993031
0 0.25187770472703064 0.16267372669773633 0.02470664114513979 0.015344124500665773
0 0.04798289780292943 0.5161087300266312 0.016384404127829558 0.02106566245006658
0 0.0747700982023968 0.7090806008655126 0.021585802263648465 0.02054552263648468
0 0.22763671875000002 0.48330078125 0.022070312499999994 0.014257812499999967
0 0.0733620601472995 0.603518821603928 0.022056567103109652 0.012786415711947607
0 0.10580759001636661 0.5840195376432078 0.023015548281505732 0.013425736497544971
0 0.19208984375 0.1689453125 0.025195312499999983 0.012500000000000011
