1 0.6544426305970148 0.15741604477611937 0.020405783582089554 0.038868159203980096
0 0.7074004975124377 0.15498678482587064 0.01360385572139311 0.030122823383084557
0 0.8653023942786069 0.3337803171641791 0.020405783582089554 0.014575559701492546
0 0.7025419776119403 0.3502992848258706 0.019434079601990062 0.03012282338308453
0 0.714688277363184 0.40374300373134325 0.020405783582089554 0.03206623134328357
0 0.7195467972636815 0.4299790111940298 0.01846237562189057 0.02623600746268656
0 0.954699160447761 0.4839085820895522 0.01846237562189057 0.029151119402985093
0 0.9721898320895521 0.48147932213930345 0.014575559701492491 0.022349191542288538
0 0.80068407960199 0.7482120646766168 0.01360385572139311 0.02332089552238803
0 0.9891946517412934 0.5815648320895521 0.015547263681592094 0.02817941542288549
0 0.9095149253731343 0.9867653917910446 0.013603855721392999 0.022349191542288538
