0 0.3247448442760943 0.30501630892255893 0.014467592592592615 0.024989478114478103
0 0.2547085437710438 0.37538141835016836 0.01380997474747478 0.02367424242424243
0 0.36374713302752293 0.33149369266055045 0.02628058103975539 0.02030772171253825
0 0.34672448394495414 0.35210005733944955 0.020905007645259932 0.016126720183486265
0 0.3715118501529052 0.3709145642201835 0.0238914373088685 0.01911314984709478
0 0.3231316896024465 0.36852542048929665 0.021502293577981613 0.016724006116207946
0 0.34642584097859325 0.3894304281345566 0.022696865443425085 0.01911314984709478
0 0.3120818998470948 0.38345756880733944 0.024488723241590182 0.02030772171253825
0 0.301330753058104 0.3992856460244648 0.024488723241590238 0.014932148318042793
0 0.32910454892966357 0.4070503631498471 0.0238914373088685 0.016126720183486265
0 0.32074254587155965 0.42019065366972475 0.02508600917431192 0.020905007645259932
0 0.29326739296636084 0.4100367928134556 0.02030772171253825 0.013737576452599376
0 0.28132167431192656 0.42019065366972475 0.017918577981651362 0.013737576452599376
0 0.2735569571865444 0.43153908639143734 0.020307721712538196 0.01612672018348621
0 0.2657922400611621 0.4390051605504587 0.01911314984709478 0.015529434250764529
0 0.25772887996941896 0.44886037844036697 0.02448872324159021 0.013737576452599431
0 0.24757501911314986 0.45871559633027525 0.019710435779816515 0.016724006116208
0 0.2744528860856269 0.4655843845565749 0.020905007645259932 0.016126720183486265
0 0.22905915519877676 0.47723146024464835 0.02209957951070335 0.015529434250764529
0 0.2192039373088685 0.49007310779816515 0.022696865443425085 0.013737576452599376
0 0.2159188646788991 0.5002269686544343 0.023294151376146793 0.013737576452599376
0 0.2436926605504587 0.4954486811926605 0.020307721712538196 0.01612672018348621
0 0.20247993119266056 0.5106794724770642 0.02150229357798164 0.016724006116207946
0 0.2186066513761468 0.5303899082568808 0.022696865443425085 0.014334862385321112
0 0.1845613532110092 0.5315844801223242 0.02150229357798164 0.016724006116207946
0 0.13013656496062992 0.5015378937007875 0.015378937007874044 0.015891568241469867
0 0.12039657152230973 0.507689468503937 0.01537893700787403 0.014866305774278166
0 0.111938156167979 0.5174294619422573 0.01691683070866143 0.016916830708661457
