0 0.270820180976431 0.29054871632996637 0.010521885521885488 0.024989478114478103
0 0.2695049452861953 0.31948390151515155 0.013152356902356888 0.02367424242424243
0 0.08931765572390576 0.3480902777777778 0.019728535353535345 0.012494739057239024
0 0.0593960437710438 0.2524068813131313 0.012494739057239065 0.022359006734006787
0 0.03966750841750845 0.550636574074074 0.013809974747474744 0.02170138888888895
0 0.20505839646464646 0.6025883838383839 0.023674242424242403 0.013809974747474807
0 0.25405092592592593 0.5838462752525252 0.012494739057239052 0.022359006734006703
0 0.48717645202020204 0.746277882996633 0.009206649831649871 0.022359006734006814
0 0.47501052188552195 0.7446338383838383 0.00986426767676768 0.023016624579124567
0 0.4700783880471381 0.7156986531986531 0.02367424242424243 0.013809974747474807
0 0.5197285353535354 0.8715540824915824 0.015125210437710424 0.024331860269360295
0 0.4602141203703704 0.856100063131313 0.015782828282828287 0.02367424242424243
0 0.4598853114478115 0.8889809553872053 0.024331860269360295 0.015782828282828287
0 0.46646148989898994 0.9195601851851851 0.012494739057239024 0.020386153198653112
0 0.4625157828282829 0.9435632365319864 0.016440446127946096 0.01972853535353536
0 0.14751683501683505 0.9192313762626263 0.021701388888888867 0.01972853535353536
0 0.023884680134680165 0.8745133627946127 0.013809974747474744 0.022359006734006814
0 0.06334175084175087 0.8715540824915824 0.012494739057239065 0.02564709595959591
0 0.9073079427083334 0.71728515625 0.0146484375 0.02522786458333326
0 0.9060872395833333 0.7445475260416667 0.01546223958333337 0.02604166666666663
0 0.6961263020833333 0.75634765625 0.02522786458333337 0.02034505208333326
0 0.7205403645833334 0.76123046875 0.02685546875 0.01708984375
0 0.6619466145833334 0.7518717447916666 0.02685546875 0.01953125
0 0.6558430989583334 0.9899088541666667 0.0244140625 0.01546223958333337
0 0.6790364583333334 0.9899088541666667 0.02197265625 0.01383463541666663
