0 0.22125676673228345 0.3098778912401575 0.013456569881889785 0.027682086614173207
0 0.30564868356299213 0.27508304625984253 0.013841043307086576 0.02345287893700787
0 0.3262180118110236 0.24317175196850394 0.01422551673228345 0.02268393208661415
0 0.3219888041338583 0.21683532234251968 0.01422551673228345 0.026913139763779514
0 0.28296475147637795 0.10418460875984252 0.013072096456692939 0.023068405511811024
0 0.7424927841918294 0.4781444271758437 0.016998778863232755 0.02532471136767317
0 0.7653890985790408 0.7449211811722913 0.017692606571936054 0.02879384991119005
0 0.8156916074600356 0.743013154973357 0.016998778863232755 0.027059280639431638
0 0.7881119560390764 0.6051148978685612 0.015264209591474343 0.026018539076376634
0 0.6201366927430093 0.5709834803595206 0.013263565246338205 0.025226780958721662
0 0.6089536867509987 0.56526194241012 0.013263565246338205 0.02158580226364848
0 0.5773551930758988 0.776568741677763 0.012483355525965356 0.023406291611185015
0 0.5895784786950733 0.7789093708388815 0.01092293608521977 0.025486850865512722
0 0.6468478598014888 0.8995909584367245 0.0230207040942928 0.0113891904466501
0 0.6724129575062034 0.898500504032258 0.024232320099255578 0.01114686724565761
0 0.27274536267995575 0.9331957710409746 0.023792220376522677 0.015789382613510483
0 0.2670136004983389 0.9647745362679956 0.022710755813953487 0.02357592746400894
0 0.09884586101882614 0.9739669850498339 0.028118078626799548 0.012544988925802913
0 0.12988389396456257 0.9569879914174972 0.019250069213732 0.019682655038759767
0 0.12198920265780731 0.8891801633444076 0.023792220376522705 0.027252906976744207
0 0.12263808139534885 0.8635494532115172 0.022494462901439638 0.024441099114064224
0 0.1404822466777409 0.88734167358804 0.019682655038759683 0.02573885658914732
0 0.9282377013305322 0.9756980917366946 0.023251488095238138 0.010941876750700352
0 0.9328879989495799 0.9404105392156863 0.013403799019607865 0.020242471988795585
0 0.8872056635154062 0.7899597338935574 0.025986957282913115 0.015865721288515378
0 0.8899411327030813 0.7606902135854341 0.023798581932773177 0.01258315826330525
0 0.8624496673669468 0.6916196165966386 0.016412815126050417 0.025439863445378186
