0 0.08800242003367006 0.012047558922558953 0.02235900673400673 0.013809974747474744
0 0.16099800084175087 0.11200547138047141 0.01972853535353536 0.020386153198653195
0 0.2507628367003367 0.13666614057239057 0.019070917508417523 0.02235900673400673
0 0.3405276725589226 0.17710963804713808 0.01841329966329963 0.020386153198653195
0 0.38162878787878796 0.16362847222222224 0.021701388888888895 0.01972853535353536
0 0.3207991372053872 0.19486531986531985 0.02367424242424243 0.020386153198653195
0 0.031118476430976462 0.3494055134680135 0.016440446127946127 0.017755681818181823
0 0.024871106902356933 0.36025620791245794 0.019728535353535352 0.01972853535353536
0 0.05742319023569027 0.3891913930976431 0.01644044612794613 0.022359006734006703
0 0.1251578282828283 0.47402409511784516 0.013809974747474724 0.02367424242424243
0 0.06860269360269364 0.48224431818181823 0.024331860269360274 0.016440446127946096
0 0.29778251262626265 0.5259759048821548 0.01446759259259256 0.02498947811447816
0 0.2389257154882155 0.5180844907407407 0.025647095959595995 0.018413299663299743
0 0.41315689878892736 0.5277086937716263 0.018247188581314855 0.01892301038062283
0 0.5023653762975779 0.5628514273356402 0.012840614186851229 0.025681228373702347
0 0.595703125 0.08882068452380952 0.015811011904761862 0.023251488095238082
0 0.6277901785714286 0.1622953869047619 0.0279017857142857 0.01953125
0 0.9161086309523809 0.17020089285714285 0.022321428571428603 0.014880952380952384
0 0.8951822916666666 0.2576264880952381 0.01953125 0.018601190476190466
0 0.7035900297619047 0.3171502976190476 0.015811011904761973 0.022321428571428603
0 0.9537760416666666 0.5287388392857142 0.023251488095238138 0.023251488095238027
0 0.7435825892857142 0.5738467261904762 0.015811011904761973 0.02790178571428581
0 0.6719680059523809 0.7407924107142857 0.026971726190476275 0.015811011904761862
0 0.6022135416666666 0.7454427083333333 0.015811011904761862 0.023251488095238027
0 0.6031436011904762 0.9030877976190476 0.025111607142857206 0.016741071428571397
0 0.6040736607142857 0.9328497023809523 0.026971726190476275 0.018601190476190466
0 0.5896577380952381 0.8891369047619047 0.02418154761904756 0.014880952380952439
0 0.16415550595238093 0.9002976190476191 0.025111607142857123 0.016741071428571508
0 0.20972842261904762 0.8193824404761905 0.012090773809523808 0.018601190476190466
0 0.13160342261904762 0.892392113095238 0.023251488095238096 0.02139136904761907
0 0.7431175595238095 0.16787574404761904 0.016741071428571508 0.02139136904761907
