0 0.059759794776119396 0.26527518656716415 0.016518967661691537 0.013603855721392999
0 0.441153606965174 0.11077425373134328 0.02526430348258707 0.02137748756218906
0 0.5033426616915423 0.2628459266169154 0.023320895522388085 0.020405783582089554
0 0.17879353233830844 0.5392957089552238 0.019434079601990062 0.015547263681592094
0 0.21134561567164178 0.5402674129353233 0.02429259950248755 0.017490671641791078
0 0.9260338930348258 0.9138875932835819 0.01360385572139311 0.024292599502487522
0 0.8147737873134328 0.7530705845771144 0.016518967661691475 0.02332089552238814
0 0.9260338930348258 0.9381801927860696 0.011660447761194015 0.026236007462686617
0 0.7117731654228855 0.040811567164179094 0.024292599502487633 0.017490671641791043
0 0.6865088619402984 0.05490127487562188 0.022349191542288538 0.01457555970149254
0 0.6767918221393034 0.09619869402985073 0.024292599502487522 0.019434079601990048
0 0.6311217350746268 0.08793921019900497 0.020405783582089554 0.016518967661691544
0 0.6850513059701492 0.11709032960199003 0.027207711442785998 0.01651896766169153
0 0.8594721703980099 0.16664723258706465 0.022349191542288538 0.018462375621890542
0 0.8750194340796018 0.21960509950248752 0.01846237562189057 0.02526430348258704
0 0.9226329291044775 0.41054493159203975 0.024292599502487522 0.016518967661691586
0 0.6136310634328357 0.3357237251243781 0.024292599502487522 0.014575559701492546
0 0.8249766791044775 0.40374300373134325 0.017490671641790967 0.022349191542288538
0 0.701084421641791 0.5358947450248756 0.026236007462686617 0.016518967661691475
0 0.6413246268656716 0.4873095460199004 0.013603855721392999 0.024292599502487577
0 0.9887087997512436 0.5150031094527363 0.01846237562189057 0.015547263681591983
0 0.9683030161691542 0.9736473880597014 0.026236007462686506 0.013603855721392999
0 0.6753342661691542 0.9785059079601989 0.017490671641791078 0.021377487562189046
0 0.4887671019900497 0.5548429726368158 0.019434079601990062 0.025264303482587125
