0 0.3460183932086614 0.7718227116141732 0.019992618110236227 0.02037709153543299
0 0.32814037893700787 0.7679779773622047 0.021914985236220486 0.022683932086614123
0 0.4943547974631751 0.7179572422258592 0.017581321603928002 0.021736906710311032
0 0.5183293269230769 0.7251496010638298 0.0156633592471358 0.022695887888707134
0 0.3221919221698113 0.16004569575471694 0.018794221698113178 0.0106869103773585
0 0.22895784198113206 0.26304540094339623 0.02616450471698112 0.01252948113207547
0 0.25825471698113206 0.2729952830188679 0.022847877358490587 0.016951650943396235
0 0.20187205188679241 0.25678066037735847 0.02284787735849056 0.014003537735849059
0 0.1351709905660377 0.1755232900943396 0.016951650943396235 0.023953419811320736
0 0.055019162735849045 0.18141951650943394 0.01658313679245283 0.02690153301886794
0 0.6026881560114504 0.5706330510496183 0.01640028625954204 0.020873091603053395
0 0.8425957069471623 0.9738869863013698 0.02484405577299409 0.015288649706457935
0 0.9863491468933463 0.8734806904354206 0.023395456213307297 0.014757369129158593
0 0.9725492294520548 0.9461763087084147 0.0279017857142857 0.017964163405088107
0 0.7409530322700297 0.4278444918397626 0.01912555637982194 0.022892711424332357
0 0.6291081773618538 0.3622507241532976 0.027852049910873422 0.015666778074866328
0 0.25093553046218486 0.924955138305322 0.01395089285714285 0.023251488095238027
0 0.9041484757965687 0.7386354932598038 0.024653416053921573 0.01723345588235292
0 0.6588350183823529 0.06700942095588233 0.013212316176470562 0.024988511029411756
0 0.8194346910112359 0.3688992275280899 0.0158005617977528 0.02238412921348315
0 0.9238939606741572 0.2190133426966292 0.026334269662921295 0.0158005617977528
0 0.768359375 0.075390625 0.012109374999999978 0.019921875000000006
0 0.4498046875 0.5557617187499999 0.021484375 0.014257812500000022
