3 0.10293612637362637 0.36371050824175827 0.05580357142857145 0.060096153846153855
3 0.14049622252747254 0.4452695741758242 0.07512019230769229 0.08155906593406592
3 0.17698317307692307 0.5364869505494505 0.07512019230769235 0.06224244505494514
3 0.22420157967032966 0.6148265796703296 0.06653502747252746 0.060096153846153855
3 0.36585679945054944 0.6792153159340659 0.06653502747252749 0.05151098901098905
3 0.15122767857142858 0.7908224587912088 0.07082760989010983 0.06868131868131866
3 0.20059237637362637 0.8659426510989011 0.07941277472527469 0.06868131868131866
3 0.23707932692307693 0.9464285714285714 0.07082760989010986 0.07082760989010994
3 0.43883070054945056 0.8197973901098901 0.06653502747252749 0.06224244505494514
3 0.4688787774725275 0.8884787087912087 0.07082760989010994 0.07082760989010983
3 0.5500944368131868 0.9620428399725275 0.08731112637362637 0.07200807005494503
