0 0.9292582417582418 0.25800566620879123 0.021462912087912067 0.020389766483516508
0 0.7865298763736264 0.029962225274725286 0.019316620879120894 0.02790178571428571
0 0.6985319368131868 0.10025326236263737 0.015024038461538547 0.02468234890109891
0 0.5531207074175823 0.10830185439560441 0.020389766483516536 0.030048076923076913
0 0.556876717032967 0.3277601304945055 0.01717032967032961 0.028974931318681285
0 0.6604352678571429 0.37658825549450553 0.016097184065934078 0.012877747252747263
0 0.7623841002747254 0.8997467376373627 0.024682348901098883 0.0225360576923076
0 0.502682864010989 0.8648695054945055 0.02897493131868134 0.021462912087912067
0 0.4436598557692308 0.7006782280219781 0.020389766483516536 0.030048076923076983
0 0.6620449862637363 0.38946600274725274 0.02360920329670335 0.015024038461538491
0 0.6808250343406593 0.41039234203296704 0.02253605769230771 0.01824347527472525
0 0.5525841346153846 0.5230726304945055 0.025755494505494525 0.020389766483516536
0 0.5445355425824177 0.535413804945055 0.01824347527472525 0.012877747252747263
0 0.6861907623626373 0.9695012019230769 0.0225360576923076 0.01824347527472525
0 0.3651147959183673 0.8745216836734693 0.015943877551020447 0.023915816326530615
0 0.3583386479591837 0.9012276785714285 0.016741071428571452 0.021524234693877542
0 0.3164859693877551 0.8733258928571428 0.011160714285714302 0.024713010204081565
0 0.30173788265306123 0.8685427295918366 0.015146683673469385 0.0279017857142857
0 0.1526626275510204 0.9486607142857142 0.019929846938775503 0.022321428571428603
0 0.03826530612244898 0.9060108418367346 0.01753826530612245 0.016741071428571397
0 0.02192283163265306 0.924346301020408 0.015146683673469385 0.023118622448979553
0 0.011559311224489794 0.9689891581632653 0.015146683673469385 0.021524234693877542
0 0.26705994897959184 0.07374043367346939 0.027104591836734693 0.018335459183673464
0 0.08410395408163265 0.09725765306122448 0.021524234693877556 0.012755102040816313
0 0.16980229591836732 0.21603954081632654 0.01594387755102042 0.025510204081632654
0 0.3631218112244898 0.011559311224489794 0.021524234693877542 0.011957908163265306
0 0.30891262755102034 0.0430484693877551 0.02471301020408162 0.015943877551020405
0 0.04464285714285714 0.08808992346938775 0.025510204081632647 0.016741071428571425
0 0.5386513157894737 0.9505208333333333 0.020559210526315708 0.027412280701754388
0 0.20057948573573575 0.00849286786786788 0.01876876876876879 0.013490052552552553
