0 0.48601017441860467 0.12054170393559929 0.026554114490160985 0.016771019677996435
0 0.8096568433544304 0.13125494462025317 0.015822784810126556 0.021261867088607597
0 0.7567494066455697 0.08217958860759494 0.02076740506329111 0.01310324367088607
0 0.07525791266025643 0.414707281650641 0.012833032852564097 0.023788060897435903
0 0.06649389022435899 0.7416366185897436 0.028483072916666678 0.015337039262820484
0 0.15322859116022097 0.7564312845303867 0.018344267955801102 0.020502417127071904
0 0.188568283839779 0.7755848584254144 0.017804730662983437 0.019962879834254155
0 0.19423342541436464 0.8025617230662982 0.02158149171270718 0.02427917817679559
0 0.02886524516574586 0.8848411602209945 0.022121029005524862 0.02158149171270718
0 0.2924292127071823 0.9174831664364641 0.020502417127071793 0.023200103591160204
0 0.3099641747237569 0.9396041954419889 0.018883805248618823 0.019962879834254155
0 0.32722936809392267 0.9824974102209945 0.024279178176795535 0.02158149171270718
0 0.009601693645083934 0.5927289418465228 0.019203387290167868 0.022950389688249473
0 0.62096984557596 0.9530663084307178 0.014672892320534259 0.024128756260434092
0 0.6375991235392321 0.898124478297162 0.01336863522537568 0.02380269198664442
0 0.3484835079275198 0.8254839680067949 0.026764227066817636 0.01946489241223104
0 0.4601476332720588 0.21564797794117646 0.024174708946078427 0.016276041666666657
0 0.14175507760898287 0.07802695673712023 0.01625454095112286 0.021414712681638054
0 0.26449235325318243 0.5397807637906648 0.024034211456859966 0.016022807637906755
