0 0.6450793943870015 0.3232609398079763 0.01904080502215655 0.022214272525849343
0 0.5383354874446085 0.1881000738552437 0.022502769571639658 0.026541728212703092
0 0.41038704763663214 0.035629385155096005 0.018752307976366345 0.020483290251107823
0 0.28369140625 0.05458984375 0.020117187500000022 0.023632812500000003
0 0.29453125 0.04814453125 0.017578125 0.021289062500000004
0 0.25810546875 0.0763671875 0.0166015625 0.019921875000000006
0 0.24794921875 0.08388671875 0.01738281250000001 0.017773437500000003
0 0.2404296875 0.0919921875 0.017187499999999994 0.01953125
0 0.21181640625 0.1142578125 0.01933593750000001 0.02187499999999999
0 0.221875 0.10703125 0.018359374999999983 0.02109375000000001
0 0.23232421874999998 0.10009765625 0.016992187500000006 0.018945312500000006
0 0.17324218749999998 0.14501953125 0.019921875000000006 0.01777343749999999
0 0.18300781249999998 0.1533203125 0.019140624999999994 0.019140625000000022
0 0.19287109375 0.16162109375 0.020117187500000022 0.018945312499999978
0 0.1966796875 0.17470703125 0.01835937500000001 0.01582031249999999
0 0.20751953125 0.18125 0.014257812500000022 0.015625
0 0.1767578125 0.07988281250000001 0.01835937500000001 0.020312499999999997
0 0.12216796875000001 0.23369140625 0.020898437500000006 0.021289062499999983
0 0.14188442005242463 0.6812336173001311 0.024318070117955448 0.020222395150720773
0 0.21242505450581395 0.25571743277616277 0.020155795784883718 0.022142986918604668
0 0.2314453125 0.2753054596656977 0.023562409156976744 0.02498183139534882
0 0.25188499273255816 0.3044036155523256 0.018452489098837233 0.022426871366279078
0 0.286376953125 0.3357728470203488 0.022710755813953487 0.016465297965116255
0 0.33037904251453487 0.331798464752907 0.023846293604651125 0.015897529069767435
0 0.22051576126453487 0.19610169876453487 0.020439680232558155 0.01987191133720928
0 0.2286064680232558 0.20617959665697674 0.020723564680232565 0.022426871366279078
0 0.23825853924418605 0.21384447674418605 0.02185910247093023 0.0195880268895349
0 0.24351040152616277 0.22519985465116277 0.01930414244186049 0.01447810683139536
0 0.25103333938953487 0.23442609920058138 0.020723564680232592 0.018736373546511642
0 0.25713685501453487 0.24620730377906974 0.02157521802325585 0.02129133357558141
0 0.26366619731104657 0.2552916061046512 0.018168604651162823 0.020155795784883745
0 0.27601517078488375 0.2670728106831396 0.02185910247093026 0.018736373546511642
0 0.29900981104651164 0.2965967932412791 0.01902025799418605 0.021575218023255793
0 0.32824990915697677 0.29744844658430236 0.01902025799418605 0.022142986918604668
0 0.08054666442048518 0.4560362617924528 0.015267014824797837 0.02553276617250677
0 0.09304982311320756 0.45524658861185985 0.012897995283018868 0.026059214959568755
0 0.10555298180592992 0.4523511202830189 0.011055424528301883 0.02658566374663074
0 0.1281902796495957 0.49499347203504046 0.030534029649595687 0.025006317385444787
0 0.0886558521923621 0.3461257956152758 0.01326025459688826 0.022652934936350788
0 0.19622274467376832 0.12795439414114515 0.01794482356857524 0.02132573235685753
0 0.1876404377496671 0.13497628162450065 0.018464963382157112 0.01976531291611186
0 0.1328957223701731 0.111960094873502 0.017164613848202392 0.017424683754993342
0 0.12301306591211719 0.12028233189081225 0.020285452729693745 0.018985103195739025
0 0.7946024047397771 0.4934653810408922 0.018877788104089244 0.021419028810409024
0 0.758662000464684 0.48566014172862454 0.021055994423791802 0.02541240706319703
0 0.8908065171933086 0.673167402416357 0.015973513011152463 0.026501510223048252
0 0.9216644400557621 0.715097874070632 0.02032992565055769 0.029042750929368033
0 0.8764666589219332 0.5840424605018588 0.014884409851301128 0.017425650557620798
0 0.5848906489280244 0.8638016845329248 0.018245118683001493 0.02691902756508424
0 0.675667591883614 0.8280591979326186 0.022133422664624813 0.013459513782542065
0 0.2110739408150065 0.8020648043337646 0.02248746765847348 0.013391413324708945
0 0.9731172360248447 0.46188777820910976 0.018601190476190466 0.03295645703933747
0 0.9809014298654244 0.4261007052277433 0.014759640269151109 0.022442740683229823
