0 0.4157366071428571 0.13592155612244897 0.015146683673469385 0.0279017857142857
0 0.2605646306818182 0.21617542613636362 0.029296875000000028 0.016867897727272707
0 0.0390625 0.44522372159090906 0.012428977272727272 0.022194602272727293
0 0.37198153409090906 0.47141335227272724 0.01953125 0.012428977272727293
0 0.34312855113636365 0.49138849431818177 0.020419034090909116 0.013316761363636354
0 0.4740767045454545 0.45676491477272724 0.012428977272727237 0.025745738636363646
0 0.4634232954545454 0.48206676136363635 0.012428977272727293 0.02308238636363641
0 0.31072443181818177 0.5007102272727272 0.02485795454545453 0.017755681818181823
0 0.31294389204545453 0.5171342329545454 0.02041903409090906 0.015092329545454586
0 0.5104758522727273 0.7111150568181817 0.01065340909090906 0.023082386363636354
0 0.5149147727272727 0.7359730113636362 0.012428977272727293 0.021306818181818232
0 0.41814630681818177 0.9170809659090908 0.02485795454545453 0.015980113636363646
0 0.4239169034090909 0.9397194602272727 0.022194602272727293 0.016867897727272818
0 0.42746803977272724 0.9645774147727272 0.02041903409090906 0.015092329545454586
0 0.6952481995884773 0.9432066615226337 0.02250514403292181 0.015271347736625529
0 0.7077064043209875 0.9584780092592592 0.020093878600823012 0.01366383744855959
0 0.7229777520576132 0.9371784979423867 0.018486368312757184 0.016075102880658387
0 0.8363072273662551 0.9689268261316872 0.023308899176954778 0.016878858024691357
0 0.7852687757201645 0.9243184156378601 0.02250514403292181 0.016075102880658387
0 0.8113908179012346 0.9174864969135802 0.02170138888888895 0.015271347736625529
0 0.8391203703703703 0.9102527006172838 0.02250514403292181 0.016878858024691357
0 0.8801118827160493 0.9018132716049383 0.02250514403292181 0.017682613168724326
0 0.9424029063786008 0.944412294238683 0.02170138888888895 0.017682613168724326
0 0.9689268261316872 0.9375803755144032 0.02170138888888895 0.016878858024691357
0 0.9821887860082303 0.9154771090534979 0.02089763374485598 0.01446759259259256
0 0.9513221153846154 0.8332331730769231 0.019230769230769273 0.010216346153846145
0 0.9495192307692308 0.8203125 0.018028846153846145 0.012019230769230838
0 0.9444110576923077 0.8100961538461539 0.022235576923076872 0.014423076923076872
0 0.94140625 0.7980769230769231 0.01742788461538458 0.012019230769230727
0 0.9390024038461539 0.7881610576923077 0.022235576923076872 0.01262019230769229
0 0.9353966346153846 0.7746394230769231 0.021033653846153855 0.010817307692307598
0 0.9329927884615385 0.7623197115384615 0.021033653846153855 0.011418269230769273
0 0.9317908653846154 0.7493990384615384 0.021033653846153855 0.01081730769230771
0 0.9260817307692308 0.7388822115384615 0.021634615384615308 0.011418269230769273
0 0.92578125 0.7268629807692308 0.022235576923076872 0.009014423076923017
0 0.9242788461538461 0.7151442307692307 0.02043269230769229 0.01081730769230771
0 0.9594350961538463 0.7283653846153846 0.021033653846153855 0.012019230769230727
0 0.9564302884615384 0.7166466346153846 0.01862980769230771 0.01262019230769229
0 0.9516225961538461 0.6908052884615385 0.01862980769230771 0.011418269230769273
0 0.9152644230769231 0.6700721153846154 0.0204326923076924 0.013221153846153855
0 0.8716947115384616 0.7067307692307692 0.01262019230769229 0.021634615384615308
0 0.8572716346153846 0.7121394230769231 0.01262019230769229 0.021634615384615308
0 0.84375 0.7142427884615385 0.013221153846153744 0.019831730769230727
0 0.8293269230769231 0.7127403846153846 0.010817307692307598 0.019230769230769273
0 0.8170072115384616 0.7190504807692308 0.01262019230769229 0.021033653846153855
0 0.8040865384615384 0.7232572115384615 0.014423076923076872 0.021033653846153855
0 0.8954326923076923 0.6463341346153846 0.01081730769230771 0.01862980769230771
0 0.8849158653846154 0.6484375 0.01262019230769229 0.022836538461538547
0 0.8698918269230769 0.6478365384615384 0.011418269230769273 0.02043269230769229
0 0.84765625 0.65625 0.011418269230769162 0.02043269230769229
0 0.8344350961538461 0.6574519230769231 0.013822115384615419 0.024038461538461564
0 0.8125 0.6649639423076923 0.01081730769230771 0.022235576923076872
0 0.7998798076923077 0.6643629807692308 0.012019230769230838 0.022235576923076983
0 0.7887620192307692 0.6694711538461539 0.010216346153846145 0.019230769230769162
0 0.7779447115384615 0.6712740384615385 0.011418269230769273 0.019230769230769273
0 0.7662259615384615 0.6724759615384615 0.012019230769230727 0.018028846153846145
0 0.7418870192307692 0.6418269230769231 0.016225961538461564 0.024038461538461564
0 0.8674879807692307 0.4879807692307693 0.01262019230769229 0.019230769230769218
0 0.6691706730769231 0.6018629807692307 0.012620192307692402 0.01862980769230771
0 0.6832932692307692 0.5513822115384616 0.013221153846153855 0.024639423076923128
0 0.7947716346153846 0.5066105769230769 0.01742788461538458 0.013221153846153855
0 0.6727764423076923 0.5510817307692308 0.01262019230769229 0.022836538461538436
0 0.6460336538461537 0.5597956730769231 0.013221153846153855 0.0234375
0 0.6340144230769231 0.5618990384615384 0.010817307692307598 0.02163461538461542
0 0.6222956730769231 0.5676081730769231 0.012620192307692402 0.0234375
0 0.6568509615384616 0.6039663461538461 0.014423076923076872 0.019230769230769162
0 0.6454326923076923 0.609375 0.009615384615384581 0.02043269230769229
0 0.6340144230769231 0.6123798076923077 0.010817307692307598 0.019230769230769162
0 0.62109375 0.6147836538461539 0.011418269230769162 0.019230769230769162
0 0.6096754807692308 0.6186899038461539 0.011418269230769273 0.019831730769230838
0 0.5964543269230769 0.6225961538461539 0.012620192307692402 0.019230769230769162
0 0.5832331730769231 0.6271033653846154 0.015024038461538436 0.021033653846153855
0 0.5706129807692308 0.5757211538461539 0.013822115384615308 0.019230769230769162
0 0.5871394230769231 0.5754206730769231 0.013221153846153855 0.025841346153846145
0 0.5964543269230769 0.5709134615384616 0.011418269230769273 0.02163461538461542
0 0.6087740384615385 0.5676081730769231 0.012019230769230727 0.0234375
0 0.46051170023696686 0.3772030509478673 0.019438684834123254 0.03610041469194314
0 0.957053960755814 0.109375 0.02498183139534882 0.012490915697674423
