0 0.4627586863233666 0.45864912098560356 0.019682655038759655 0.024008513289036526
0 0.4778991901993356 0.46481346899224807 0.014059039313399802 0.022061877076411995
0 0.4920663759689923 0.47054523117386493 0.014275332225913595 0.02530627076411962
0 0.72171875 0.534375 0.019062499999999982 0.026249999999999996
0 0.5978217690677967 0.28962526483050843 0.021186440677966156 0.023834745762711884
0 0.5663731461864407 0.28035619703389825 0.021848516949152574 0.0211864406779661
0 0.5726628707627119 0.2684388241525424 0.01986228813559321 0.0178760593220339
0 0.5801112288135594 0.2599973516949152 0.01953125 0.01953125
0 0.5850768008474576 0.249073093220339 0.01953125 0.019531249999999972
0 0.548828125 0.3015426377118644 0.02317266949152541 0.017213983050847426
0 0.6070908368644068 0.3558328919491526 0.01191737288135597 0.024496822033898302
0 0.6289393538135593 0.3485500529661017 0.01588983050847459 0.025158898305084776
0 0.6418498411016949 0.3389499470338983 0.016551906779661008 0.029793432203389814
0 0.6555879237288136 0.3386189088983051 0.012910487288135597 0.02317266949152541
0 0.5988299032625191 0.2286549222306525 0.024599298179059148 0.01985726479514416
0 0.5926059844461304 0.23962087443095598 0.020450018968133477 0.016893493930197262
0 0.6063875189681336 0.22035636380880122 0.01896813353566007 0.01689349393019729
0 0.7052734375 0.32001953125 0.012890624999999933 0.0263671875
0 0.6931640625 0.32421875 0.01171875 0.02734375
0 0.6807617187499999 0.328125 0.014257812500000022 0.02734375
0 0.66650390625 0.33203125 0.013867187500000044 0.026171874999999956
0 0.67958984375 0.2216796875 0.023242187499999956 0.014453125000000011
0 0.6466796875 0.2720703125 0.016796874999999933 0.02421875000000001
0 0.6599609375 0.27099609375 0.014453125000000067 0.0224609375
0 0.67099609375 0.26640625 0.0166015625 0.021093750000000022
0 0.68291015625 0.26025390625 0.0166015625 0.022070312500000022
0 0.8668458185579195 0.22954066932624118 0.019392730496453847 0.018238401300236406
0 0.8475685209810875 0.25966866134751776 0.023779181442080355 0.019392730496453847
0 0.8272523271276595 0.24443151595744683 0.017314937943262443 0.0166223404255319
0 0.821480681146572 0.2566674054373523 0.01823840130023635 0.0166223404255319
0 0.8384493203309692 0.22746287677304966 0.024010047281323832 0.019161864657210398
0 0.8306606359649122 0.3264704730576441 0.019580200501253087 0.022027725563909806
0 0.9004151002506265 0.30089383615288223 0.024964755639097724 0.02276198308270677
0 0.9434915413533833 0.2851072994987469 0.020069705513784508 0.01909069548872183
0 0.9615196814903846 0.37123929537259615 0.0262920673076924 0.021831805889423073
0 0.5689453125 0.01328125 0.020312499999999956 0.01875
0 0.58115234375 0.007421875 0.021289062499999956 0.013671875
0 0.5431640625 0.01162109375 0.023828124999999978 0.018164062499999998
0 0.52998046875 0.022265625 0.022851562499999978 0.018359375000000004
0 0.552734375 0.039453125 0.0234375 0.019921875000000002
0 0.61259765625 0.056640625 0.0244140625 0.019140624999999994
0 0.61962890625 0.045703125 0.02402343749999991 0.020312500000000004
0 0.6529296875 0.06914062500000001 0.024609375000000044 0.020703125000000003
0 0.64453125 0.07880859374999999 0.020312499999999956 0.019335937499999997
0 0.6359375 0.08896484375 0.019140625000000022 0.017773437500000003
0 0.6302734375000001 0.101171875 0.019921874999999978 0.01718750000000001
0 0.64775390625 0.009472656250000001 0.024804687499999978 0.0173828125
0 0.6849609375 0.02080078125 0.020703125000000044 0.0185546875
0 0.7676757812499999 0.14892578125 0.025976562500000022 0.02128906250000001
0 0.7185171771523179 0.09927307533112584 0.032336506622516525 0.02780939569536424
0 0.6810068294701986 0.13484323261589404 0.0219888245033113 0.017461713576158944
0 0.6732460678807948 0.1438974544701987 0.020695364238410563 0.01616825331125829
0 0.6654853062913908 0.15327504139072848 0.02198882450331119 0.01552152317880795
0 0.6619282905629139 0.16653300910596025 0.018755173841059625 0.018755173841059597
0 0.6861806705298013 0.16782646937086093 0.02457574503311266 0.017461713576158944
0 0.7356555256622517 0.199192880794702 0.022635554635761612 0.02069536423841062
0 0.685533940397351 0.18237789735099336 0.02198882450331119 0.018108443708609284
0 0.7744593336092715 0.197252690397351 0.02004863410596025 0.01681498344370863
0 0.7537639693708609 0.22667891142384106 0.025222475165562863 0.02004863410596025
0 0.7466499379139073 0.23799668874172186 0.021342094370860987 0.019401903973509937
0 0.41761030370177266 0.01221976016684046 0.0181259775808133 0.019958941605839418
0 0.42738611183524505 0.019653447601668404 0.015274700208550596 0.02016260427528676
0 0.4385875586548488 0.028105448383733057 0.017311326903024005 0.02077359228362878
0 0.45386225886339937 0.03329884645464025 0.017718652241918653 0.023013881647549528
0 0.462314259645464 0.04429663060479666 0.016700338894681976 0.018940628258602717
0 0.4734138751303441 0.05285046272158499 0.01731132690302395 0.02097725495307612
0 0.48573546663190825 0.06201528284671533 0.018736965589155385 0.02260655630865485
0 0.6329860122437359 0.02769522351936219 0.02202270785876992 0.021132901480637817
0 0.7080614697802198 0.13725532280219782 0.023179945054945028 0.0216775412087912
0 0.6940032623626373 0.11268028846153846 0.022106799450549386 0.022750686813186816
0 0.8574476665666266 0.443375787815126 0.02250900360144059 0.018288565426170467
0 0.8431450705282113 0.47502907412965184 0.021102190876350457 0.018757503001200493
0 0.8252082082833134 0.4930831707683073 0.022743472388955577 0.02204006602641062
