0 0.350832760989011 0.11420415521978024 0.019316620879120894 0.031121222527472542
0 0.3798076923076923 0.1453253777472528 0.019316620879120838 0.01824347527472528
0 0.3970828072390573 0.1629708543771044 0.01709806397306396 0.02498947811447813
0 0.410892781986532 0.17678082912457915 0.01446759259259256 0.02235900673400673
0 0.3977404250841751 0.33263625841750843 0.01841329966329963 0.027619949494949503
0 0.3822864057239057 0.3421717171717172 0.017755681818181823 0.019070917508417495
0 0.5006576178451179 0.3247448442760943 0.024331860269360184 0.02630471380471383
0 0.22643097643097643 0.23991214225589225 0.023016624579124595 0.01841329966329966
0 0.12177579365079363 0.14564732142857142 0.022941468253968256 0.018601190476190466
0 0.04086061507936507 0.11526537698412698 0.017361111111111112 0.017361111111111105
0 0.6857018849206349 0.049541170634920625 0.02604166666666663 0.013640873015873016
0 0.7322048611111112 0.19153025793650794 0.024801587301587324 0.016121031746031744
0 0.8493923611111112 0.05140128968253967 0.018601190476190466 0.02604166666666667
0 0.8126173048048049 0.29413006756756754 0.015836148648648685 0.02404748498498499
0 0.7560177364864866 0.34750375375375375 0.023460960960960953 0.015836148648648685
0 0.9481043543543544 0.4909088776276276 0.02170138888888895 0.015249624624624591
0 0.9032352665165166 0.5099709084084085 0.023460960960960953 0.015836148648648574
0 0.5598254504504505 0.498826951951952 0.0193552927927928 0.020528340840840875
0 0.4879762575075075 0.44545326576576577 0.017595720720720687 0.0193552927927928
0 0.6076271584084085 0.8483952702702704 0.024634009009009028 0.01700919669669665
0 0.31692901951672864 0.9242855483271375 0.02541240706319703 0.01597351301115235
0 0.3129356412639405 0.9442524395910781 0.021782063197026025 0.01524744423791824
0 0.30821619423791824 0.7772566217472119 0.013795306691449849 0.02541240706319703
0 0.2878862685873606 0.773626277881041 0.01815171933085502 0.023960269516728583
0 0.372473280669145 0.6734287871747212 0.020329925650557634 0.016699581784386686
0 0.4113179600371747 0.6821416124535316 0.012343169144981403 0.021055994423791913
0 0.4258393355018587 0.6850458875464684 0.012343169144981403 0.016699581784386575
0 0.9543678977272727 0.6476788481404959 0.02501936983471076 0.016948605371900793
0 0.45478757747933884 0.4519628099173554 0.02179106404958675 0.019369834710743827
0 0.4317858987603306 0.4745609504132231 0.02259814049586778 0.017755681818181823
