0 0.11031539351851852 0.1316550925925926 0.01808449074074074 0.02314814814814814
0 0.3555410879629629 0.051359953703703706 0.013744212962962965 0.021701388888888888
0 0.2766927083333333 0.2936921296296296 0.0209780092592593 0.02748842592592593
0 0.5041956018518519 0.08608217592592592 0.01880787037037035 0.014467592592592587
0 0.49985532407407407 0.10452835648148148 0.023148148148148195 0.013744212962962951
0 0.5262586805555556 0.1077835648148148 0.02097800925925919 0.013020833333333329
0 0.876736111111111 0.1171875 0.01446759259259256 0.021701388888888895
0 0.9327980324074073 0.3121383101851851 0.02676504629629628 0.018084490740740755
0 0.7042100694444444 0.2448640046296296 0.01953125 0.012297453703703692
0 0.855396412037037 0.78125 0.02821180555555558 0.01880787037037035
0 0.669849537037037 0.6948061342592592 0.02459490740740744 0.0180844907407407
0 0.5808738425925926 0.5960648148148148 0.02025462962962954 0.02459490740740744
0 0.2547903806584362 0.5670492541152263 0.02572016460905352 0.020093878600823012
0 0.03551136363636364 0.1307774256993007 0.023218968531468532 0.012975305944055937
0 0.18085796480144406 0.2697004738267148 0.014807084837545142 0.021858077617328497
