0 0.08630236950549453 0.010109031593406611 0.016097184065934064 0.016097184065934068
0 0.05208333333333333 0.3450520833333333 0.017361111111111112 0.02314814814814814
0 0.04376446759259259 0.3739872685185185 0.01808449074074074 0.02025462962962965
3 0.025318287037037035 0.4448784722222222 0.03761574074074074 0.041956018518518545
0 0.08861400462962962 0.3707320601851852 0.01808449074074074 0.02676504629629628
0 0.3374565972222222 0.4456018518518518 0.01663773148148151 0.02314814814814814
0 0.29333043981481477 0.4155815972222222 0.016637731481481455 0.029658564814814825
0 0.4517505787037037 0.2097800925925926 0.018084490740740755 0.02748842592592593
0 0.5805121527777777 0.18663194444444442 0.02676504629629639 0.021701388888888867
0 0.22786458333333331 0.6611689814814814 0.014467592592592587 0.02314814814814814
0 0.2253327546296296 0.6879340277777777 0.018084490740740727 0.02459490740740733
0 0.2076099537037037 0.7501446759259258 0.01591435185185186 0.02025462962962965
0 0.20254629629629628 0.7736545138888888 0.017361111111111105 0.02531828703703698
0 0.24558738425925924 0.7953559027777777 0.013744212962962937 0.02531828703703709
0 0.18880208333333331 0.8235677083333333 0.018807870370370378 0.02387152777777779
0 0.24088541666666663 0.822120949074074 0.014467592592592587 0.02387152777777779
0 0.23401331018518517 0.8485243055555556 0.013744212962962965 0.02893518518518523
0 0.224609375 0.8857783564814814 0.016637731481481483 0.02387152777777779
0 0.7008713942307692 0.5637770432692308 0.02253605769230771 0.014272836538461564
0 0.7004957932692307 0.5776742788461537 0.02629206730769229 0.018028846153846145
0 0.3571327842960289 0.15794223826714804 0.016217283393501758 0.025383574007220217
0 0.07881030701754385 0.9405838815789473 0.01884594298245615 0.027412280701754388
0 0.044116639254385956 0.8120888157894737 0.019702576754385963 0.027412280701754388
0 0.01327782346491228 0.7696854440789473 0.017989309210526314 0.024842379385965008
0 0.00770970394736842 0.7863898026315789 0.01541940789473684 0.023985745614035103
0 0.03426535087719298 0.693016721491228 0.018845942982456135 0.022272478070175405
0 0.09380139802631579 0.3405119243421052 0.017989309210526314 0.01970257675438597
0 0.4283478113718412 0.8574007220216606 0.017627481949458457 0.025383574007220244
