0 0.03964676816239317 0.18154046474358976 0.017528044871794872 0.02587473290598291
0 0.010016025641025642 0.23036858974358976 0.018362713675213676 0.025040064102564097
0 0.05383613782051282 0.18112313034188038 0.017528044871794872 0.023370726495726496
0 0.08680555555555557 0.2191005608974359 0.030048076923076927 0.02253605769230768
0 0.09515224358974358 0.2516526442307693 0.02003205128205128 0.02587473290598291
0 0.10558560363247864 0.22828191773504275 0.01752804487179488 0.02253605769230771
0 0.08054553952991453 0.17987112713675213 0.017528044871794865 0.02253605769230768
0 0.11017628205128205 0.17444577991452992 0.01836271367521368 0.025040064102564097
0 0.12812166132478633 0.17277644230769232 0.019197382478632466 0.025040064102564097
0 0.13479901175213677 0.24664463141025644 0.020866720085470095 0.02921340811965814
0 0.146484375 0.2182658920940171 0.015858707264957278 0.01919738247863248
0 0.1694377670940171 0.29797676282051283 0.013354700854700835 0.026709401709401726
0 0.1919738247863248 0.2938034188034188 0.016693376068376065 0.025040064102564097
0 0.21534455128205132 0.2917167467948718 0.015024038461538464 0.024205395299145338
0 0.17444577991452992 0.16276041666666669 0.018362713675213665 0.021701388888888895
0 0.17444577991452992 0.055922809829059825 0.011685363247863234 0.021701388888888888
0 0.17653245192307693 0.013772035256410258 0.015858707264957278 0.025874732905982908
0 0.22744724893162394 0.04590678418803419 0.012520032051282048 0.025040064102564104
0 0.2416366185897436 0.04632411858974359 0.012520032051282048 0.02587473290598291
0 0.23078592414529916 0.07887620192307693 0.01585870726495725 0.029213408119658113
0 0.2353766025641026 0.11518429487179488 0.015024038461538464 0.02337072649572651
0 0.24121928418803418 0.14564970619658119 0.015024038461538464 0.02420539529914531
0 0.24455795940170943 0.17194177350427353 0.015024038461538464 0.026709401709401698
0 0.27961404914529914 0.15733506944444445 0.016693376068376065 0.029213408119658113
0 0.30173277243589747 0.15775240384615385 0.01752804487179488 0.0283787393162393
0 0.3230168269230769 0.15274439102564102 0.016693376068376065 0.028378739316239326
0 0.33470219017094016 0.15858707264957267 0.011685363247863234 0.025040064102564097
0 0.3484742254273504 0.15065771901709402 0.01752804487179488 0.027544070512820512
0 0.25332198183760685 0.2433059561965812 0.015858707264957278 0.02587473290598291
0 0.2587473290598291 0.2704326923076923 0.015024038461538491 0.023370726495726524
0 0.26208600427350426 0.3034021100427351 0.011685363247863234 0.022536057692307654
0 0.288795405982906 0.2174312232905983 0.015024038461538491 0.02086672008547008
0 0.29755942841880345 0.2654246794871795 0.012520032051282048 0.0283787393162393
0 0.3071581196581197 0.34221420940170943 0.018362713675213693 0.0283787393162393
0 0.3480568910256411 0.21743122329059833 0.015024038461538491 0.027544070512820512
0 0.36349826388888895 0.2157618856837607 0.01752804487179488 0.024205395299145283
0 0.40314503205128205 0.20741519764957267 0.01669337606837612 0.027544070512820512
0 0.4607371794871795 0.31592214209401714 0.018362713675213693 0.024205395299145283
0 0.27752737713675213 0.4194210737179488 0.01752804487179488 0.02587473290598291
0 0.31174879807692313 0.3818609775641026 0.01752804487179488 0.029213408119658113
0 0.37810496794871795 0.6276709401709402 0.023370726495726524 0.018362713675213693
0 0.13187767094017094 0.8488581730769231 0.016693376068376065 0.028378739316239354
0 0.0463241185897436 0.6869324252136753 0.017528044871794872 0.026709401709401615
0 0.017945379273504276 0.717815170940171 0.017528044871794872 0.030048076923076872
0 0.4674145299145299 0.9285690438034189 0.0283787393162393 0.019197382478632452
0 0.6982004540598291 0.9202223557692308 0.017528044871794934 0.024205395299145227
0 0.6806724091880343 0.789596688034188 0.015858707264957306 0.025040064102564097
0 0.8446848290598291 0.9627904647435898 0.015024038461538547 0.02253605769230771
0 0.9181356837606838 0.7478632478632479 0.016693376068376065 0.026709401709401726
0 0.9026943108974359 0.5892761752136753 0.02086672008547008 0.015024038461538547
0 0.9043636485042736 0.5742521367521368 0.02086672008547008 0.01168536324786329
0 0.8204794337606838 0.7307525373931625 0.018362713675213693 0.02253605769230771
0 0.6869324252136753 0.5387787126068376 0.015024038461538547 0.027544070512820484
0 0.6702390491452992 0.5383613782051282 0.016693376068376065 0.025040064102564097
0 0.6063868856837606 0.3321981837606838 0.015858707264957306 0.025040064102564097
0 0.6105602297008548 0.3626635950854701 0.014189369658119677 0.022536057692307654
0 0.6502069978632479 0.3810263087606838 0.016693376068376065 0.03589075854700852
0 0.6744123931623932 0.47450921474358976 0.016693376068376065 0.029213408119658113
0 0.6343482905982907 0.4344451121794872 0.016693376068376065 0.03088274572649574
0 0.5504640758547008 0.2579126602564103 0.012520032051282048 0.025040064102564125
0 0.5855201655982907 0.1660990918803419 0.019197382478632563 0.0283787393162393
0 0.6180722489316239 0.1393896901709402 0.019197382478632452 0.03004807692307694
0 0.6464509882478633 0.21200587606837606 0.015858707264957195 0.03171741452991453
0 0.6447816506410257 0.2395499465811966 0.015858707264957195 0.023370726495726496
0 0.6852630876068377 0.2508179754273504 0.015024038461538436 0.032552083333333315
0 0.7754073183760684 0.2637553418803419 0.015024038461538436 0.026709401709401726
0 0.7628872863247864 0.3004807692307693 0.023370726495726468 0.015024038461538491
0 0.6243322649572649 0.013772035256410258 0.015024038461538436 0.022536057692307692
0 0.6272536057692308 0.03922943376068376 0.014189369658119677 0.025040064102564104
0 0.8288261217948718 0.006677350427350428 0.02170138888888895 0.01001602564102564
0 0.8317474626068377 0.01878004807692308 0.02086672008547008 0.012520032051282052
0 0.8325821314102565 0.034638755341880344 0.02253605769230771 0.01418936965811966
0 0.5786785172064777 0.1319110576923077 0.015814777327935237 0.026885121457489863
0 0.6696428571428572 0.0950168918918919 0.01659025096525102 0.022623069498069498
0 0.6360853040540542 0.10104971042471042 0.01131153474903479 0.02111486486486487
0 0.6379705598455598 0.1266891891891892 0.01508204633204635 0.02111486486486487
