0 0.6010841836734694 0.01873405612244898 0.017538265306122458 0.027901785714285716
0 0.7106983418367346 0.02431441326530612 0.011957908163265252 0.023118622448979588
0 0.7684948979591837 0.1610331632653061 0.014349489795918324 0.03188775510204081
0 0.7736766581632653 0.19292091836734693 0.015146683673469385 0.025510204081632654
0 0.7593271683673468 0.20727040816326528 0.015146683673469385 0.023915816326530615
0 0.7780612244897959 0.2275988520408163 0.017538265306122458 0.02471301020408162
0 0.7868303571428571 0.294563137755102 0.017538265306122458 0.029496173469387765
1 0.7374043367346939 0.23955676020408162 0.023915816326530615 0.0502232142857143
0 0.5815529336734693 0.11160714285714285 0.024713010204081676 0.012755102040816313
0 0.582748724489796 0.12236926020408162 0.023915816326530615 0.01355229591836736
0 0.5253507653061225 0.11479591836734693 0.022321428571428492 0.017538265306122444
0 0.5385044642857142 0.196906887755102 0.018335459183673408 0.023915816326530587
0 0.491470025510204 0.20328443877551017 0.02630739795918363 0.01594387755102042
0 0.46117665816326525 0.2311862244897959 0.016741071428571452 0.023915816326530615
0 0.7597257653061225 0.37866709183673464 0.015943877551020447 0.027104591836734693
0 0.7908163265306122 0.4253029336734694 0.014349489795918435 0.02630739795918363
0 0.9877232142857142 0.4105548469387755 0.017538265306122458 0.015943877551020447
0 0.6345663265306123 0.470344387755102 0.023915816326530615 0.015943877551020447
0 0.6325733418367346 0.588329081632653 0.023118622448979664 0.017538265306122347
0 0.5939094387755102 0.650908801020408 0.025510204081632626 0.016741071428571508
0 0.8139349489795917 0.6202168367346939 0.014349489795918324 0.023915816326530615
0 0.8285630841121494 0.7021575642523364 0.014602803738317793 0.026467581775700966
0 0.7911433995327102 0.7249744450934579 0.014602803738317793 0.026467581775700966
0 0.8130476051401869 0.7701518691588785 0.016428154205607393 0.027380257009345765
0 0.8983827394859812 0.7596561039719625 0.020991530373831724 0.015515478971962593
0 0.9038587908878504 0.8299320969626167 0.017340829439252414 0.028292932242990676
0 0.848185601635514 0.860963054906542 0.011864778037383172 0.024642231308411144
0 0.7003322137850467 0.7660448306074766 0.028292932242990676 0.017340829439252303
0 0.4571042640186916 0.7893180490654206 0.020078855140186924 0.031030957943925297
0 0.05780884929906545 0.8541179906542056 0.01916617990654207 0.027380257009345765
0 0.3968676985981308 0.2973860981308411 0.020078855140186924 0.029205607476635476
0 0.4005183995327103 0.36948744158878505 0.016428154205607448 0.025554906542056055
0 0.3667494158878505 0.07606235397196265 0.02007885514018687 0.028292932242990662
0 0.29601708528037385 0.3827212324766355 0.011864778037383228 0.0246422313084112
0 0.28552132009345793 0.3859155957943925 0.012777453271028083 0.023729556074766345
0 0.20064252336448601 0.04457505841121498 0.029205607476635503 0.018253504672897193
0 0.12991019275700938 0.06419757593457946 0.0319436331775701 0.02099153037383178
0 0.12078344042056077 0.019476489485981338 0.0246422313084112 0.017340829439252334
0 0.08975248247663553 0.023583528037383207 0.024642231308411214 0.020078855140186914
0 0.04138069509345797 0.033166617990654235 0.020991530373831772 0.015515478971962614
0 0.052030341569767435 0.08325763081395349 0.027252906976744186 0.023846293604651167
