0 0.1133340371621622 0.060546875000000035 0.0123170045045045 0.019355292792792786
0 0.3878272804054054 0.15864301801801806 0.017595720720720742 0.018475506756756743
0 0.43753519144144143 0.30908643018018017 0.011437218468468457 0.0202350788288288
0 0.11773296734234237 0.2659769144144144 0.0123170045045045 0.021994650900900914
0 0.7894496058558559 0.08606067004504508 0.02551379504504503 0.019355292792792786
0 0.8919446790540541 0.059667088963964 0.012317004504504458 0.022874436936936936
0 0.8809473536036037 0.09529842342342346 0.01319679054054046 0.025513795045045043
0 0.8114442567567568 0.14588612049549554 0.021994650900900914 0.014076576576576572
0 0.791649070945946 0.16436162725225228 0.0193552927927928 0.015836148648648657
0 0.7907692849099099 0.18283713400900906 0.015836148648648685 0.012317004504504514
0 0.7942884290540541 0.1960339245495496 0.015836148648648685 0.014076576576576572
0 0.794728322072072 0.2087908220720721 0.021994650900900914 0.016715934684684686
0 0.8136437218468469 0.19339456644144148 0.012317004504504458 0.022874436936936915
0 0.8695101351351351 0.17271959459459463 0.01319679054054046 0.025513795045045057
0 0.8571931306306306 0.20263231981981988 0.014956362612612573 0.027273367117117114
0 0.9200978322072073 0.32888161599099097 0.014076576576576572 0.026393581081081086
0 0.9706855292792793 0.23650408220720726 0.021994650900900914 0.012317004504504486
0 0.9724451013513513 0.25190033783783783 0.016715934684684686 0.013196790540540515
0 0.742381052927928 0.3860677083333333 0.01231700450450457 0.024634009009009028
0 0.8787478885135136 0.36935177364864863 0.01231700450450457 0.022874436936936915
0 0.9038217905405406 0.5431095157657657 0.011437218468468457 0.021994650900900914
0 0.5026393581081081 0.570822775900901 0.02199465090090097 0.014076576576576572
0 0.6055743243243243 0.5747818130630631 0.0184755067567568 0.011437218468468457
0 0.6632003096846848 0.5980961430180181 0.0193552927927928 0.012317004504504458
0 0.8919446790540541 0.7590969876126126 0.022874436936936915 0.015836148648648574
0 0.8941441441441442 0.7810916385135136 0.023754222972972916 0.014076576576576572
0 0.8998627533783783 0.8101245777027027 0.024634009009009028 0.017595720720720687
0 0.45645059121621623 0.7252252252252253 0.026393581081081086 0.014956362612612573
0 0.1604025900900901 0.4670080236486487 0.0149563626126126 0.021114864864864857
0 0.11069467905405408 0.46656813063063063 0.017595720720720714 0.02551379504504503
0 0.1969137105855856 0.5083579673423424 0.017595720720720714 0.024634009009009028
0 0.19735360360360366 0.8835867117117118 0.0149563626126126 0.02551379504504514
0 0.06802505630630634 0.9852019988738738 0.014956362612612607 0.021114864864864802
0 0.29369017454954954 0.9812429617117118 0.017595720720720687 0.023754222972972916
0 0.8483952702702703 0.840917088963964 0.0202350788288288 0.015836148648648685
0 0.8558734515765766 0.9121797578828829 0.022874436936936915 0.015836148648648685
0 0.8593925957207207 0.9346143018018018 0.022874436936936915 0.01319679054054057
0 0.8607122747747749 0.9491307713963963 0.021994650900900914 0.014076576576576572
0 0.865111204954955 0.961007882882883 0.016715934684684686 0.011437218468468457
0 0.8646713119369369 0.9733248873873874 0.021114864864864913 0.014956362612612684
0 0.9240568693693694 0.9592483108108107 0.021994650900900803 0.011437218468468457
0 0.9258164414414414 0.9742046734234233 0.023754222972972916 0.016715934684684686
0 0.8542371616242038 0.8968451433121019 0.019282444267515908 0.011196257961783362
