0 0.16832066441441446 0.18283713400900903 0.02551379504504503 0.015836148648648657
0 0.19691371058558563 0.19559403153153157 0.022874436936936915 0.016715934684684686
0 0.2919306024774775 0.15820312500000006 0.014076576576576572 0.022874436936936943
0 0.32316300675675674 0.25937851914414417 0.016715934684684686 0.022874436936936915
0 0.4291772240990991 0.07506334459459463 0.014076576576576572 0.02551379504504505
0 0.29852899774774777 0.35219594594594594 0.014956362612612628 0.02551379504504503
0 0.34295819256756754 0.3737507038288288 0.010557432432432401 0.021114864864864857
0 0.7476597691441442 0.3667124155405405 0.022874436936937026 0.014076576576576572
0 0.6478040540540542 0.38078899211711714 0.016715934684684686 0.02287443693693697
0 0.5809403153153153 0.11949253941441446 0.014956362612612573 0.0193552927927928
0 0.3887070664414415 0.28577210022522526 0.012317004504504514 0.02287443693693697
0 0.39926449887387383 0.3310810810810811 0.02287443693693697 0.014956362612612573
0 0.7749331362612613 0.7357826576576577 0.022874436936936915 0.014956362612612573
0 0.9720052083333333 0.5184755067567568 0.024634009009009028 0.016715934684684686
0 0.5175957207207207 0.6495636261261262 0.014956362612612684 0.021994650900900914
0 0.44765273085585583 0.7538182713963963 0.014076576576576572 0.024634009009009028
0 0.43049690315315314 0.7357826576576577 0.021994650900900914 0.014956362612612573
0 0.5136366835585586 0.5576259853603605 0.017595720720720687 0.022874436936937026
0 0.2756545608108108 0.4375351914414415 0.016715934684684686 0.02375422297297297
0 0.28709177927927926 0.5778610641891893 0.016715934684684686 0.022874436936936915
0 0.2387035472972973 0.5554265202702704 0.0149563626126126 0.021994650900900914
0 0.2655370213963964 0.6491237331081081 0.014076576576576572 0.022874436936936915
0 0.25365990990990994 0.6847550675675675 0.016715934684684686 0.02551379504504503
0 0.14896537162162166 0.8637915259009009 0.01847550675675677 0.028153153153153143
0 0.13268932995495497 0.9231770833333334 0.015836148648648657 0.02551379504504503
0 0.19691371058558563 0.8937042511261262 0.01583614864864863 0.024634009009009028
0 0.18811585022522526 0.9240568693693694 0.017595720720720714 0.021994650900900803
0 0.5092377533783784 0.9275760135135135 0.015836148648648685 0.02551379504504503
0 0.570382882882883 0.9517701295045045 0.01319679054054046 0.021114864864864802
0 0.548828125 0.7529384853603603 0.014076576576576572 0.022874436936936915
0 0.8694118923611112 0.05900065104166667 0.01627604166666674 0.02577039930555556
