0 0.0636466106965174 0.35370024875621886 0.016518967661691537 0.02720771144278611
0 0.12923662935323382 0.33280861318407956 0.013603855721393027 0.024292599502487522
0 0.43921019900497504 0.29005363805970147 0.023320895522388085 0.01846237562189057
0 0.5757346082089552 0.29102534203980096 0.012632151741293507 0.022349191542288538
0 0.6102300995024874 0.21960509950248752 0.013603855721392999 0.021377487562189074
0 0.6461831467661691 0.15109996890547261 0.02332089552238803 0.01651896766169153
0 0.687480565920398 0.3041433457711442 0.014575559701492602 0.0213774875621891
1 0.626749067164179 0.511602145522388 0.019434079601990062 0.03400963930348261
0 0.5733053482587064 0.5844799440298507 0.015547263681592094 0.024292599502487522
0 0.7807641480099501 0.6437538868159203 0.022349191542288538 0.016518967661691586
0 0.21037391169154226 0.617032027363184 0.028179415422885545 0.017490671641790967
0 0.06607587064676616 0.7423818407960199 0.02720771144278606 0.017490671641790967
0 0.038868159203980096 0.7759056281094527 0.023320895522388058 0.01846237562189057
0 0.09717039800995024 0.7958255597014925 0.02526430348258707 0.017490671641790967
0 0.15790189676616914 0.8730760261194028 0.020405783582089554 0.016518967661691586
0 0.2516713308457711 0.8395522388059701 0.023320895522388085 0.019434079601990062
0 0.33912468905472637 0.7180892412935322 0.015547263681592038 0.025264303482587014
0 0.3376671330845771 0.8453824626865671 0.020405783582089554 0.015547263681591983
0 0.4552433146766169 0.8789062499999999 0.020405783582089554 0.012632151741293507
0 0.5320079291044776 0.8516985385572138 0.014575559701492491 0.022349191542288538
0 0.5820506840796019 0.9124300373134328 0.021377487562189046 0.017490671641791078
0 0.7443252487562189 0.9406094527363182 0.029151119402985093 0.017490671641790967
0 0.8128303793532337 0.9707322761194028 0.024292599502487522 0.017490671641790967
0 0.8473258706467661 0.661730410447761 0.025264303482587125 0.015547263681591983
0 0.6566540948275863 0.12392241379310345 0.02559267241379304 0.02155172413793105
