0 0.23958333333333334 0.15950520833333331 0.015625 0.024739583333333343
0 0.40950520833333337 0.40299479166666663 0.022135416666666685 0.016927083333333315
0 0.3891674440298507 0.44649797885572134 0.012632151741293507 0.022349191542288538
0 0.4027712997512437 0.44649797885572134 0.012632151741293562 0.022349191542288538
0 0.7938821517412935 0.011660447761194029 0.025264303482587125 0.015547263681592038
0 0.7156599813432835 0.15255752487562188 0.012632151741293507 0.021377487562189046
0 0.9517840485074626 0.05344371890547263 0.024292599502487633 0.015547263681592038
0 0.9809351679104477 0.1404112251243781 0.014575559701492491 0.02623600746268656
0 0.9328358208955223 0.17053404850746268 0.011660447761194015 0.022349191542288566
0 0.9683030161691542 0.44163945895522383 0.016518967661691586 0.026236007462686617
0 0.8876515858208954 0.5694185323383084 0.014575559701492491 0.02332089552238803
0 0.8575287624378108 0.5650458644278606 0.024292599502487633 0.012632151741293507
0 0.6835937499999999 0.5718477922885572 0.014575559701492491 0.022349191542288538
0 0.7856226679104477 0.5528995646766168 0.026236007462686617 0.013603855721392999
0 0.8191464552238805 0.5601873445273631 0.013603855721392999 0.01846237562189057
0 0.5494986007462686 0.505771921641791 0.024292599502487522 0.012632151741293507
0 0.3347520211442786 0.5558146766169154 0.014575559701492546 0.02332089552238814
0 0.07725046641791045 0.5922535758706466 0.01263215174129352 0.022349191542288538
0 0.07822217039800994 0.8332361629353233 0.010688743781094523 0.026236007462686506
0 0.7725046641791044 0.6471548507462686 0.02332089552238803 0.013603855721392999
0 0.9046564054726367 0.7064287935323382 0.015547263681592094 0.021377487562189046
0 0.9526466836734693 0.7378029336734693 0.012755102040816313 0.01992984693877553
0 0.9486607142857142 0.7633131377551019 0.012755102040816313 0.023118622448979553
0 0.8944515306122448 0.764907525510204 0.012755102040816313 0.024713010204081565
0 0.8892697704081631 0.80078125 0.011957908163265363 0.018335459183673408
0 0.9343112244897959 0.8330676020408163 0.012755102040816313 0.022321428571428492
0 0.782047193877551 0.7561383928571428 0.012755102040816313 0.023118622448979664
0 0.8777104591836734 0.8605707908163265 0.012755102040816313 0.024713010204081565
0 0.8717315051020408 0.8892697704081631 0.013552295918367374 0.023118622448979553
0 0.9239477040816326 0.8960459183673468 0.012755102040816313 0.022321428571428492
0 0.8426339285714285 0.9410873724489796 0.02072704081632648 0.013552295918367374
0 0.9192740563118812 0.004834467821782178 0.02078821163366329 0.009668935643564356
