0 0.04264987244897959 0.027104591836734693 0.011957908163265307 0.017538265306122448
0 0.1740828804347826 0.3423555491990847 0.021900028604118993 0.010726544622425616
0 0.1727420623569794 0.35464638157894735 0.02279390732265446 0.011173483981693377
0 0.16894307780320367 0.36760762299771166 0.02145308924485126 0.01206736270022879
0 0.16760225972540044 0.37922804633867274 0.02055921052631579 0.012961241418764313
0 0.22481049771167047 0.33721574656750575 0.01340818077803202 0.017430635011441653
0 0.24604011727688785 0.44470466247139584 0.02011227116704803 0.015195938215102955
0 0.1079358552631579 0.4015750143020595 0.01832451372997712 0.01474899885583525
0 0.08111949370709381 0.39509439359267734 0.02279390732265446 0.015195938215103011
0 0.03347423866855524 0.3803890757790368 0.02600478045325779 0.017152089235127455
0 0.4680830792682927 0.2003620426829268 0.01810213414634143 0.02572408536585366
0 0.5176257621951219 0.19369283536585363 0.014291158536585358 0.02191310975609756
0 0.23180259146341461 0.49333079268292684 0.02191310975609756 0.017149390243902496
0 0.25419207317073167 0.5004763719512195 0.022865853658536606 0.018102134146341486
0 0.33850990853658536 0.5152439024390244 0.02572408536585369 0.019054878048780477
0 0.20131478658536583 0.618140243902439 0.020007621951219495 0.015243902439024404
0 0.17130335365853655 0.6967416158536586 0.011432926829268275 0.021913109756097615
0 0.1851181402439024 0.6986471036585367 0.012385670731707321 0.021913109756097504
0 0.09460746951219508 0.7029344512195121 0.012385670731707321 0.015243902439024404
0 0.15272484756097557 0.7062690548780488 0.010480182926829285 0.014291158536585358
0 0.33231707317073167 0.6667301829268293 0.011432926829268275 0.02096036585365857
0 0.2670541158536585 0.7024580792682927 0.014291158536585358 0.020007621951219523
0 0.3027820121951219 0.7029344512195121 0.015243902439024404 0.028582317073170826
0 0.3213605182926829 0.6995998475609757 0.014291158536585358 0.023818597560975596
0 0.31659679878048774 0.728658536585366 0.016196646341463394 0.024771341463414642
0 0.3042111280487805 0.7577172256097562 0.014291158536585358 0.023818597560975596
0 0.2389481707317073 0.806783536585366 0.015243902439024404 0.024771341463414642
0 0.37947789634146345 0.868235518292683 0.012385670731707321 0.021913109756097615
0 0.4171112804878049 0.8768102134146342 0.013338414634146367 0.01619664634146334
0 0.603372713414634 0.7419969512195121 0.023818597560975596 0.017149390243902496
0 0.596703506097561 0.7567644817073171 0.02572408536585369 0.01619664634146345
0 0.5786013719512195 0.8082126524390244 0.023818597560975596 0.01619664634146334
0 0.5733612804878049 0.8215510670731707 0.026676829268292623 0.01619664634146345
0 0.7577172256097562 0.8834794207317074 0.012385670731707266 0.02572408536585369
0 0.8744283536585367 0.8768102134146342 0.017149390243902496 0.021913109756097615
0 0.9735137195121952 0.8420350609756098 0.013338414634146312 0.02286585365853655
0 0.9797065548780488 0.7205602134146342 0.025724085365853577 0.01810213414634143
0 0.9901867378048781 0.6743521341463414 0.014291158536585358 0.019054878048780477
0 0.884908536585366 0.63671875 0.024771341463414642 0.01810213414634143
0 0.8677591463414634 0.6876905487804879 0.02096036585365857 0.015243902439024404
0 0.8401295731707317 0.6781631097560976 0.02286585365853655 0.017149390243902496
0 0.7953506097560976 0.6105182926829269 0.02096036585365857 0.013338414634146312
0 0.6948361280487805 0.5800304878048781 0.02572408536585369 0.017149390243902496
0 0.9692263719512195 0.6062309451219512 0.010480182926829285 0.020007621951219523
0 0.7605754573170732 0.5133384146341463 0.012385670731707377 0.017149390243902385
0 0.6043254573170732 0.4895198170731707 0.01810213414634143 0.01714939024390244
0 0.7772484756097562 0.4714176829268293 0.017149390243902496 0.020960365853658514
0 0.6957888719512195 0.3994855182926829 0.01619664634146334 0.020007621951219523
0 0.8205983231707317 0.4452172256097561 0.01619664634146345 0.02191310975609756
0 0.7701028963414633 0.19845655487804875 0.01619664634146345 0.02191310975609756
