0 0.4098219313063063 0.029754363738738777 0.0193552927927928 0.02287443693693694
0 0.20043285472972977 0.14940526463963968 0.01583614864864863 0.021114864864864857
0 0.1898754222972973 0.16172226914414417 0.022874436936936943 0.026393581081081058
0 0.34559755067567566 0.16128237612612617 0.017595720720720742 0.02023507882882883
0 0.33284065315315314 0.17139991554054057 0.014956362612612628 0.019355292792792772
0 0.35483530405405406 0.2039519988738739 0.021994650900900914 0.017595720720720742
0 0.2184684684684685 0.20483178490990994 0.02023507882882883 0.015836148648648657
0 0.16524141328828834 0.23914344031531534 0.017595720720720714 0.021114864864864857
0 0.279613597972973 0.45601069819819817 0.021114864864864857 0.016715934684684686
0 0.2848923141891892 0.4683277027027027 0.024634009009009028 0.0184755067567568
0 0.36143369932432434 0.45337134009009006 0.024634009009008973 0.020235078828828856
0 0.43709529842342343 0.44765273085585583 0.026393581081081086 0.0193552927927928
0 0.3957453547297297 0.46744791666666663 0.015836148648648685 0.018475506756756743
0 0.37682995495495497 0.4841638513513513 0.018475506756756743 0.018475506756756743
0 0.32976140202702703 0.5162760416666667 0.021114864864864913 0.021114864864864802
0 0.05394847972972977 0.6187711148648649 0.02023507882882883 0.014956362612612573
0 0.21011050112612617 0.6869545326576576 0.021114864864864857 0.021114864864864802
0 0.20219242680180183 0.7102688626126126 0.022874436936936943 0.016715934684684686
0 0.01655757319819824 0.9583685247747747 0.01935529279279279 0.0184755067567568
0 0.03811233108108112 0.9733248873873874 0.018475506756756757 0.0202350788288288
0 0.6077737894144144 0.869070242117117 0.022874436936936915 0.014076576576576572
0 0.6346072635135136 0.8897452139639639 0.021994650900900914 0.016715934684684686
0 0.6715582770270271 0.7305039414414414 0.0202350788288288 0.016715934684684686
0 0.694432713963964 0.9271361204954955 0.014956362612612573 0.021114864864864802
0 0.7120284346846847 0.9192180461711712 0.01319679054054057 0.022874436936936915
0 0.8840266047297298 0.7960480011261262 0.0193552927927928 0.022874436936936915
0 0.7824113175675675 0.6508833051801802 0.0202350788288288 0.021114864864864913
0 0.8088048986486487 0.6869545326576576 0.0202350788288288 0.021114864864864802
0 0.8356383727477478 0.7239055461711712 0.015836148648648685 0.022874436936936915
0 0.7480996621621623 0.6055743243243243 0.016715934684684686 0.021994650900900914
0 0.7353427646396397 0.6218503659909911 0.017595720720720687 0.021114864864864802
0 0.5541068412162162 0.33504011824324326 0.021114864864864913 0.024634009009009028
0 0.5888583896396397 0.06626548423423427 0.02551379504504503 0.021994650900900893
0 0.669798704954955 0.1995530686936937 0.014956362612612573 0.017595720720720714
0 0.6570418074324325 0.20527167792792797 0.014076576576576572 0.018475506756756743
0 0.6394460867117118 0.02755489864864869 0.014076576576576572 0.025513795045045043
0 0.9557291666666667 0.6649598817567568 0.027273367117117142 0.0193552927927928
0 0.9240568693693694 0.6865146396396397 0.023754222972973027 0.02551379504504503
0 0.8963436092342343 0.7885698198198199 0.017595720720720798 0.020235078828828912
0 0.9222972972972973 0.841796875 0.0202350788288288 0.02639358108108114
0 0.9404839409722222 0.8713107638888888 0.01573350694444442 0.01736111111111116
0 0.9686957465277777 0.87890625 0.01790364583333337 0.01953125
0 0.9551323784722222 0.8919270833333333 0.01247829861111116 0.01627604166666663
0 0.9757486979166666 0.9133572048611112 0.01573350694444442 0.01790364583333337
0 0.8056640625 0.9757486979166666 0.01519097222222221 0.02115885416666674
0 0.7259114583333333 0.22042410714285712 0.01767113095238093 0.014880952380952384
