3 0.6577524038461539 0.4474158653846154 0.11375343406593408 0.12019230769230771
3 0.9195999313186813 0.2542496565934066 0.10516826923076938 0.12019230769230768
1 0.5223472635582012 0.6287874090608466 0.009300595238095233 0.023251488095238138
1 0.6296916335978836 0.6480344742063493 0.011109044312169303 0.01627604166666663
1 0.6458385003306879 0.6481636491402116 0.01085069444444442 0.016534391534391513
1 0.6382171792328042 0.6473885995370371 0.010075644841269882 0.018601190476190466
1 0.6612103174603174 0.646484375 0.011109044312169414 0.016792741402116396
1 0.6690899884259259 0.6445467509920635 0.011367394179894186 0.016534391534391513
1 0.696475074404762 0.6335668816137567 0.015500992063492092 0.013175843253968256
1 0.7177889384920635 0.61729083994709 0.014725942460317443 0.011109044312169303
