0 0.12842146479713604 0.07621382756563246 0.021908562052505978 0.026569958233890217
0 0.10022001789976133 0.1428717929594272 0.02051014319809069 0.02377312052505967
0 0.20580064140811455 0.7789193019093078 0.020044003579952258 0.024239260143197994
0 0.2703609785202864 0.8679519689737469 0.014916467780429599 0.027968377088305463
0 0.29576558770883055 0.7502517153937946 0.013518048926014326 0.02284084128878283
0 0.32723001193317425 0.7087652893794749 0.017713305489260145 0.029366795942720736
0 0.37687388126491644 0.6486332786396181 0.023773120525059643 0.023773120525059643
0 0.36237473628691985 0.4991758966244726 0.021014636075949333 0.021014636075949333
0 0.44148866033755274 0.591887526371308 0.02431104957805902 0.023486946202531556
0 0.3511247665421558 0.41595100720384204 0.02021911686232658 0.02397111792956247
0 0.3376800960512273 0.3952107790821771 0.018760005336179275 0.024179562433297774
0 0.6234561695772058 0.4448385799632353 0.02405503216911764 0.02082375919117646
0 0.7290110868566175 0.35364487591911764 0.021900850183823484 0.0222598805147059
0 0.7354387156750573 0.8181224971395881 0.021900028604118993 0.026369422196796277
0 0.8487378432494279 0.5546517448512586 0.01787757437070936 0.02145308924485123
0 0.8616990846681922 0.6147650886727689 0.019665331807780295 0.025475543478260865
0 0.8582579614384748 0.8899073873483535 0.024033253899480078 0.029787694974003465
0 0.8276240251299827 0.9073399588388215 0.024371750433275552 0.016586330155979212
0 0.030062806372549017 0.7425704656862744 0.026424632352941176 0.016850490196078427
0 0.05112591911764705 0.9357766544117646 0.02489276960784314 0.02029718137254899
0 0.04576439950980392 0.9654564950980391 0.025658700980392156 0.020680147058823595
0 0.05227481617647059 0.9794347426470587 0.021829044117647058 0.01799938725490191
0 0.11642156862745097 0.960094975490196 0.026041666666666657 0.01302083333333337
0 0.11680453431372548 0.9466911764705881 0.026807598039215674 0.012254901960784381
0 0.24528952205882348 0.9392233455882353 0.019531249999999972 0.02182904411764708
0 0.244140625 0.9556908700980391 0.019531250000000028 0.017999387254902022
0 0.24586397058823528 0.9710094975490196 0.022212009803921573 0.01953125
0 0.24586397058823528 0.9872855392156862 0.02297794117647059 0.018382352941176405
0 0.7791055215371622 0.9577570734797297 0.012866870777026973 0.025073902027026973
