0 0.2525499131944444 0.009494357638888888 0.022243923611111105 0.016818576388888888
0 0.24820963541666669 0.023600260416666664 0.020073784722222238 0.02007378472222222
0 0.28781467013888884 0.035807291666666664 0.011393229166666685 0.02170138888888889
0 0.24983723958333331 0.048285590277777776 0.02007378472222221 0.014105902777777776
0 0.2484809027777778 0.06293402777777778 0.020616319444444448 0.015190972222222217
0 0.2501085069444444 0.08002387152777778 0.019531249999999972 0.0146484375
0 0.24820963541666669 0.0954861111111111 0.020073784722222238 0.018446180555555552
0 0.25065104166666663 0.12071397569444445 0.022786458333333315 0.020073784722222224
0 0.2517361111111111 0.16465928819444442 0.022786458333333343 0.017903645833333343
0 0.0729709201388889 0.17740885416666666 0.013563368055555566 0.01953125
0 0.10145399305555555 0.17171223958333331 0.013020833333333343 0.023328993055555552
0 0.3311989905498282 0.4543599656357388 0.01006765463917525 0.0201353092783505
0 0.14092031786941583 0.5506738616838488 0.013423539518900351 0.016779424398625453
0 0.17112328178694158 0.5510094501718212 0.010738831615120265 0.01745060137457044
0 0.30737220790378006 0.5909444802405499 0.010738831615120292 0.023491194158075657
0 0.08890410223367701 0.6825601374570447 0.020806486254295528 0.014765893470790381
0 0.3090501503436426 0.7117563359106529 0.01141000859106528 0.02751825601374569
0 0.33791076030927836 0.7191392826460481 0.011410008591065335 0.023491194158075546
0 0.29764014175257736 0.789612865120275 0.014094716494845339 0.023491194158075657
0 0.31408397766323026 0.8651202749140894 0.014765893470790381 0.02550472508591073
0 0.22884450171821308 0.893980884879725 0.01745060137457044 0.0201353092783505
0 0.21206507731958765 0.8963300042955327 0.01610824742268041 0.020806486254295486
0 0.17649269759450176 0.9218347293814433 0.021477663230240557 0.012752362542955309
0 0.08051439003436428 0.8772014604810996 0.022820017182130586 0.012081185567010322
0 0.34529370704467355 0.9798915378006873 0.012752362542955309 0.024162371134020644
0 0.6031436011904762 0.7491629464285714 0.025111607142857206 0.015811011904761862
0 0.7217261904761905 0.7477678571428571 0.016741071428571397 0.020461309523809534
0 0.9494357638888888 0.7543816137566137 0.011884093915343952 0.018601190476190466
0 0.8355034722222221 0.5518353174603174 0.013434193121693139 0.02170138888888884
0 0.5372869318181819 0.3600852272727273 0.013494318181818232 0.022727272727272763
0 0.6071451163967612 0.4996046305668016 0.012651821862348145 0.025303643724696456
0 0.5937025556680162 0.3292004048582996 0.02372216599190291 0.0118610829959514
0 0.5877720141700404 0.299547697368421 0.010279605263157854 0.023722165991902855
0 0.45413714574898784 0.29401252530364375 0.02293142712550611 0.017396255060728782
0 0.5043490637651822 0.2323348937246964 0.0126518218623482 0.02055921052631579
0 0.5284665991902835 0.11767775809716602 0.019768471659919018 0.012651821862348187
0 0.831319585020243 0.36478365384615385 0.02293142712550611 0.0118610829959514
0 0.8301334767206477 0.7455244180161944 0.017396255060728727 0.014233299595141635
