0 0.28577210022522526 0.21274985923423428 0.024634009009008973 0.015836148648648657
0 0.25365990990990994 0.35307573198198194 0.011437218468468457 0.02375422297297297
0 0.33504011824324326 0.3499964808558559 0.014076576576576572 0.026393581081081086
0 0.36231348536036034 0.4173001126126126 0.014076576576576572 0.02375422297297297
0 0.15160472972972977 0.3737507038288288 0.013196790540540543 0.024634009009008973
0 0.1304898648648649 0.37243102477477474 0.011437218468468485 0.020235078828828856
0 0.1520446227477478 0.4410543355855856 0.014076576576576572 0.02375422297297297
0 0.37463048986486486 0.5980961430180181 0.012317004504504458 0.022874436936936915
0 0.1502850506756757 0.5932573198198199 0.017595720720720714 0.016715934684684686
0 0.34823690878378377 0.6684790259009009 0.012317004504504514 0.02639358108108114
0 0.37682995495495497 0.7388619087837838 0.013196790540540515 0.021114864864864802
0 0.47932502815315314 0.5505876970720721 0.0193552927927928 0.012317004504504458
0 0.354395411036036 0.8329990146396397 0.012317004504504514 0.024634009009008917
0 0.37814963400900903 0.8488351632882882 0.014076576576576572 0.024634009009009028
0 0.5611451295045046 0.8316793355855856 0.010557432432432456 0.023754222972973027
0 0.5796206362612613 0.9865216779279279 0.02639358108108103 0.01319679054054057
0 0.9108600788288288 0.9099802927927928 0.009677646396396455 0.0202350788288288
0 0.8862260698198199 0.8264006193693694 0.021994650900900914 0.0184755067567568
0 0.8937042511261262 0.7740533502252251 0.021114864864864802 0.014076576576576572
0 0.9759642454954955 0.7230257601351351 0.030792511261261257 0.015836148648648574
0 0.5567461993243243 0.4410543355855856 0.0193552927927928 0.011437218468468513
0 0.5387105855855856 0.22682643581081086 0.023754222972973027 0.012317004504504486
0 0.47536599099099097 0.24662162162162166 0.021994650900900914 0.013196790540540487
0 0.475805884009009 0.26289766328828834 0.0193552927927928 0.012317004504504514
0 0.5400302646396398 0.21143018018018023 0.0193552927927928 0.013196790540540543
0 0.5400302646396398 0.1986732826576577 0.0193552927927928 0.012317004504504486
0 0.5980961430180181 0.14588612049549554 0.0193552927927928 0.014076576576576572
0 0.6332875844594594 0.14544622747747754 0.017595720720720798 0.013196790540540543
0 0.5945769988738738 0.18063766891891897 0.024634009009009028 0.011437218468468485
0 0.5919376407657658 0.19383445945945948 0.015836148648648685 0.013196790540540543
0 0.5928174268018018 0.20527167792792797 0.021114864864864913 0.011437218468468457
0 0.6236099380630631 0.18239724099099103 0.021114864864864913 0.016715934684684686
0 0.6218503659909911 0.20219242680180183 0.021114864864864802 0.012317004504504486
0 0.6482439470720721 0.17843820382882886 0.02639358108108114 0.0140765765765766
0 0.6596811655405406 0.20791103603603608 0.017595720720720687 0.016715934684684686
0 0.6667194538288288 0.22418707770270274 0.0193552927927928 0.014076576576576572
0 0.7023507882882882 0.04559051238738743 0.021994650900900914 0.01583614864864865
0 0.7700943130630631 0.12389146959459464 0.021994650900900803 0.0140765765765766
0 0.8783079954954955 0.1467659065315316 0.016715934684684686 0.024634009009009
0 0.8224415822072072 0.3997043918918919 0.017595720720720687 0.0184755067567568
0 0.7175409226190477 0.007207961309523809 0.011160714285714302 0.013485863095238094
0 0.3507437227074236 0.1161981441048035 0.012366948689956359 0.01919009279475982
0 0.5338541666666666 0.15006510416666666 0.01953125 0.013671875
0 0.6212284482758621 0.044551454741379275 0.015153556034482762 0.026939655172413795
