0 0.09287308673469387 0.274234693877551 0.021524234693877542 0.012755102040816313
0 0.3599330357142857 0.009167729591836734 0.011957908163265307 0.016741071428571428
0 0.4029815051020408 0.053411989795918366 0.015146683673469385 0.020727040816326536
0 0.38863201530612246 0.10801977040816327 0.011957908163265307 0.023118622448979595
0 0.4217155612244897 0.14389349489795916 0.020727040816326536 0.013552295918367346
0 0.4731345663265306 0.16741071428571427 0.02311862244897961 0.01434948979591838
0 0.5229591836734693 0.16621492346938774 0.023915816326530615 0.015146683673469385
0 0.547672193877551 0.17777423469387754 0.022321428571428603 0.012755102040816313
0 0.5488679846938775 0.16302614795918366 0.018335459183673408 0.011957908163265307
0 0.5787627551020407 0.12316645408163264 0.023915816326530615 0.013552295918367346
0 0.40178571428571425 0.29655612244897955 0.012755102040816313 0.022321428571428548
0 0.390625 0.4225127551020408 0.011160714285714246 0.025510204081632626
0 0.41095344387755095 0.5233577806122449 0.011957908163265307 0.024713010204081676
0 0.23995535714285712 0.6927614795918366 0.01913265306122447 0.014349489795918324
0 0.39859693877551017 0.7987882653061225 0.012755102040816313 0.023915816326530615
0 0.5895248724489796 0.7688934948979591 0.021524234693877542 0.015146683673469385
0 0.5050223214285714 0.8434311224489796 0.011957908163265307 0.02072704081632648
0 0.6174266581632653 0.8075573979591836 0.023118622448979664 0.012755102040816313
0 0.3962053571428571 0.8856823979591837 0.01434948979591838 0.020727040816326592
0 0.29934630102040816 0.5943080357142857 0.02471301020408162 0.013552295918367374
0 0.2192283163265306 0.9709821428571428 0.023915816326530615 0.012755102040816313
0 0.6098533163265305 0.5998883928571428 0.025510204081632737 0.013552295918367374
0 0.6325733418367346 0.32007334183673464 0.013552295918367374 0.018335459183673464
0 0.9103954081632653 0.5022321428571428 0.011160714285714302 0.02072704081632648
0 0.7386001275510203 0.2694515306122449 0.011957908163265252 0.020727040816326536
0 0.8689413265306122 0.23238201530612243 0.01116071428571419 0.01992984693877553
0 0.8167251275510203 0.23636798469387754 0.021524234693877542 0.013552295918367346
0 0.725845025510204 0.04862882653061224 0.015146683673469385 0.019132653061224483
0 0.9566326530612244 0.02032844387755102 0.022321428571428492 0.011957908163265307
0 0.9669961734693877 0.006776147959183672 0.02072704081632648 0.011957908163265306
0 0.9271364795918366 0.005181760204081632 0.023915816326530615 0.010363520408163265
0 0.7525510204081631 0.03866390306122449 0.011160714285714302 0.015146683673469389
0 0.7856345663265305 0.13352997448979592 0.023118622448979553 0.013552295918367346
