0 0.24314413265306123 0.06457270408163265 0.017538265306122486 0.019132653061224483
0 0.33203125 0.04583864795918367 0.015146683673469385 0.02152423469387755
0 0.27264030612244894 0.20966198979591835 0.019132653061224525 0.022321428571428548
0 0.3850446428571428 0.26466836734693877 0.020727040816326536 0.01594387755102039
0 0.4229113520408163 0.017538265306122448 0.013552295918367319 0.015943877551020405
0 0.16023596938775508 0.10921556122448979 0.01594387755102042 0.019132653061224497
0 0.03148915816326531 0.3930165816326531 0.01833545918367347 0.01594387755102039
0 0.3655133928571428 0.4743303571428571 0.016741071428571452 0.017538265306122458
0 0.07374043367346939 0.6871811224489794 0.016741071428571425 0.01913265306122447
0 0.11639030612244897 0.7441804846938775 0.020727040816326522 0.016741071428571508
0 0.08450255102040816 0.7007334183673469 0.017538265306122458 0.017538265306122458
0 0.09566326530612243 0.7130899234693877 0.017538265306122444 0.016741071428571397
1 0.10961415816326531 0.6776147959183674 0.024713010204081634 0.023915816326530615
0 0.12316645408163265 0.6899713010204082 0.018335459183673478 0.021524234693877542
0 0.2802136479591837 0.7940051020408163 0.02630739795918363 0.020727040816326592
0 0.20129145408163263 0.8135363520408163 0.02311862244897958 0.018335459183673408
0 0.23357780612244897 0.8621651785714285 0.023915816326530615 0.01833545918367352
0 0.3778698979591837 0.7708864795918366 0.01434948979591838 0.01913265306122447
0 0.19730548469387754 0.6289859693877551 0.013552295918367346 0.017538265306122458
0 0.07692920918367346 0.5887276785714286 0.016741071428571425 0.01992984693877553
0 0.3192761479591837 0.8613679846938775 0.019929846938775475 0.016741071428571508
0 0.5986926020408163 0.7597257653061225 0.01913265306122447 0.014349489795918324
0 0.7198660714285714 0.5428890306122449 0.017538265306122458 0.022321428571428492
0 0.7880261479591836 0.28539540816326525 0.013552295918367374 0.020727040816326536
0 0.9163743622448979 0.5899234693877551 0.01833545918367352 0.015943877551020447
0 0.8553890306122448 0.4185267857142857 0.017538265306122458 0.01594387755102039
0 0.6712372448979591 0.7768654336734693 0.015943877551020447 0.01992984693877553
0 0.6628667091836735 0.8410395408163265 0.015146683673469385 0.025510204081632626
0 0.8290816326530611 0.862563775510204 0.017538265306122458 0.017538265306122458
0 0.23844297372611464 0.5491391321656052 0.016794386942675155 0.012440286624203822
