0 0.22360321969696972 0.3188920454545455 0.02367424242424243 0.017755681818181823
0 0.09221117424242427 0.45442708333333337 0.016571969696969696 0.02367424242424243
0 0.23544034090909094 0.37452651515151514 0.026041666666666685 0.017755681818181823
0 0.3017282196969697 0.07623106060606064 0.016571969696969724 0.024857954545454544
0 0.7521306818181818 0.3502604166666667 0.022490530303030276 0.014204545454545414
0 0.83203125 0.36446496212121215 0.021306818181818232 0.016571969696969724
0 0.7456202651515151 0.23484848484848486 0.018939393939393923 0.013020833333333343
0 0.38458806818181823 0.2821969696969697 0.01183712121212116 0.020123106060606077
0 0.8681344696969696 0.4715909090909091 0.01302083333333326 0.020123106060606077
0 0.9048295454545454 0.9119318181818181 0.020123106060606077 0.01302083333333326
0 0.20525568181818185 0.9231770833333333 0.020123106060606077 0.011837121212121215
0 0.2407670454545455 0.578125 0.02249053030303033 0.015388257575757569
0 0.17092803030303033 0.8391335227272727 0.013020833333333343 0.02367424242424243
0 0.27450284090909094 0.6846590909090908 0.014204545454545414 0.024857954545454586
0 0.3496685606060606 0.9137073863636362 0.027225378787878785 0.014204545454545525
0 0.38695549242424243 0.7917850378787878 0.011837121212121215 0.02367424242424243
0 0.2076231060606061 0.9569128787878787 0.027225378787878785 0.015388257575757569
0 0.26976799242424243 0.9705255681818181 0.01420454545454547 0.02367424242424243
0 0.7675189393939393 0.4017518939393939 0.01302083333333326 0.02249053030303033
0 0.8728693181818181 0.21413352272727276 0.01302083333333326 0.02367424242424243
0 0.7752130681818181 0.4520596590909091 0.014204545454545414 0.02840909090909094
0 0.8746448863636362 0.4579782196969697 0.014204545454545525 0.018939393939393923
0 0.7917850378787878 0.5952888257575757 0.011837121212121215 0.02367424242424243
0 0.11351799242424246 0.3579545454545455 0.014204545454545456 0.02485795454545453
0 0.5260416666666666 0.7775804924242423 0.015388257575757569 0.02367424242424243
0 0.29225852272727276 0.6834753787878787 0.016571969696969724 0.027225378787878785
