0 0.0857657967032967 0.2494205013736264 0.01931662087912088 0.01395089285714285
0 0.204348385989011 0.26283482142857145 0.02038976648351648 0.019316620879120894
0 0.17161744505494508 0.27893200549450553 0.021462912087912095 0.019316620879120894
0 0.24781078296703296 0.32615041208791207 0.025755494505494497 0.021462912087912123
0 0.3460036057692308 0.4302455357142857 0.016097184065934078 0.023609203296703296
0 0.44312328296703296 0.04552283653846155 0.010731456043956034 0.02038976648351648
0 0.19361692994505497 0.4474158653846154 0.02038976648351648 0.015024038461538491
0 0.07235147664835166 0.3985877403846154 0.01395089285714285 0.022536057692307654
0 0.08522922390109891 0.40180717719780223 0.011804601648351648 0.02038976648351648
0 0.07396119505494506 0.43775755494505497 0.012877747252747249 0.023609203296703296
0 0.18878777472527475 0.4211237980769231 0.023609203296703296 0.016097184065934078
0 0.21025068681318682 0.4307821085164835 0.019316620879120866 0.016097184065934078
0 0.1523008241758242 0.4747810782967033 0.025755494505494497 0.01180460164835162
0 0.5541938530219781 0.4704884958791209 0.024682348901098883 0.013950892857142905
0 0.5719007554945055 0.42273351648351654 0.021462912087912067 0.015024038461538491
0 0.6577524038461539 0.4425867101648352 0.02360920329670324 0.01395089285714285
0 0.7650669642857143 0.46404962225274726 0.02360920329670324 0.013950892857142905
0 0.7140925480769231 0.16893458104395606 0.01180460164835162 0.024682348901098883
0 0.6679472870879121 0.497317135989011 0.02253605769230771 0.013950892857142905
0 0.8423334478021978 0.5214629120879122 0.02360920329670335 0.015024038461538436
0 0.8155048076923077 0.5160971840659341 0.019316620879120894 0.015024038461538547
0 0.6255580357142857 0.5756567651098901 0.012877747252747263 0.024682348901098883
0 0.3900025755494506 0.6067779876373627 0.01395089285714285 0.024682348901098883
0 0.8788203983516483 0.5853150755494505 0.010731456043956089 0.0225360576923076
0 0.8761375343406593 0.611070570054945 0.011804601648351731 0.024682348901098883
0 0.7430674793956044 0.9190633585164836 0.016097184065934078 0.02897493131868123
0 0.6781421703296704 0.9571600274725275 0.015024038461538436 0.025755494505494525
0 0.6325334821428572 0.9179902129120879 0.020389766483516536 0.016097184065934078
0 0.3046875 0.6475575206043955 0.015024038461538491 0.026828640109890167
0 0.2735662774725275 0.7618475274725275 0.015024038461538436 0.025755494505494525
0 0.021913633241758254 0.8664792239010989 0.024682348901098893 0.013950892857142794
0 0.0562542925824176 0.47317135989010994 0.011804601648351648 0.023609203296703296
