0 0.055181146978022 0.1297647664835165 0.020389766483516487 0.01717032967032968
0 0.24146922229219145 0.22375826511335015 0.024598551637279586 0.014759130982367752
0 0.3029920789930556 0.1880425347222222 0.021701388888888895 0.015597873263888895
0 0.12717828418230565 0.8872214309651475 0.01570878016085793 0.015185154155495928
0 0.06931761058981233 0.8809379189008043 0.022515918230563002 0.016232406166219793
0 0.0454926273458445 0.8963848860589813 0.018850536193029496 0.016756032171581836
0 0.05622696045576407 0.935656836461126 0.02042141420911528 0.01780328418230559
0 0.054394269436997315 0.8052739611260054 0.016756032171581767 0.020945040214477184
0 0.6214443108974359 0.8896233974358974 0.01903044871794879 0.010516826923076983
0 0.6254507211538461 0.917167467948718 0.017027243589743613 0.02253605769230771
0 0.7751903044871795 0.9765124198717949 0.018028846153846145 0.012019230769230727
0 0.7756911057692307 0.9895332532051282 0.01602564102564097 0.011017628205128194
0 0.7303685897435896 0.8781049679487178 0.009515224358974339 0.020532852564102533
0 0.6948691291585127 0.7422639432485323 0.019875244618395294 0.009173189823874828
0 0.6948691291585127 0.7306063478473581 0.022168542074363917 0.011084271037182014
0 0.6962068860078278 0.718948752446184 0.02178632583170259 0.010702054794520577
0 0.7009845890410958 0.6944869129158513 0.022168542074364028 0.012230919765166326
0 0.7562148361056751 0.7093933463796478 0.019493028375733856 0.011466487279843451
0 0.7011756971624266 0.6822559931506849 0.02025746086105673 0.010702054794520577
0 0.7021312377690803 0.6694517490215264 0.020639677103718168 0.011084271037181903
0 0.703660102739726 0.6207191780821917 0.011466487279843451 0.021404109589041043
0 0.7579348091976517 0.6568386130136986 0.020639677103718168 0.014142000978473623
0 0.8394916845493563 0.06746244635193134 0.02263277896995708 0.012573766094420596
0 0.34492355150214593 0.17643508583690987 0.01760327253218885 0.014250268240343367
0 0.9016714324618736 0.22616251361655776 0.010212418300653558 0.01574414488017431
