0 0.24122737794612797 0.20440077861952866 0.014467592592592587 0.02235900673400673
0 0.9872041590073528 0.09968118106617649 0.020105698529411797 0.014361213235294115
0 0.8833812671703296 0.48658567994505497 0.015560611263736202 0.021462912087912067
0 0.893307864010989 0.4949025583791209 0.013950892857142905 0.01985319368131866
0 0.9169170673076923 0.5045608688186813 0.011804601648351731 0.015560611263736313
0 0.928453382554945 0.5120728880494505 0.010194883241758212 0.015560611263736202
0 0.9466968578296704 0.4983902815934066 0.012341174450549386 0.021462912087912123
0 0.9721840659340659 0.46217161744505497 0.013950892857142794 0.024145776098901117
0 0.9850618131868132 0.4699519230769231 0.019316620879120894 0.0279017857142857
0 0.675231746941896 0.7260010512232415 0.017321292048929626 0.014932148318042793
