3 0.06843065693430656 0.5118042883211679 0.07698448905109488 0.0798357664233576
3 0.08482550182481752 0.711393704379562 0.07841012773722626 0.08268704379562042
3 0.11547673357664233 0.9444856295620437 0.0741332116788321 0.09836906934306566
3 0.6287066605839415 0.44551208941605835 0.0769844890510949 0.08981523722627738
3 0.6586450729927007 0.6479527828467153 0.0769844890510949 0.06415374087591241
3 0.6878706660583942 0.888172901459854 0.07555885036496346 0.0684306569343065
3 0.7513115875912408 0.9566035583941606 0.07413321167883213 0.07413321167883213
1 0.45205078125 0.41816406250000004 0.0263671875 0.02421875000000001
1 0.45488281249999996 0.4306640625 0.02421875000000001 0.022265624999999956
1 0.457421875 0.4458984375 0.02656249999999999 0.025781250000000033
1 0.45869140625000004 0.4591796875 0.02519531250000001 0.023046875000000022
1 0.460546875 0.47373046875 0.024999999999999967 0.024804687500000033
1 0.46142578125 0.48681640625 0.025976562500000022 0.024804687499999978
1 0.46171875 0.50166015625 0.027734374999999978 0.024414062500000056
1 0.7226983821263482 0.6697322804314331 0.02377455701078579 0.01956134437596302
1 0.7166795069337443 0.8975467064714946 0.0171537942989215 0.02136700693374427
1 0.28718750000000004 0.921875 0.019374999999999976 0.028750000000000053
1 0.11125 0.87640625 0.024999999999999994 0.010937499999999933
1 0.08936272558386413 0.9316737990976646 0.014098991507431005 0.019282444267515908
1 0.41777343749999996 0.42822265625 0.014843749999999989 0.011523437499999956
1 0.41982421875 0.44609374999999996 0.014257812499999967 0.012890624999999989
1 0.42265624999999996 0.46640625 0.014843749999999989 0.010546875000000011
1 0.42392578125 0.476171875 0.015429687500000011 0.010937499999999989
1 0.42275390625 0.4578125 0.012304687499999967 0.009765625
