0 0.40098852040816324 0.033083545918367346 0.017538265306122458 0.018335459183673467
0 0.44945766437308865 0.13618119266055045 0.02329415137614682 0.010751146788990806
0 0.5142631880733946 0.13707712155963303 0.023891437308868446 0.010153860856269126
0 0.5142631880733946 0.15977398700305812 0.022696865443425085 0.010153860856269098
0 0.5157564029051988 0.17560206422018348 0.020905007645259932 0.010751146788990806
0 0.5115754013761469 0.19829892966360857 0.022099579510703404 0.00955657492354739
0 0.5127699732415902 0.22368358180428136 0.022099579510703404 0.01254300458715596
0 0.5169509747706422 0.30222668195718655 0.0256832951070336 0.01314029051987764
0 0.48081517584097855 0.3120818998470948 0.0238914373088685 0.011348432721712542
1 0.3741996368501529 0.26131259556574926 0.011348432721712542 0.038823585626911294
0 0.8538202408256881 0.907874617737003 0.01254300458715596 0.022696865443425085
0 0.8022027220630372 0.6141654727793696 0.009513789398280847 0.020706482808023008
0 0.43758945610687017 0.8326872614503816 0.016400286259541985 0.010436545801526753
0 0.4737446326335878 0.7954138835877862 0.02012762404580154 0.011927480916030575
