0 0.45475746268656714 0.13652440920398007 0.019434079601990006 0.016518967661691558
0 0.3196906094527363 0.23563821517412933 0.0213774875621891 0.020405783582089554
0 0.11466106965174128 0.37896455223880593 0.025264303482587055 0.017490671641791078
0 0.5253129778287462 0.20247993119266056 0.017321292048929626 0.014334862385321112
0 0.5342722668195719 0.2123351490825688 0.014932148318042793 0.01254300458715596
0 0.8525711561032865 0.10387323943661969 0.023840962441314617 0.013754401408450703
0 0.634793133802817 0.11350132042253519 0.019256161971831 0.012837441314553985
0 0.6237896126760564 0.11992004107981219 0.019256161971831 0.012837441314553999
0 0.7961781103286385 0.5797755281690141 0.02109008215962438 0.017422241784037507
0 0.7407020246478874 0.5261333626760564 0.018339201877934252 0.01467136150234749
0 0.7695862676056339 0.4775344776995305 0.013754401408450745 0.018339201877934252
0 0.7828821889671362 0.4711157570422535 0.01650528169014087 0.02017312206572769
0 0.5233824823943662 0.7255721830985916 0.022007042253521125 0.013754401408450745
0 0.6985218603286385 0.9832379694835682 0.018339201877934364 0.02109008215962438
0 0.8218529929577465 0.6994388204225352 0.019256161971831 0.020173122065727744
0 0.33723958333333337 0.8663255575117372 0.02384096244131456 0.01650528169014087
0 0.38904782863849763 0.8511957159624414 0.019256161971831 0.02109008215962449
0 0.11808612089201875 0.9506858861502347 0.016505281690140858 0.01650528169014087
0 0.9484723328025477 0.9276348527070064 0.01741640127388544 0.013062300955413941
0 0.8217853483606558 0.17768101092896177 0.019211065573770503 0.020278346994535512
0 0.7646998355263157 0.9653357025375939 0.019090695488721776 0.011380991541353414
0 0.7725931038533834 0.9763495653195489 0.01945782424812026 0.011380991541353302
0 0.7836069666353382 0.9844263980263157 0.01725505169172925 0.01211524906015038
0 0.742672109962406 0.9776345159774436 0.01688792293233088 0.01101386278195493
0 0.7529517152255638 0.986812734962406 0.019824953007518853 0.011748120300751896
0 0.7639655780075187 0.9926867951127818 0.019824953007518742 0.009545347744360888
0 0.4719287702429149 0.6684273785425101 0.018977732793522273 0.02767586032388658
0 0.3794123228744939 0.4628352732793522 0.020559210526315763 0.02609438259109309
