0 0.513599537037037 0.36783854166666663 0.02025462962962965 0.013744212962962965
0 0.5107060185185185 0.3804976851851851 0.01736111111111116 0.013020833333333315
0 0.48611111111111105 0.4390914351851852 0.023148148148148195 0.01157407407407407
0 0.4231770833333333 0.6043836805555556 0.01591435185185186 0.02387152777777779
0 0.41015625 0.6069155092592593 0.011574074074074125 0.01880787037037035
0 0.47887731481481477 0.6448929398148148 0.013020833333333315 0.01953125
0 0.29658564814814814 0.7581018518518519 0.024594907407407385 0.01012731481481477
0 0.3468605324074074 0.755931712962963 0.0180844907407407 0.01157407407407407
0 0.3396267361111111 0.7161458333333333 0.01953125 0.01302083333333337
0 0.2864583333333333 0.7288049768518519 0.02314814814814814 0.01085069444444453
0 0.28139467592592593 0.6926359953703703 0.021701388888888895 0.01085069444444442
0 0.33130787037037035 0.6861255787037037 0.02170138888888884 0.01085069444444453
0 0.33447265625 0.6686740451388888 0.01898871527777779 0.01030815972222221
0 0.33121744791666663 0.6559244791666666 0.020073784722222265 0.009765625
0 0.3255208333333333 0.6434461805555556 0.01953125 0.01085069444444442
0 0.617827868852459 0.9063140368852459 0.017930327868852403 0.01344774590163933
0 0.8189036885245902 0.8211449795081968 0.02433401639344268 0.01216700819672134
0 0.8288294057377049 0.8352330942622951 0.023693647540983687 0.01216700819672134
0 0.8448386270491803 0.8627689549180328 0.021132172131147486 0.01472848360655743
0 0.8554047131147541 0.8755763319672132 0.02177254098360648 0.01600922131147542
0 0.8646900614754098 0.8890240778688525 0.018570696721311508 0.01088627049180324
0 0.8726946721311475 0.9024718237704918 0.01921106557377039 0.01344774590163933
0 0.8797387295081966 0.9197617827868853 0.016649590163934413 0.01344774590163933
0 0.8909451844262295 0.9344902663934427 0.021132172131147486 0.01472848360655743
0 0.9050332991803278 0.9562628073770492 0.023693647540983576 0.01216700819672134
0 0.9719518442622951 0.888703893442623 0.020491803278688492 0.02305327868852458
0 0.7638319672131147 0.8099385245901639 0.020491803278688492 0.020491803278688492
0 0.987000512295082 0.8477202868852459 0.021132172131147597 0.014088114754098324
0 0.9165119108606558 0.9901223104508197 0.014632428278688492 0.01584912909836067
0 0.6552894467213115 0.12730532786885249 0.01216700819672134 0.020491803278688533
0 0.8614882172131147 0.167328381147541 0.01728995901639352 0.019851434426229497
