0 0.40735782865583453 0.7695658696454948 0.027118722304283582 0.02452224889217125
0 0.3616310468980798 0.4092330594534712 0.025676237075332342 0.022214272525849343
0 0.4574120661004431 0.36667974519940916 0.026830225258493323 0.013270864106351532
0 0.5177079486706055 0.3567265971196455 0.028561207533234878 0.014713349335302828
0 0.5465576532496307 0.35225489290989653 0.028561207533234878 0.01384785819793205
0 0.6290678083456425 0.3373972950516987 0.02798421344165436 0.01413635524372231
0 0.5723788896746818 0.3480595827439886 0.022652934936350788 0.011602722772277196
0 0.04113153746290803 0.3429386127596439 0.022023367952522258 0.02347227373887245
0 0.9283782623626374 0.11514852335164835 0.013092376373626369 0.02210679945054944
0 0.9203296703296704 0.1461624313186813 0.016311813186813184 0.021892170329670335
