0 0.7633036247016706 0.2654665125298329 0.01351804892601427 0.02004400357995223
0 0.7404627834128877 0.3218694063245823 0.025637678997613378 0.013518048926014326
0 0.853734710620525 0.4157965393794749 0.025637678997613378 0.015848747016706466
0 0.9259424302184466 0.7339483464805825 0.014458813713592145 0.028680597694174748
0 0.9261794599514563 0.7607327063106797 0.016829111043689227 0.021095646237864085
0 0.26344849706744866 0.7637577895894427 0.020619501466275614 0.017755681818181768
0 0.1690856396627566 0.805999129398827 0.021478647360703818 0.018042063782991224
0 0.15548249633431088 0.8611276576246334 0.02291055718475074 0.022337793255131966
0 0.08775316165689151 0.8916273368768328 0.024915230938416424 0.026633522727272707
0 0.945808240305523 0.9016276806698003 0.02249192126909516 0.014000073443008132
0 0.9743821606933021 0.9771362735017627 0.02777063748531139 0.014459092244418326
