0 0.3363715277777778 0.07703993055555555 0.010127314814814825 0.01808449074074074
0 0.2808269049118388 0.09338594143576828 0.010823362720403018 0.0186948992443325
0 0.2680356580604534 0.09904360831234257 0.011807304785894202 0.018202928211586908
0 0.2505706863979849 0.11134288413098238 0.016235044080604527 0.019186870277078077
0 0.2326137437027708 0.1290538413098237 0.013775188916876568 0.015251102015113371
0 0.2208064389168766 0.1470107840050378 0.014759130982367752 0.01672701511335012
0 0.20998307619647358 0.16004801637279598 0.018694899244332486 0.022138696473551628
0 0.2021115396725441 0.16767356738035266 0.015743073047858935 0.01672701511335012
0 0.19374803211586905 0.17357721977329976 0.015743073047858935 0.01967884130982367
0 0.18046481423173805 0.18735240869017633 0.021646725440806064 0.027550377833753165
0 0.16152392947103278 0.19866774244332497 0.01721898614609571 0.021646725440806036
0 0.14307501574307308 0.2144108154911839 0.014759130982367752 0.014759130982367752
0 0.07512749565972221 0.2717963324652778 0.014919704861111119 0.01898871527777779
0 0.3020948561946903 0.4045907079646018 0.011061946902654829 0.020395464601769886
0 0.3135024889380531 0.4063191371681416 0.009679203539823045 0.02108683628318586
0 0.32473727876106195 0.40580060840707965 0.009333517699115057 0.019358407079646034
0 0.3378733407079646 0.40770188053097345 0.010716261061946952 0.021086836283185806
0 0.3506637168141593 0.4064919800884956 0.009333517699115057 0.020049778761061954
0 0.3622441924778761 0.4040721792035398 0.010370575221238909 0.01797566371681414
0 0.39594856194690264 0.4374308628318584 0.02316095132743362 0.012099004424778792
0 0.3745846114519427 0.4073364008179959 0.010384713701431458 0.017574130879345562
0 0.5565275096525097 0.5127895752895753 0.019606660231660133 0.012065637065637014
0 0.4792340769754768 0.9526141008174387 0.013304666212534066 0.020223092643051777
0 0.46912253065395093 0.9808199931880109 0.013304666212534066 0.025544959128065425
0 0.44703678474114444 0.9111035422343324 0.021287465940054484 0.015965599455040946
0 0.18174174046321528 0.762091280653951 0.022884025885558573 0.01383685286103542
0 0.1612525544959128 0.6819971900544959 0.023416212534059955 0.011175919618528596
0 0.225381045640327 0.6806667234332425 0.017562159400544952 0.014901226158038128
0 0.902715773809524 0.5155009920634921 0.011160714285714302 0.02170138888888884
0 0.1166764018691589 0.49498028621495327 0.012777453271028041 0.02099153037383178
0 0.1994326368876081 0.23995857348703173 0.01632294668587897 0.014071505763688763
0 0.4624701975476839 0.5194141689373297 0.011708106267030005 0.01809434604904636
0 0.44783506471389645 0.5119635558583107 0.011175919618528596 0.01915871934604907
0 0.42388666553133514 0.5061095027247957 0.009047173024523125 0.017029972752043654
0 0.40845325272479566 0.5026502895095368 0.012240292915531303 0.018626532697547715
0 0.43559477179836514 0.5095687159400546 0.010111546321525888 0.017562159400544952
0 0.5994548905367232 0.5304886122881356 0.013793255649717562 0.021517478813559254
0 0.9924559222423146 0.8684872287522604 0.008476491862567714 0.019072106690777524
0 0.538306794959128 0.3994060797002725 0.021819652588555782 0.012240292915531303
0 0.543362568119891 0.3509770946866485 0.009579359673024479 0.017562159400544952
