0 0.0705295138888889 0.30743634259259256 0.01808449074074074 0.01880787037037035
0 0.12514467592592593 0.3294994212962963 0.03182870370370369 0.01953125
0 0.34939236111111105 0.29441550925925924 0.021701388888888895 0.01446759259259256
0 0.4282407407407407 0.27018229166666663 0.01880787037037035 0.012297453703703665
0 0.6271701388888888 0.2076099537037037 0.01880787037037046 0.013020833333333315
0 0.7743778935185185 0.9917534722222221 0.01953125 0.01157407407407407
0 0.10199652777777776 0.8051215277777777 0.015914351851851846 0.01591435185185186
0 0.8836082175925926 0.25752314814814814 0.02676504629629628 0.01446759259259256
1 0.983050152972028 0.1792640952797203 0.02936516608391604 0.02526770104895104
0 0.12630208333333331 0.8059895833333333 0.018229166666666657 0.02083333333333337
0 0.3166150746855346 0.8531102594339622 0.011669614779874216 0.0171973270440251
