1 0.1584201388888889 0.2766927083333333 0.028935185185185203 0.01519097222222221
1 0.7895688657407407 0.2821180555555556 0.02821180555555558 0.024594907407407385
0 0.8355034722222221 0.24016203703703703 0.02025462962962965 0.015914351851851832
0 0.988136574074074 0.09186921296296297 0.01736111111111105 0.020254629629629636
0 0.9262876157407407 0.42896412037037035 0.01953125 0.01446759259259256
0 0.9465422453703703 0.45681423611111105 0.01953125 0.013744212962962965
0 0.9266493055555556 0.6741898148148148 0.01012731481481477 0.01736111111111116
0 0.9812644675925926 0.7165075231481481 0.02676504629629628 0.01953125
0 0.8604600694444444 0.7884837962962963 0.0209780092592593 0.01446759259259256
0 0.8253761574074073 0.6622540509259258 0.02170138888888884 0.00940393518518523
0 0.8365885416666665 0.7823350694444444 0.01519097222222221 0.02531828703703698
0 0.7364004629629629 0.7624421296296295 0.02170138888888884 0.01012731481481477
0 0.3363715277777778 0.650318287037037 0.010127314814814825 0.02314814814814814
0 0.23531958438287154 0.39791601070528965 0.009347449622166243 0.017710957178841302
0 0.24540499055415615 0.41046127204030225 0.009839420654911807 0.0162350440806045
0 0.11198419401544402 0.10444317084942085 0.008295125482625482 0.01734435328185327
0 0.538052002895753 0.3992971766409267 0.01131153474903468 0.017344353281853297
1 0.559543918918919 0.397788972007722 0.021114864864864913 0.02940999034749031
