0 0.044244260204081634 0.1630261479591837 0.02152423469387755 0.010363520408163268
0 0.29655612244897955 0.036272321428571425 0.022321428571428548 0.01833545918367347
0 0.2849968112244898 0.13113839285714285 0.01992984693877553 0.01674107142857141
0 0.36750637755102034 0.2307876275510204 0.01594387755102039 0.015146683673469385
0 0.49465880102040816 0.21444515306122447 0.01833545918367352 0.01594387755102039
0 0.6405452806122449 0.1299426020408163 0.013552295918367263 0.01913265306122447
0 0.5488679846938775 0.053411989795918366 0.016741071428571397 0.015943877551020405
0 0.8976403061224489 0.17458545918367346 0.014349489795918324 0.01434948979591838
0 0.8805006377551019 0.36790497448979587 0.01992984693877553 0.019929846938775475
0 0.9881218112244897 0.4982461734693877 0.01833545918367352 0.019132653061224525
0 0.7174744897959183 0.3750797193877551 0.015943877551020336 0.013552295918367374
0 0.7138871173469388 0.5245535714285714 0.021524234693877542 0.01913265306122458
0 0.6246014030612245 0.5010363520408163 0.016741071428571397 0.016741071428571452
0 0.7856345663265305 0.9315210459183673 0.023118622448979553 0.013552295918367374
0 0.7904177295918366 0.8035714285714286 0.016741071428571397 0.011160714285714302
0 0.45280612244897955 0.7752710459183673 0.020727040816326536 0.011957908163265252
0 0.3172831632653061 0.7553411989795917 0.022321428571428603 0.011957908163265363
0 0.3172831632653061 0.7657047193877551 0.022321428571428603 0.01036352040816324
0 0.20687181122448978 0.8498086734693877 0.019929846938775503 0.00956632653061229
0 0.11639030612244897 0.8478156887755102 0.009566326530612249 0.016741071428571397
