0 0.24706151463963966 0.09265906531531534 0.012317004504504458 0.016715934684684672
1 0.12521114864864868 0.09265906531531534 0.027273367117117128 0.020235078828828815
0 0.38254856418918914 0.12213189752252256 0.017595720720720742 0.015836148648648657
0 0.3988246058558559 0.14192708333333337 0.020235078828828856 0.02023507882882883
0 0.4124612894144144 0.18195734797297303 0.021114864864864857 0.017595720720720714
0 0.40014428490990994 0.19295467342342348 0.017595720720720742 0.0149563626126126
1 0.4326963682432432 0.20307221283783788 0.026393581081081086 0.015836148648648657
0 0.2774141328828829 0.17139991554054057 0.016715934684684686 0.015836148648648657
1 0.09925746058558563 0.30028856981981983 0.029912725225225215 0.016715934684684686
0 0.21494932432432437 0.5136366835585586 0.011437218468468457 0.0193552927927928
0 0.45601069819819817 0.28093327702702703 0.018475506756756743 0.014956362612612573
1 0.44325380067567566 0.8030862894144144 0.022874436936936915 0.017595720720720687
1 0.09089949324324328 0.8365181587837838 0.014956362612612614 0.022874436936936915
0 0.11773296734234238 0.9486908783783783 0.021114864864864885 0.011437218468468457
0 0.458447705518018 0.9916244369369369 0.012792088963963999 0.01284487612612617
0 0.4977741413288288 0.9867856137387387 0.012264217342342343 0.022522522522522515
0 0.36495284346846846 0.9790434966216216 0.0193552927927928 0.015836148648648685
0 0.6165716497747749 0.865551097972973 0.015836148648648574 0.015836148648648574
0 0.5466286599099099 0.41686021959459457 0.0202350788288288 0.0193552927927928
1 0.6218503659909911 0.10101703265765768 0.022874436936937026 0.024634009009009014
0 0.7494193412162162 0.15160472972972977 0.021114864864864913 0.021994650900900914
0 0.7991272522522522 0.18811585022522526 0.0202350788288288 0.017595720720720714
0 0.7916490709459459 0.29325028153153154 0.017595720720720687 0.014956362612612573
0 0.6394460867117118 0.27961359797297297 0.021114864864864913 0.015836148648648685
0 0.9768440315315314 0.5558664132882883 0.016715934684684686 0.021114864864864913
1 0.914379222972973 0.44721283783783783 0.02551379504504514 0.0202350788288288
0 0.9601280968468469 0.9112999718468469 0.0184755067567568 0.015836148648648685
1 0.8563133445945946 0.59765625 0.0184755067567568 0.0202350788288288
