0 0.3799362562189054 0.30025652985074625 0.021377487562189046 0.021377487562189046
0 0.5689326803482586 0.4251204912935323 0.022349191542288538 0.01846237562189057
0 0.8905666977611939 0.27159126243781095 0.014575559701492491 0.014575559701492546
0 0.3867381840796019 0.738009172885572 0.017490671641791022 0.014575559701492602
1 0.36730410447761186 0.76133006840796 0.023320895522388085 0.020405783582089554
1 0.3332944651741293 0.7924245957711442 0.027207711442786053 0.024292599502487522
0 0.3099735696517413 0.82011815920398 0.015547263681592038 0.01360385572139311
0 0.2706195584577114 0.8585004664179103 0.01846237562189057 0.020405783582089554
0 0.2506996268656716 0.8789062499999999 0.01749067164179105 0.014575559701492491
1 0.23077969527363182 0.900283737562189 0.020405783582089554 0.020405783582089554
0 0.3070584577114428 0.8837647699004973 0.015547263681592038 0.014575559701492602
0 0.2876243781094527 0.9031988495024874 0.019434079601990062 0.016518967661691586
0 0.26916200248756217 0.9240904850746268 0.021377487562189046 0.017490671641791078
0 0.6083959140826873 0.9253371285529716 0.01766392118863047 0.018673288113695063
0 0.5953956886574074 0.621166087962963 0.01537181712962954 0.02170138888888884
0 0.6130280671296297 0.6442238136574074 0.02170138888888884 0.01898871527777779
0 0.9014756944444444 0.7323857060185186 0.01627604166666663 0.02350983796296291
