0 0.11835075827205885 0.11188821231617649 0.017233455882352935 0.015797334558823525
0 0.09214154411764708 0.12122300091911767 0.019387637867647065 0.022977941176470604
0 0.3517204733455883 0.11260627297794121 0.01579733455882354 0.017233455882352935
0 0.7179314108455881 0.0077694163602941525 0.01723345588235292 0.014361213235294117
0 0.7918916590073528 0.07383099724264708 0.020105698529411797 0.017233455882352935
0 0.38762350643382354 0.5114889705882353 0.0244140625 0.022259880514705843
0 0.9139619715073528 0.9390940946691175 0.020105698529411797 0.01723345588235292
0 0.9157571231617647 0.8888298483455881 0.01938763786764708 0.01866957720588236
0 0.5412884880514706 0.9315544577205882 0.025850183823529438 0.022259880514705843
0 0.6619226792279411 0.9261690027573528 0.01866957720588236 0.014361213235294046
0 0.3553107766544118 0.8206140854779411 0.020105698529411797 0.020105698529411686
0 0.04869887408088239 0.5423655790441175 0.021541819852941173 0.016515395220588203
0 0.06629136029411768 0.5251321231617647 0.017951516544117647 0.013643152573529327
0 0.266989315257353 0.5779095818014706 0.020105698529411797 0.017233455882353033
1 0.37218520220588236 0.673052619485294 0.025132123161764663 0.02369600183823528
0 0.7855583639705883 0.16371783088235292 0.01627604166666663 0.02297794117647059
0 0.21327126597444085 0.45725589057507987 0.014976038338658154 0.01622404153354634
1 0.5004398930180181 0.32932150900900903 0.0193552927927928 0.020235078828828856
0 0.05886314655172411 0.6650053879310345 0.01852101293103449 0.01178609913793105
