1 0.05501302083333333 0.8824869791666666 0.021484374999999993 0.033203125
0 0.2532552083333333 0.7718098958333333 0.024739583333333343 0.01497395833333337
0 0.26399739583333337 0.78515625 0.026692708333333315 0.01432291666666674
0 0.271484375 0.7991536458333333 0.02473958333333337 0.01497395833333337
0 0.3984375 0.78515625 0.01692708333333337 0.0234375
0 0.3720703125 0.7985026041666667 0.017578125 0.02018229166666663
0 0.4182942708333333 0.9049479166666666 0.021484375 0.01171875
0 0.50390625 0.8056640625 0.022135416666666685 0.01497395833333326
0 0.6728515625 0.615234375 0.01497395833333326 0.01692708333333326
0 0.39778645833333337 0.3753255208333333 0.014322916666666685 0.021484375
0 0.6136067708333333 0.16438802083333334 0.02278645833333337 0.013671875
0 0.8216145833333333 0.060872395833333336 0.02213541666666663 0.012369791666666671
0 0.8287760416666667 0.07486979166666666 0.02864583333333337 0.014322916666666671
0 0.951171875 0.19140625 0.01822916666666674 0.015625
0 0.5896226415094339 0.8586379716981132 0.018425707547169767 0.009827044025157217
0 0.2211843297101449 0.38064236111111116 0.02358846618357488 0.01792723429951687
