0 0.23549784919028344 0.03583628542510125 0.023722165991902827 0.01502403846153846
0 0.056395495951417046 0.22284602732793524 0.01502403846153847 0.02055921052631579
1 0.08169913967611339 0.2730579453441295 0.018186993927125514 0.029257338056680127
1 0.10660741396761138 0.3307818825910931 0.02055921052631579 0.027675860323886636
1 0.3165485829959514 0.07181490384615388 0.018186993927125528 0.02846659919028341
1 0.11253795546558708 0.27108109817813764 0.029257338056680154 0.017396255060728727
1 0.21533400809716602 0.22521824392712553 0.019768471659919018 0.025303643724696345
1 0.20861272773279355 0.3465966599190283 0.023722165991902827 0.018186993927125528
0 0.18884425607287453 0.4019483805668016 0.015814777327935237 0.0245129048582996
0 0.07141953441295551 0.3632021761133603 0.015024038461538464 0.0245129048582996
0 0.22126454959514172 0.4754870951417004 0.011070344129554655 0.019768471659919018
0 0.5423045293522268 0.8534602732793521 0.02055921052631582 0.019768471659919018
0 0.4284381325910931 0.7629206730769231 0.02055921052631582 0.014233299595141635
0 0.8807407641700404 0.2050544028340081 0.0253036437246964 0.013442560728744918
