0 0.1566116898148148 0.026765046296296294 0.01953125 0.02170138888888889
0 0.17180266203703703 0.031105324074074073 0.016637731481481483 0.024594907407407406
0 0.19603587962962962 0.021701388888888888 0.01591435185185186 0.024594907407407402
0 0.3360098379629629 0.6300636574074073 0.015190972222222265 0.02459490740740744
0 0.6510416666666667 0.41189236111111116 0.01215277777777779 0.025173611111111105
0 0.6888020833333334 0.20963541666666666 0.01649305555555558 0.0234375
0 0.7048611111111112 0.2348090277777778 0.02083333333333337 0.0234375
0 0.8676215277777778 0.1853298611111111 0.01822916666666674 0.0234375
0 0.8218149038461539 0.8030348557692307 0.013521634615384581 0.02253605769230771
0 0.9093299278846154 0.7481971153846154 0.021784855769230727 0.0165264423076924
0 0.9269831730769231 0.7406850961538461 0.021033653846153855 0.01953125
