0 0.05208333333333333 0.6604817708333333 0.023437499999999993 0.01106770833333337
0 0.045247395833333336 0.7184244791666667 0.025390625 0.01627604166666663
0 0.03645833333333333 0.7408854166666667 0.026041666666666664 0.02083333333333337
0 0.023763020833333332 0.8684895833333334 0.016276041666666664 0.0234375
0 0.037109375 0.8642578125 0.013020833333333332 0.01627604166666674
0 0.051432291666666664 0.8580729166666667 0.015625 0.02604166666666663
0 0.06673177083333333 0.8567708333333333 0.014973958333333336 0.02213541666666663
0 0.08463541666666667 0.8525390625 0.015625 0.02408854166666674
0 0.27180989583333337 0.8375651041666666 0.016276041666666685 0.025390625
0 0.3199869791666667 0.9186197916666667 0.017578125 0.02473958333333337
0 0.26985677083333337 0.9908854166666667 0.024088541666666685 0.01302083333333337
0 0.3580729166666667 0.9886067708333333 0.0234375 0.01236979166666663
0 0.43977864583333337 0.8151041666666667 0.012369791666666685 0.02213541666666663
0 0.45930989583333337 0.9508463541666667 0.024088541666666685 0.01497395833333337
0 0.5065104166666667 0.9348958333333334 0.02083333333333337 0.015625
0 0.54296875 0.9225260416666667 0.0234375 0.01302083333333337
0 0.5804036458333334 0.9547526041666666 0.021484375 0.013671875
0 0.6051432291666667 0.9026692708333333 0.02408854166666663 0.01236979166666663
0 0.6295572916666667 0.8919270833333334 0.02083333333333337 0.01171875
0 0.6149088541666667 0.9420572916666667 0.02278645833333337 0.01302083333333337
0 0.64453125 0.9326171875 0.01822916666666674 0.01236979166666674
0 0.6708984375 0.9222005208333334 0.01888020833333326 0.009765625
0 0.6826171875 0.875 0.02799479166666674 0.01302083333333326
0 0.7174479166666666 0.86328125 0.02734375 0.01432291666666674
0 0.7252604166666667 0.9049479166666667 0.02604166666666663 0.01302083333333337
0 0.6793619791666667 0.94921875 0.02408854166666663 0.01171875
0 0.6842447916666666 0.9622395833333333 0.0234375 0.01302083333333337
0 0.6878255208333334 0.9752604166666667 0.021484375 0.01432291666666663
0 0.6936848958333334 0.9873046875 0.017578125 0.01236979166666674
0 0.7483723958333334 0.9251302083333333 0.029296875 0.01692708333333337
0 0.734375 0.9775390625 0.015625 0.021484375
0 0.7464192708333333 0.9680989583333333 0.01627604166666663 0.02473958333333337
0 0.7685546875 0.9661458333333334 0.017578125 0.0234375
0 0.7825520833333333 0.9635416666666667 0.01692708333333337 0.02604166666666663
0 0.7584635416666667 0.9912109375 0.01041666666666663 0.013671875
0 0.7760416666666667 0.9892578125 0.01432291666666663 0.017578125
0 0.7923177083333333 0.9876302083333333 0.01302083333333337 0.02083333333333337
0 0.7526041666666667 0.8932291666666666 0.02083333333333337 0.01171875
0 0.7978515625 0.8346354166666666 0.02278645833333326 0.015625
0 0.8203125 0.87109375 0.01822916666666674 0.01041666666666674
0 0.8460286458333334 0.8619791666666666 0.025390625 0.015625
0 0.8704427083333333 0.853515625 0.02213541666666663 0.01171875
0 0.90234375 0.8421223958333333 0.02213541666666674 0.01497395833333337
0 0.927734375 0.8330078125 0.02473958333333326 0.013671875
0 0.955078125 0.8225911458333333 0.0234375 0.01497395833333337
0 0.8590494791666666 0.8125 0.025390625 0.01432291666666674
0 0.8828125 0.8040364583333334 0.02213541666666674 0.01171875
0 0.8518880208333333 0.7574869791666667 0.02018229166666663 0.01106770833333337
0 0.95703125 0.779296875 0.02473958333333326 0.01302083333333326
0 0.6943359375 0.7180989583333334 0.017578125 0.02734375
0 0.7535807291666667 0.5276692708333333 0.01888020833333337 0.02408854166666663
0 0.7688802083333333 0.5286458333333334 0.01432291666666663 0.01953125
0 0.7421875 0.5400390625 0.01822916666666674 0.02669270833333326
0 0.8095703125 0.32421875 0.01236979166666674 0.02473958333333337
0 0.7268880208333333 0.3935546875 0.02278645833333337 0.01497395833333337
0 0.8193359375 0.2060546875 0.017578125 0.022786458333333315
0 0.59375 0.11165364583333334 0.01953125 0.011067708333333329
0 0.677734375 0.050455729166666664 0.015625 0.021484375
0 0.3512369791666667 0.5947265625 0.025390625 0.013671875
0 0.345703125 0.6171875 0.0234375 0.015625
0 0.36165364583333337 0.5400390625 0.020182291666666685 0.025390625
0 0.720703125 0.5843098958333333 0.02083333333333326 0.01106770833333337
0 0.7985026041666666 0.5631510416666667 0.021484375 0.01432291666666663
0 0.4091113683127572 0.5521797839506173 0.024112654320987637 0.017682613168724326
0 0.4931037808641975 0.3363715277777778 0.015271347736625529 0.01848636831275724
0 0.6739486882716048 0.16718106995884774 0.016878858024691357 0.011252572016460904
