0 0.005974264705882388 0.11224724264705885 0.010770909926470588 0.01077090992647059
0 0.019617417279411797 0.14815027573529413 0.0251321231617647 0.01507927389705882
0 0.029670266544117682 0.10004021139705885 0.02513212316176471 0.01507927389705882
0 0.04726275275735297 0.13845645680147062 0.02728630514705882 0.01866957720588236
0 0.07813936121323532 0.12876263786764708 0.02154181985294118 0.013643152573529424
0 0.08388384650735298 0.08496093750000003 0.024414062499999986 0.01507927389705882
0 0.10793887867647062 0.07419002757352944 0.020823759191176475 0.01364315257352941
0 0.1072208180147059 0.11906881893382357 0.028004365808823525 0.011488970588235295
0 0.14096966911764708 0.10829790900735298 0.02369600183823528 0.015797334558823525
0 0.13127585018382354 0.06521426930147062 0.021541819852941166 0.011488970588235288
0 0.19015682444852944 0.046544692095588265 0.02154181985294118 0.015797334558823525
0 0.16502470128676472 0.09932215073529414 0.02154181985294118 0.01507927389705882
0 0.21421185661764708 0.036132812500000035 0.02082375919117646 0.013643152573529414
0 0.2292911305147059 0.05911075367647062 0.0222598805147059 0.01651539522058823
0 0.24616555606617652 0.15030445772058826 0.012925091911764747 0.0222598805147059
0 0.2544232536764706 0.17794979319852944 0.016515395220588286 0.02154181985294118
0 0.2723747702205883 0.01638614430147062 0.0265682444852941 0.015797334558823525
0 0.30002010569852944 0.008846507352941211 0.022977941176470562 0.012207031249999998
0 0.31402228860294124 0.047980813419117675 0.0222598805147059 0.012925091911764705
0 0.34884823069852944 0.03541475183823533 0.022977941176470562 0.013643152573529414
0 0.3743393841911765 0.028593175551470625 0.01938763786764708 0.014361213235294119
0 0.2935575597426471 0.10973403033088239 0.011488970588235281 0.017233455882352935
0 0.30899586397058826 0.11045209099264708 0.01795151654411764 0.018669577205882346
0 0.3237161075367647 0.10183536305147062 0.022977941176470618 0.02585018382352941
0 0.3287425321691177 0.08639705882352944 0.020105698529411797 0.01507927389705882
0 0.3441808363970589 0.07921645220588239 0.02513212316176472 0.019387637867647065
0 0.3639275045955883 0.07095875459558826 0.02728630514705882 0.018669577205882353
0 0.3815199908088236 0.06413717830882357 0.02082375919117646 0.016515395220588237
0 0.3797248391544118 0.04690372242647062 0.02728630514705882 0.01507927389705882
0 0.3316147748161765 0.1309168198529412 0.01866957720588236 0.020823759191176475
0 0.3448988970588236 0.12624942555147062 0.0222598805147059 0.01579733455882354
0 0.3571059283088236 0.1201459099264706 0.017951516544117696 0.01938763786764705
0 0.3703900505514707 0.11440142463235296 0.01579733455882354 0.01795151654411764
0 0.38546932444852944 0.10829790900735298 0.01723345588235292 0.015797334558823525
0 0.4009076286764706 0.10470760569852944 0.02369600183823528 0.02010569852941177
0 0.42603975183823534 0.09537281709558826 0.02369600183823528 0.017233455882352935
0 0.4418370863970589 0.09070542279411767 0.0222598805147059 0.017951516544117654
0 0.46337890625 0.08352481617647062 0.017951516544117696 0.01938763786764705
0 0.4780991498161765 0.07921645220588239 0.01723345588235292 0.01507927389705882
0 0.4931784237132353 0.0745490579044118 0.01866957720588225 0.015797334558823525
0 0.4368106617647059 0.006692325367647094 0.02513212316176472 0.01220703125
0 0.4357335707720589 0.03505572150735297 0.014361213235294101 0.021541819852941176
0 0.4565573299632353 0.02859317555147062 0.014361213235294101 0.020105698529411763
0 0.47774011948529416 0.018899356617647092 0.01795151654411764 0.01651539522058823
0 0.5219008501838235 0.06521426930147062 0.0244140625 0.02010569852941177
0 0.5341078814338235 0.05982881433823532 0.021541819852941124 0.01938763786764705
0 0.3746984145220589 0.1513815487132353 0.011488970588235281 0.01866957720588236
0 0.3869054457720589 0.14886833639705885 0.00861672794117646 0.02082375919117646
0 0.4030618106617647 0.14420094209558826 0.010770909926470618 0.022977941176470562
0 0.4163459329044118 0.13594324448529416 0.011488970588235281 0.023696001838235295
0 0.4267578125 0.1341480928308824 0.010770909926470618 0.01866957720588236
0 0.4429141773897059 0.12624942555147062 0.012925091911764719 0.02154181985294118
0 0.46912339154411764 0.11978687959558826 0.010770909926470618 0.02154181985294118
0 0.4834846047794118 0.11511948529411767 0.010770909926470562 0.022259880514705885
0 0.49425551470588236 0.11188821231617649 0.00933478860294118 0.020105698529411756
0 0.5100528492647058 0.10614372702205885 0.01220703125 0.02297794117647059
0 0.5222598805147058 0.10363051470588239 0.010770909926470562 0.022259880514705885
0 0.5373391544117647 0.09680893841911767 0.01220703125 0.024414062499999986
0 0.549905215992647 0.09357766544117649 0.010052849264705954 0.020823759191176475
0 0.5613941865808824 0.09321863511029414 0.011488970588235281 0.02154181985294118
0 0.38367417279411764 0.17615464154411767 0.02082375919117646 0.02082375919117646
0 0.3980353860294118 0.17148724724264708 0.01795151654411764 0.01723345588235292
0 0.4382467830882353 0.1560489430147059 0.0222598805147059 0.02082375919117646
0 0.45081284466911764 0.1499454273897059 0.020105698529411742 0.01723345588235295
0 0.4623018152573529 0.14635512408088236 0.01579733455882354 0.01579733455882351
0 0.4773810891544118 0.14276482077205885 0.020105698529411797 0.01866957720588236
0 0.49353745404411764 0.13809742647058826 0.020823759191176405 0.02082375919117646
0 0.5053854549632353 0.13343003216911767 0.022977941176470562 0.018669577205882346
0 0.5204647288602942 0.1294806985294118 0.01723345588235292 0.017951516544117654
0 0.5348259420955882 0.12517233455882357 0.021541819852941124 0.020823759191176475
0 0.5477510340073529 0.12158203125000003 0.022977941176470562 0.02082375919117646
0 0.5581629136029411 0.11619657628676473 0.01795151654411764 0.01723345588235295
0 0.5714470358455882 0.11476045496323532 0.017233455882353033 0.01866957720588236
0 0.6016055836397058 0.17292336856617652 0.017233455882353033 0.02297794117647059
0 0.5901166130514706 0.17866785386029416 0.012925091911764719 0.02297794117647059
0 0.5786276424632353 0.18333524816176472 0.014361213235294157 0.02369600183823528
0 0.5664206112132353 0.18548943014705885 0.011488970588235281 0.0222598805147059
0 0.5506232766544117 0.18333524816176472 0.012925091911764719 0.02225988051470587
0 0.5323127297794117 0.1905158547794118 0.01938763786764708 0.02944048713235295
0 0.5204647288602942 0.19841452205882354 0.01723345588235292 0.02513212316176469
0 0.5086167279411764 0.20164579503676472 0.01220703125 0.02010569852941177
0 0.4992819393382353 0.20774931066176472 0.016515395220588147 0.02369600183823528
0 0.4867158777573529 0.21313476562500003 0.01579733455882354 0.0244140625
0 0.4368106617647059 0.19087488511029416 0.02369600183823528 0.014361213235294129
0 0.40988338694852944 0.2002096737132353 0.02154181985294118 0.014361213235294101
0 0.3822380514705883 0.2088264016544118 0.0222598805147059 0.012925091911764691
0 0.3786477481617647 0.5919117647058822 0.02082375919117646 0.022259880514705954
0 0.26124482996323534 0.5359030330882353 0.01723345588235292 0.02369600183823528
0 0.2802734375 0.5143612132352942 0.01507927389705882 0.01795151654411764
0 0.5337488511029411 0.015309053308823563 0.01220703125 0.022259880514705878
0 0.5312356387867647 0.036132812500000035 0.01723345588235292 0.015079273897058824
0 0.60986328125 0.05516142003676473 0.010770909926470562 0.024414062499999993
0 0.6235064338235293 0.054084329044117675 0.01220703125 0.026568244485294115
0 0.6360724954044117 0.0501349954044118 0.014361213235294046 0.0244140625
0 0.6540240119485293 0.041877297794117675 0.011488970588235281 0.0251321231617647
0 0.6676671645220588 0.03720990349264709 0.014361213235294157 0.025850183823529414
0 0.6759248621323528 0.13953354779411767 0.01938763786764708 0.01938763786764708
0 0.6583323759191175 0.14455997242647062 0.01866957720588236 0.01795151654411764
0 0.708596622242647 0.04690372242647062 0.025850183823529327 0.01364315257352941
0 0.7064424402573529 0.03218347886029415 0.021541819852941124 0.010052849264705885
0 0.701416015625 0.020694508272058855 0.021541819852941235 0.01723345588235294
0 0.697466681985294 0.0056152343750000356 0.02369600183823528 0.010052849264705883
0 0.752398322610294 0.06162396599264709 0.014361213235294157 0.025850183823529417
0 0.7660414751838235 0.06162396599264709 0.015797334558823595 0.02010569852941177
0 0.7789665670955882 0.05587948069852944 0.014361213235294157 0.021541819852941173
0 0.7911735983455882 0.05157111672794121 0.015797334558823595 0.02297794117647059
0 0.8536448759191175 0.25801355698529416 0.010052849264705954 0.025132123161764747
0 0.8996007582720588 0.0569565716911765 0.022977941176470562 0.019387637867647058
0 0.697466681985294 0.25621840533088236 0.015079273897058876 0.024414062500000056
0 0.49353745404411764 0.2748879825367647 0.029440487132352866 0.012925091911764663
0 0.0325425091911765 0.02931123621323533 0.016515395220588234 0.027286305147058824
