0 0.5014722047738693 0.7105252826633166 0.021592336683417035 0.025518216080402056
0 0.3591590766331658 0.9347911432160804 0.023555276381909573 0.022573806532663276
0 0.8229035804020101 0.8037649183417085 0.022573806532663276 0.019629396984924607
0 0.7865891959798994 0.7782467022613065 0.02453674623115576 0.019629396984924607
0 0.6820626570351759 0.690895885678392 0.023555276381909573 0.023555276381909462
0 0.7561636306532663 0.835662688442211 0.020610866834170904 0.022573806532663276
0 0.7792281721105527 0.8587272298994975 0.023555276381909573 0.02159233668341709
0 0.7988575690954773 0.32480763190954776 0.013740577889447159 0.023555276381909518
0 0.7694134736180904 0.11035646984924624 0.023555276381909573 0.020610866834170863
0 0.7654875942211055 0.24776224874371855 0.02159233668341709 0.01668498743718591
0 0.6248816287878787 0.4991122159090909 0.011837121212121215 0.013612689393939337
0 0.7473958333333333 0.018229166666666647 0.01057942708333337 0.01708984375
