0 0.2540802125506073 0.08881578947368425 0.018186993927125444 0.0181869939271255
0 0.34461981275303644 0.1465397267206478 0.017396255060728727 0.015024038461538464
0 0.39364562246963564 0.007369686234817853 0.01581477732793518 0.011861082995951417
0 0.3738771508097166 0.29203567813765186 0.017396255060728782 0.018186993927125472
0 0.13942307692307696 0.016858552631578982 0.021349949392712564 0.010279605263157892
0 0.4561139929149797 0.19398405870445345 0.017396255060728727 0.011861082995951427
0 0.46441675101214575 0.3090365637651822 0.016605516194331982 0.02214068825910931
0 0.4711380313765182 0.6435191042510122 0.015814777327935237 0.02055921052631582
0 0.3311772520242915 0.647472798582996 0.015814777327935237 0.02214068825910931
0 0.1283527327935223 0.4525556680161943 0.02134994939271255 0.018186993927125472
0 0.13388790485829963 0.7225929908906883 0.013442560728744946 0.0237221659919028
0 0.12360829959514173 0.7475012651821862 0.015024038461538464 0.022931427125506
0 0.4323918269230769 0.7858521002024292 0.011070344129554655 0.0253036437246964
0 0.4533464068825911 0.8107603744939271 0.013442560728744946 0.0245129048582996
0 0.4316010880566802 0.9594192813765182 0.01423329959514169 0.02609438259109309
0 0.558119306680162 0.9171147520242915 0.011070344129554655 0.02214068825910931
0 0.7494781123481782 0.7894104251012146 0.02214068825910931 0.011861082995951455
0 0.594493294534413 0.8234121963562753 0.012651821862348145 0.018186993927125528
0 0.9360924848178138 0.48734817813765186 0.0253036437246964 0.016605516194331982
0 0.5525841346153846 0.5561424595141701 0.017396255060728838 0.01976847165991913
0 0.7917826417004048 0.6648690536437247 0.019768471659919018 0.02214068825910931
0 0.6719857034412955 0.011323380566801657 0.02055921052631582 0.018186993927125503
0 0.9890719888663968 0.5462582236842106 0.014233299595141635 0.02055921052631582
