0 0.2530403325123152 0.014913023399014777 0.021166871921182245 0.010583435960591131
0 0.30018472906403937 0.0683112684729064 0.01346982758620685 0.023091133004926108
0 0.5383120381773399 0.2463054187192118 0.014431958128078848 0.021166871921182273
0 0.3506965825123153 0.3757119766009852 0.02597752463054187 0.016356219211822676
0 0.16115686576354676 0.5474522783251231 0.018280480295566476 0.023091133004926157
0 0.35646936576354676 0.46374692118226596 0.024053263546798043 0.015394088669950734
0 0.21166871921182262 0.6061422413793103 0.019242610837438417 0.021166871921182273
0 0.22561961206896547 0.609509698275862 0.016356219211822648 0.018280480295566504
0 0.23475985221674872 0.6508813115763545 0.025015394088669957 0.01635621921182262
0 0.43392087438423643 0.7341056034482758 0.013469827586206906 0.023091133004926157
0 0.41900785098522164 0.7379541256157635 0.016356219211822676 0.021166871921182162
0 0.4786599445812807 0.8216594827586206 0.022129002463054215 0.013469827586206962
0 0.4935729679802955 0.8457127463054186 0.02116687192118233 0.01346982758620685
0 0.18809652093596058 0.8471559421182264 0.022129002463054187 0.01635621921182262
0 0.060133158866995065 0.8976677955665023 0.02020474137931034 0.017318349753694617
0 0.3386699507389162 0.9039216440886698 0.02501539408866993 0.018280480295566504
0 0.3218326662561576 0.9347098214285714 0.024053263546798043 0.01635621921182262
0 0.8423452894088669 0.9707897167487683 0.012507697044334964 0.023091133004926157
0 0.8437884852216748 0.9467364532019703 0.02501539408867004 0.01924261083743839
0 0.6917718596059113 0.8072275246305418 0.01346982758620685 0.021166871921182273
0 0.8813115763546797 0.7432458435960589 0.02501539408866993 0.01635621921182262
0 0.8567772475369457 0.7716286945812807 0.020204741379310276 0.011545566502463078
0 0.8577393780788176 0.7841363916256157 0.01635621921182273 0.015394088669950734
0 0.9096944273399014 0.7571967364532018 0.02212900246305427 0.01346982758620685
0 0.7355487992610836 0.9356719519704433 0.020204741379310387 0.0279017857142857
0 0.8216594827586206 0.6787830972906403 0.01924261083743839 0.012507697044334964
0 0.9707897167487683 0.7148629926108374 0.017318349753694617 0.026939655172413812
0 0.9861838054187191 0.7586399322660098 0.017318349753694617 0.024053263546798043
0 0.9106565578817734 0.2693965517241379 0.02212900246305416 0.01346982758620685
0 0.8447506157635467 0.3636853448275862 0.009621305418719195 0.0230911330049261
0 0.8688038793103448 0.17270243226600984 0.023091133004926157 0.018280480295566504
0 0.6677185960591132 0.11882312192118225 0.021166871921182273 0.016356219211822662
0 0.43825046182266003 0.9481796490147782 0.02020474137931033 0.018280480295566504
