0 0.40898535894206545 0.15783414672544083 0.029026290931989884 0.032470088161209054
0 0.4313700409319899 0.18317065491183881 0.015743073047858935 0.019186870277078105
0 0.4527707808564232 0.1536523929471033 0.022138696473551656 0.021154754408060444
0 0.3723335170025189 0.06977133186397987 0.022630667506297275 0.02853431989924432
0 0.3386335012594458 0.07198520151133503 0.02017081234256929 0.02804234886649873
0 0.3647079659949622 0.10297937657430731 0.02312263853904284 0.030994175062972293
0 0.16767356738035266 0.7649264011335013 0.032470088161209054 0.02558249370277077
0 0.843641766372796 0.9575330604534005 0.020662783375314908 0.026074464735516445
0 0.9051381454659949 0.9558111618387909 0.030502204030226743 0.03148614609571787
0 0.8707001731738035 0.894314782745592 0.027550377833753248 0.029518261964735504
0 0.8547111146095718 0.8672563759445844 0.025090522670025206 0.024598551637279642
0 0.8077278809823677 0.7836213003778337 0.023614609571788403 0.027550377833753137
0 0.7211409792191434 0.6370139326196473 0.021646725440806036 0.028534319899244265
