1 0.4167306082589286 0.1634347098214286 0.020926339285714246 0.051443917410714274
0 0.4228341238839286 0.20136369977678575 0.01395089285714285 0.019182477678571425
0 0.28515625 0.17655066287878793 0.018939393939393978 0.013612689393939392
0 0.08570075757575761 0.26740056818181823 0.021306818181818177 0.018939393939393923
0 0.10256865530303033 0.2709517045454546 0.01479640151515152 0.016571969696969724
0 0.27272727272727276 0.37659801136363635 0.022490530303030276 0.017163825757575746
0 0.18661221590909094 0.44554924242424243 0.01953125 0.020123106060606077
0 0.04900568181818185 0.41595643939393945 0.018939393939393936 0.021306818181818177
0 0.04782196969696973 0.45413115530303033 0.024857954545454544 0.02426609848484851
0 0.31770833333333337 0.6009114583333333 0.020123106060606077 0.01953125
0 0.016749526515151554 0.8305516098484848 0.01716382575757576 0.018347537878787845
0 0.10937500000000003 0.9844341856060606 0.022490530303030304 0.025449810606060552
0 0.304391571969697 0.16737689393939398 0.0183475378787879 0.013020833333333315
0 0.39820075757575757 0.0738636363636364 0.015388257575757625 0.02485795454545455
0 0.6337594696969696 0.2342566287878788 0.024857954545454586 0.021306818181818177
0 0.6598011363636364 0.2203480113636364 0.02367424242424243 0.021898674242424226
0 0.6636482007575757 0.19549005681818188 0.024266098484848397 0.018347537878787873
0 0.7420691287878787 0.17418323863636367 0.024857954545454475 0.0183475378787879
0 0.47632575757575757 0.13127367424242428 0.015388257575757569 0.02249053030303033
0 0.4852035984848485 0.1422230113636364 0.015388257575757569 0.021898674242424254
0 0.8175307765151514 0.32658617424242425 0.0218986742424242 0.011837121212121215
0 0.9069010416666666 0.3425662878787879 0.01953125 0.02604166666666663
0 0.9743726325757575 0.8459398674242424 0.018347537878787845 0.023082386363636354
0 0.939749053030303 0.9870975378787878 0.022490530303030276 0.021306818181818232
0 0.8891453598484848 0.949810606060606 0.020714962121212155 0.01775568181818188
0 0.4050071022727273 0.9761482007575757 0.020714962121212155 0.01716382575757569
0 0.40287642045454547 0.9916844223484849 0.02237215909090906 0.012724905303030387
