0 0.45427161069651734 0.3090018656716418 0.020405783582089554 0.015547263681592038
0 0.49751243781094523 0.5383240049751243 0.019434079601990062 0.017490671641791078
0 0.490224657960199 0.5844799440298507 0.01651896766169153 0.022349191542288538
0 0.5164606654228856 0.6680464863184079 0.01846237562189057 0.022349191542288538
0 0.5150031094527363 0.7793065920398009 0.021377487562189046 0.025264303482587014
0 0.5470693407960199 0.8546136504975124 0.02332089552238803 0.03206623134328357
0 0.8176888992537312 0.979963463930348 0.024292599502487522 0.01846237562189057
0 0.8249766791044775 0.9901663557213929 0.02332089552238814 0.013603855721392999
0 0.687480565920398 0.6495841106965173 0.024292599502487522 0.014575559701492491
0 0.929434856965174 0.41248833955223874 0.016518967661691475 0.018462375621890514
0 0.5728194962686566 0.42657804726368154 0.022349191542288538 0.017490671641791078
0 0.6325792910447761 0.281308302238806 0.017490671641791078 0.02623600746268656
0 0.8694282945736433 0.1597171753875969 0.014383478682170492 0.02119670542635657
0 0.9387788318452381 0.8998325892857144 0.012788318452380931 0.0209263392857143
