0 0.19205729166666669 0.8298068576388888 0.028211805555555552 0.0146484375
0 0.2916124131944444 0.9307183159722222 0.01898871527777779 0.0244140625
0 0.5950766509433962 0.05815153301886791 0.017688679245283057 0.024321933962264154
0 0.6177402712264151 0.10808520047169812 0.016583136792452824 0.026164504716981132
0 0.6311910377358491 0.1370135613207547 0.015477594339622591 0.023584905660377353
0 0.6717275943396226 0.22748378537735847 0.016214622641509524 0.023953419811320764
0 0.6144236438679245 0.19155365566037735 0.014372051886792359 0.027270047169811323
0 0.6006043632075471 0.2035303655660377 0.014003537735849059 0.022479363207547176
0 0.585495283018868 0.20776827830188677 0.013266509433962237 0.02284787735849056
0 0.6568027712264151 0.0983195754716981 0.017320165094339646 0.025795990566037735
0 0.6531176297169812 0.04341096698113206 0.015846108490566002 0.02874410377358491
0 0.6157502948113207 0.011755601415094331 0.02056308962264153 0.023511202830188663
0 0.5773879716981132 0.018904775943396207 0.020636792452830233 0.02616450471698113
0 0.6807579627403846 0.36587915665064097 0.016902043269230727 0.01752804487179488
