0 0.24973114878542513 0.09870002530364376 0.012651821862348173 0.025303643724696345
0 0.24459134615384615 0.125980516194332 0.015024038461538408 0.02134994939271255
0 0.3430383350202429 0.25882464574898784 0.015814777327935237 0.015024038461538436
0 0.2358932186234818 0.03504554655870449 0.019768471659919018 0.02451290485829959
0 0.3853428643724696 0.14495824898785428 0.013442560728744946 0.0245129048582996
0 0.3501549848178137 0.27226720647773284 0.025303643724696345 0.016605516194331982
0 0.5952840334008098 0.5846090587044535 0.015814777327935237 0.019768471659919018
0 0.19951923076923078 0.6953125 0.019768471659919046 0.011861082995951344
0 0.15128415991902838 0.7099411690283401 0.022931427125506082 0.012651821862348256
0 0.12400366902834012 0.7225929908906883 0.028466599190283395 0.014233299595141746
0 0.06193066801619437 0.5743294534412955 0.01502403846153847 0.019768471659919018
0 0.041766826923076955 0.558119306680162 0.015814777327935223 0.02214068825910931
0 0.23035804655870448 0.7257559463562753 0.0245129048582996 0.015814777327935237
0 0.25684779858299595 0.7190346659919029 0.02372216599190277 0.015024038461538436
0 0.2841282894736842 0.7083596912955465 0.0245129048582996 0.015814777327935237
0 0.3118041497975709 0.6988708248987854 0.026094382591093146 0.015814777327935237
0 0.33829390182186236 0.692149544534413 0.023722165991902855 0.015024038461538436
0 0.15721470141700408 0.7937594888663968 0.023722165991902855 0.014233299595141746
0 0.16393598178137656 0.8072020495951417 0.021349949392712564 0.015814777327935237
0 0.13626012145748992 0.8147140688259109 0.0245129048582996 0.015024038461538436
0 0.06944268724696359 0.8372501265182186 0.02530364372469636 0.012651821862348145
0 0.2465681933198381 0.8783685475708503 0.012651821862348173 0.02688512145748978
0 0.7435475708502024 0.8475297317813766 0.015024038461538436 0.02055921052631582
0 0.7312911184210527 0.8799500253036436 0.017396255060728727 0.0237221659919028
0 0.7471058957489878 0.8791592864372471 0.015814777327935237 0.0237221659919028
0 0.8447621457489878 0.8645306174089069 0.02767586032388658 0.02609438259109309
0 0.9005092358299596 0.9432091346153846 0.012651821862348256 0.0237221659919028
0 0.9657451923076923 0.9491396761133604 0.013442560728744946 0.019768471659919018
0 0.9922349443319838 0.8609722925101215 0.011070344129554655 0.015814777327935237
0 0.8787639170040487 0.5960747722672065 0.022931427125506 0.012651821862348145
0 0.9732572115384615 0.5304434463562754 0.0237221659919028 0.02214068825910931
0 0.9827460779352226 0.6700088562753037 0.0237221659919028 0.02134994939271262
