0 0.1669224330357143 0.01607840401785719 0.01656668526785715 0.021798270089285712
0 0.4520438058035714 0.2911725725446429 0.014822823660714246 0.02267020089285715
0 0.4594552176339286 0.26893833705357145 0.01395089285714285 0.0217982700892857
0 0.47689383370535715 0.2641427176339286 0.01220703125 0.0209263392857143
0 0.06316266741071433 0.15340750558035715 0.01656668526785715 0.022670200892857123
0 0.1329171316964286 0.32430594308035715 0.0217982700892857 0.017438616071428603
0 0.7110072544642858 0.1451241629464286 0.020054408482142905 0.011335100446428575
0 0.7476283482142858 0.2615269252232143 0.020054408482142905 0.01220703125
0 0.7493722098214286 0.2824532645089286 0.025285993303571397 0.01220703125
0 0.9778180803571428 0.026977539062500045 0.013078962053571508 0.02964564732142857
0 0.9189627511160714 0.1455601283482143 0.017438616071428492 0.027901785714285726
0 0.8688267299107143 0.347412109375 0.01482282366071419 0.025285993303571397
0 0.9929460797991072 0.21527099609375 0.010201590401785698 0.022583007812499972
0 0.9865373883928571 0.22970145089285715 0.018310546875 0.02005440848214285
0 0.9769461495535714 0.24103655133928575 0.0217982700892857 0.018310546875000028
0 0.9765101841517857 0.2623988560267857 0.019182477678571397 0.017438616071428548
0 0.8104073660714286 0.5170026506696429 0.016566685267857206 0.026157924107142794
0 0.6896449497767858 0.6089913504464286 0.022670200892857095 0.01482282366071419
0 0.6822335379464286 0.6211983816964286 0.020054408482142794 0.01482282366071419
0 0.7432686941964286 0.6512799944196429 0.0217982700892857 0.026157924107142794
0 0.6961844308035714 0.7428327287946428 0.016566685267857095 0.0209263392857143
0 0.6608712332589286 0.8038678850446429 0.017438616071428603 0.019182477678571397
0 0.3958042689732143 0.9786900111607143 0.0209263392857143 0.020054408482142794
0 0.4699183872767857 0.4808175223214286 0.0209263392857143 0.013078962053571452
