0 0.3367456896551724 0.08033790024630541 0.01924261083743839 0.022129002463054187
0 0.08466748768472905 0.3521397783251231 0.0230911330049261 0.015394088669950734
0 0.11112607758620688 0.35598830049261077 0.02405326354679803 0.013469827586206906
0 0.09236453201970442 0.37138238916256155 0.0230911330049261 0.015394088669950734
0 0.06542487684729063 0.3853332820197044 0.02501539408866995 0.014431958128078792
0 0.146243842364532 0.389662869458128 0.015394088669950734 0.019242610837438445
0 0.11497459975369456 0.4065001539408867 0.02405326354679803 0.01250769704433502
0 0.1751077586206896 0.4108297413793103 0.01154556650246305 0.019242610837438445
0 0.19338823891625612 0.4065001539408867 0.013469827586206878 0.022129002463054215
0 0.4228563731527093 0.2463054187192118 0.014431958128078848 0.019242610837438417
0 0.5532250615763546 0.012988762315270934 0.01924261083743839 0.022129002463054184
0 0.6917718596059113 0.052917179802955655 0.01924261083743839 0.0134698275862069
0 0.7143819273399014 0.06398168103448275 0.024053263546798043 0.018280480295566497
0 0.6157635467980295 0.1573083435960591 0.023091133004926157 0.018280480295566476
0 0.6393357450738915 0.17029710591133002 0.02212900246305416 0.015394088669950762
0 0.7153440578817734 0.11930418719211822 0.018280480295566504 0.021166871921182273
0 0.8567772475369457 0.08033790024630541 0.024053263546798043 0.018280480295566504
0 0.7653748460591132 0.2780557266009852 0.02212900246305427 0.025015394088669984
0 0.816367764778325 0.2987415332512315 0.014431958128078848 0.018280480295566504
0 0.9573198891625614 0.28815809729064035 0.017318349753694506 0.02212900246305416
0 0.7167872536945812 0.6013315886699506 0.0269396551724137 0.017318349753694506
0 0.5671759544334976 0.5075238608374384 0.01635621921182262 0.024053263546798043
0 0.5844943041871921 0.49549722906403937 0.020204741379310276 0.017318349753694617
0 0.8264701354679802 0.5570735837438423 0.02501539408866993 0.01924261083743839
0 0.696101447044335 0.9698275862068965 0.025977524630541926 0.01924261083743839
0 0.5662138238916256 0.8380157019704433 0.025977524630541815 0.015394088669950734
0 0.561884236453202 0.8553340517241379 0.023091133004926045 0.021166871921182273
0 0.5691002155172413 0.6686807266009851 0.029826046798029582 0.017318349753694506
0 0.511853448275862 0.706684883004926 0.02501539408866993 0.012507697044334964
0 0.5161830357142856 0.7350677339901477 0.0279017857142857 0.01346982758620685
0 0.462784790640394 0.8991109913793103 0.021166871921182273 0.02212900246305416
0 0.48972444581280783 0.9169104064039408 0.021166871921182218 0.023091133004926045
0 0.030788177339901475 0.8909328817733989 0.021166871921182263 0.01924261083743839
0 0.134217210591133 0.8081896551724137 0.022129002463054187 0.01924261083743839
0 0.1542794363839286 0.8256661551339286 0.015694754464285726 0.0209263392857143
0 0.1695382254464286 0.8047398158482143 0.02005440848214285 0.022670200892857206
0 0.18000139508928573 0.7903529575892858 0.018310546875 0.020054408482142905
0 0.2126988002232143 0.7498081752232144 0.0156947544642857 0.0156947544642857
0 0.2283935546875 0.7245221819196428 0.020926339285714274 0.0209263392857143
0 0.3062102754237288 0.6773867849576272 0.019862288135593265 0.01737950211864403
0 0.23660982572115385 0.5821627103365385 0.02253605769230768 0.020658052884615308
0 0.3985460069444444 0.14952256944444448 0.01844618055555558 0.021701388888888867
0 0.044813368055555566 0.0480685763888889 0.02061631944444444 0.018446180555555552
