0 0.14298140182186236 0.0552093876518219 0.02055921052631579 0.017396255060728755
0 0.12637588562753038 0.13349253542510126 0.012651821862348173 0.02214068825910931
0 0.1469350961538462 0.1406091852226721 0.017396255060728755 0.023722165991902855
0 0.3754586285425101 0.1670989372469636 0.0253036437246964 0.022931427125506054
0 0.4454390182186234 0.12598051619433204 0.022931427125506054 0.022931427125506082
0 0.38731971153846156 0.11095647773279355 0.025303643724696345 0.02134994939271255
0 0.36478365384615385 0.10186298076923081 0.018186993927125472 0.028466599190283395
0 0.3715049342105263 0.27898848684210525 0.028466599190283437 0.02055921052631582
0 0.681869939271255 0.14812120445344135 0.013442560728744946 0.019768471659919046
0 0.6972893471659919 0.15405174595141705 0.012651821862348145 0.02214068825910931
0 0.59765625 0.2975708502024291 0.02214068825910931 0.01027960526315791
0 0.7811076670040487 0.28373292004048584 0.02846659919028338 0.011070344129554655
0 0.784665991902834 0.09751391700404863 0.011861082995951344 0.02134994939271255
0 0.7925733805668016 0.26989498987854255 0.0245129048582996 0.0118610829959514
0 0.8538556427125507 0.32050227732793524 0.02214068825910931 0.018186993927125472
0 0.9273943572874495 0.3363170546558705 0.011070344129554655 0.022931427125506054
0 0.9408369180161944 0.34224759615384615 0.012651821862348256 0.02214068825910931
0 0.7902011639676114 0.31654858299595146 0.016605516194332037 0.021349949392712564
0 0.8340871710526316 0.35015498481781376 0.014233299595141635 0.02214068825910931
0 0.21572937753036442 0.49881389170040485 0.01581477732793521 0.015814777327935237
0 0.2655459261133603 0.5731433451417004 0.015814777327935237 0.017396255060728727
0 0.2726625759109312 0.6103080718623481 0.02214068825910931 0.017396255060728838
0 0.5668174342105263 0.6387746710526316 0.015814777327935237 0.015814777327935237
0 0.6660551619433199 0.5964701417004048 0.019768471659919018 0.019768471659919018
0 0.4770685728744939 0.6913588056680162 0.018186993927125472 0.011861082995951344
0 0.4928833502024291 0.7020337803643725 0.018186993927125528 0.014233299595141746
0 0.8570185981781377 0.6704042257085021 0.02055921052631582 0.018977732793522217
0 0.9206730769230769 0.7925733805668016 0.016605516194332037 0.015024038461538436
0 0.7403846153846154 0.7696419534412956 0.016605516194331926 0.018186993927125528
0 0.6190061993927125 0.7811076670040487 0.018977732793522217 0.012651821862348256
0 0.7909919028340081 0.8550417510121457 0.016605516194331926 0.018186993927125528
0 0.8072020495951417 0.910393471659919 0.0237221659919028 0.016605516194331926
0 0.48932502530364375 0.7882243168016194 0.020559210526315763 0.012651821862348145
0 0.4580908400809717 0.90525366902834 0.016605516194331982 0.02214068825910931
0 0.26870888157894735 0.7510595900809717 0.018977732793522273 0.017396255060728727
0 0.2560570597165992 0.8870666751012146 0.018977732793522217 0.02055921052631582
0 0.2833375506072875 0.8728333755060729 0.016605516194331982 0.020559210526315708
