0 0.048775809151785754 0.6351492745535714 0.02790178571428572 0.020054408482142905
0 0.2615269252232143 0.8609793526785714 0.026157924107142877 0.013078962053571508
0 0.2889927455357143 0.8557477678571429 0.018310546875 0.013078962053571397
0 0.4394008091517857 0.7955845424107143 0.01395089285714285 0.02702985491071419
0 0.16561453683035718 0.9547119140625 0.01220703125 0.02092633928571419
0 0.04136439732142862 0.9268101283482143 0.021798270089285716 0.017438616071428603
0 0.2784511021205357 0.9912022181919643 0.025129045758928548 0.013689313616071397
0 0.2214181082589286 0.7838134765625 0.010463169642857123 0.019182477678571397
1 0.7620152064732143 0.5597272600446429 0.0435965401785714 0.02790178571428581
0 0.6094273158482143 0.652587890625 0.013950892857142794 0.025285993303571397
0 0.5741141183035714 0.7123151506696429 0.020054408482142905 0.013950892857142794
0 0.9520961216517857 0.7829415457589286 0.019182477678571397 0.019182477678571397
0 0.9568917410714286 0.3709542410714286 0.023542131696428603 0.023542131696428548
0 0.8156389508928572 0.40321568080357145 0.0217982700892857 0.018310546875
0 0.18654087611607145 0.6072474888392858 0.01220703125 0.023542131696428492
0 0.9758625361271677 0.8522398843930636 0.01919255780346818 0.03386921965317924
