0 0.14677675898203593 0.02397548652694611 0.022221182634730552 0.01988211077844311
0 0.2830847537878788 0.26947206439393945 0.01598011363636359 0.021898674242424254
0 0.27124763257575757 0.2759824810606061 0.0183475378787879 0.01953125
0 0.5942290683962264 0.2539676690251572 0.01781151729559749 0.023953419811320736
0 0.5813310731132075 0.1286728577044025 0.016583136792452824 0.02026827830188678
0 0.5438654677672956 0.06663964229559749 0.016583136792452824 0.025181800314465416
0 0.6144973466981132 0.08045892295597484 0.028866941823899372 0.017197327044025157
0 0.7336502555031446 0.16951650943396224 0.02641018081761015 0.01965408805031446
0 0.7723442413522013 0.16368170204402516 0.016583136792452824 0.01781151729559749
0 0.775722287735849 0.03623722484276729 0.0208824685534591 0.013512185534591197
0 0.8454328812893082 0.1649100825471698 0.01781151729559749 0.023953419811320764
0 0.6375294811320755 0.3350407822327044 0.01474056603773588 0.021496658805031432
0 0.9424749410377358 0.34763168238993714 0.019039897798742156 0.01596894654088049
0 0.8171801297169811 0.6467423349056604 0.01781151729559749 0.025795990566037652
0 0.7864706171383647 0.5945361635220126 0.021496658805031377 0.02088246855345921
0 0.7057045990566038 0.44651631289308175 0.019654088050314433 0.022110849056603765
0 0.9375614190251572 0.6617899960691823 0.020268278301886822 0.015354756289308158
0 0.6789873231132075 0.7545327240566038 0.03009532232704404 0.01166961477987416
0 0.6055915880503144 0.43116155660377353 0.022110849056603765 0.017197327044025157
0 0.5039431014150944 0.31262283805031443 0.022725039308176043 0.017197327044025157
0 0.4594143081761006 0.7499262971698113 0.01596894654088049 0.02948113207547176
0 0.44774469339622636 0.7566823899371069 0.018425707547169823 0.02333922955974843
0 0.4326970322327044 0.7634384827044025 0.01781151729559749 0.019654088050314433
0 0.6108122051886793 0.6504274764150944 0.02395341981132082 0.017197327044025212
0 0.5788743121069182 0.6673177083333333 0.022725039308176154 0.019039897798742156
0 0.5613698899371069 0.9304982311320755 0.019654088050314433 0.02333922955974843
0 0.5484718946540881 0.2895907036163522 0.02333922955974843 0.015354756289308158
0 0.6098909198113207 0.5199120479559749 0.02333922955974843 0.016583136792452824
0 0.43208284198113206 0.6740738011006289 0.015354756289308158 0.020268278301886822
0 0.39431014150943394 0.6964917452830188 0.018425707547169767 0.02088246855345921
0 0.31323702830188677 0.8015182783018868 0.025795990566037763 0.018425707547169767
0 0.27546432783018865 0.7732655267295597 0.027638561320754707 0.015968946540880546
0 0.1590752751572327 0.6307733883647798 0.022110849056603765 0.024567610062893097
