0 0.08909673804780875 0.23538657868525895 0.028791085657370513 0.013228336653386463
0 0.04785545318725099 0.3170910109561753 0.01634088645418326 0.030347360557768932
0 0.29763757470119523 0.6201755478087649 0.016340886454183245 0.01711902390438247
1 0.07158864541832669 0.5077346862549801 0.01711902390438247 0.04591010956175301
1 0.08364977589641434 0.607336279880478 0.017897161354581678 0.039685009960159334
1 0.09143115039840637 0.6979892928286853 0.014784611553784854 0.060694721115537864
0 0.07625747011952191 0.5563682768924303 0.012450199203187254 0.02490039840637459
0 0.08559511952191234 0.6411852589641434 0.014006474103585659 0.023344123505976144
0 0.0758684013944223 0.7026581175298805 0.013228336653386463 0.021787848605577698
0 0.061472858565737046 0.7396196464143425 0.012450199203187247 0.024122260956175312
0 0.04513197211155378 0.7446775398406373 0.014006474103585659 0.02490039840637448
0 0.07742467629482071 0.7435103336653386 0.017897161354581664 0.02879108565737054
0 0.09726718127490039 0.748957295816733 0.01245019920318724 0.024122260956175312
0 0.26262138944223107 0.7341726842629481 0.024122260956175312 0.022565986055776976
0 0.2793513446215139 0.6197864790836654 0.01711902390438247 0.02100971115537853
0 0.36728087649402386 0.5960532868525896 0.021787848605577698 0.01711902390438247
0 0.3202035607569721 0.6711435507968126 0.022565986055776865 0.019453436254980083
0 0.3805092131474103 0.6501338396414342 0.021787848605577698 0.017897161354581637
0 0.4314772161354581 0.6882625747011952 0.017897161354581692 0.017897161354581637
0 0.3416023406374502 0.6158957918326693 0.01867529880478086 0.014784611553784854
0 0.45987923306772904 0.9368774900398406 0.015562749003984022 0.023344123505976144
0 0.5598698954183267 0.7859188247011951 0.01634088645418319 0.02023157370517925
0 0.9551637201195218 0.9139224352589641 0.017897161354581637 0.027234810756972094
0 0.9866782868525895 0.8971924800796811 0.014006474103585687 0.021787848605577698
0 0.9111989541832668 0.8423337898406373 0.020231573705179362 0.027234810756972094
0 0.9621669571713147 0.825214765936255 0.0163408864541833 0.02100971115537853
0 0.8726811503984063 0.7734686254980079 0.019453436254980083 0.02956922310756971
0 0.8964143426294819 0.7384524402390438 0.020231573705179362 0.02490039840637448
0 0.8559511952191234 0.7403977838645417 0.018675298804780915 0.027234810756972094
0 0.8376649651394421 0.7127739043824701 0.017897161354581637 0.01711902390438247
0 0.802648779880478 0.6474103585657369 0.01634088645418319 0.021787848605577698
0 0.858285607569721 0.6423524651394422 0.018675298804780915 0.024122260956175312
0 0.8209350099601593 0.57621078187251 0.015562749003984133 0.02567853585657376
0 0.7590730826693226 0.5754326444223107 0.019453436254980083 0.024122260956175312
0 0.7368961653386454 0.541972734063745 0.01711902390438247 0.022565986055776865
0 0.9563309262948206 0.6645293824701195 0.010893924302788793 0.018675298804780804
0 0.9438807270916334 0.6723107569721115 0.014006474103585687 0.023344123505976144
0 0.9302633217131473 0.6777577191235059 0.019453436254980083 0.02490039840637448
0 0.91781312250996 0.6828156125498007 0.014784611553784854 0.019453436254980083
0 0.9699483316733066 0.689429780876494 0.014784611553784965 0.023344123505976144
0 0.9571090637450198 0.6940986055776892 0.014006474103585687 0.021787848605577698
0 0.946215139442231 0.7030471862549801 0.015562749003984022 0.022565986055776865
0 0.9306523904382469 0.706937873505976 0.01245019920318724 0.02100971115537842
0 0.77152328187251 0.6618059013944222 0.011672061752988072 0.022565986055776865
0 0.7567386703187251 0.6688091384462151 0.013228336653386408 0.02879108565737043
0 0.9049738545816732 0.643519671314741 0.021787848605577698 0.02023157370517925
0 0.9357102838645417 0.6244553037848606 0.02100971115537853 0.017897161354581637
0 0.9602216135458166 0.6139504482071713 0.020231573705179362 0.015562749003984022
0 0.6384617778884462 0.5015095866533864 0.024122260956175312 0.021009711155378474
0 0.5567573456175299 0.5295225348605577 0.022565986055776865 0.02100971115537853
0 0.7438994023904382 0.750902639442231 0.01245019920318724 0.02490039840637448
0 0.9876937562250996 0.733316733067729 0.020706237549800832 0.017741533864541914
0 0.9769515687250996 0.5120144422310756 0.013228336653386408 0.02490039840637448
0 0.7828062749003983 0.2517274651394422 0.012450199203187351 0.024122260956175312
0 0.9349321464143425 0.10271414342629481 0.022565986055776865 0.014006474103585659
0 0.9438807270916334 0.11321899900398405 0.021787848605577698 0.014784611553784854
0 0.7672435258964143 0.33615537848605576 0.020231573705179362 0.014006474103585687
0 0.733394546812749 0.9917361802788844 0.02100971115537853 0.011672061752988072
0 0.5345804282868525 0.9508839641434262 0.021787848605577698 0.015562749003984022
0 0.7166645916334661 0.902250373505976 0.02490039840637448 0.02100971115537842
0 0.4964516932270916 0.5727091633466135 0.021787848605577642 0.018675298804780915
