3 0.5464869619205298 0.2257088162251656 0.1332264072847682 0.14874793046357618
3 0.3938586506622517 0.1623292632450331 0.1358133278145695 0.15650869205298013
3 0.24187706953642385 0.095716059602649 0.1241721854304636 0.13193294701986757
3 0.07191204202586204 0.02560950969827583 0.058088631465517244 0.04966998922413793
1 0.363671875 0.86015625 0.010937499999999989 0.03125
1 0.33740234375 0.9828125 0.0126953125 0.030468750000000044
1 0.79638671875 0.94375 0.015039062500000089 0.024218749999999956
1 0.80947265625 0.9423828125 0.0146484375 0.02382812500000009
1 0.8197265625 0.941015625 0.014453124999999956 0.024609375000000044
1 0.8333984375000001 0.94033203125 0.016015624999999978 0.0244140625
1 0.84443359375 0.93876953125 0.015039062499999978 0.024804687499999978
1 0.8565429687499999 0.93662109375 0.015039062499999978 0.023242187499999956
1 0.84345703125 0.9822265625 0.019335937500000067 0.022656249999999933
1 0.8322265625 0.9842773437500001 0.016406250000000067 0.020898437499999978
1 0.80966796875 0.9857421875 0.0166015625 0.020312499999999956
1 0.86943359375 0.9791015625 0.0185546875 0.022656250000000044
1 0.89130859375 0.9774414062500001 0.0205078125 0.024804687499999978
1 0.9119140625 0.973828125 0.020312500000000067 0.024218750000000067
1 0.9253906249999999 0.97255859375 0.019140625000000022 0.023632812500000044
1 0.93251953125 0.9921875 0.013867187500000044 0.01171875
1 0.95888671875 0.9896484375 0.015820312500000044 0.016796875000000044
1 0.9732421875 0.989453125 0.014453124999999956 0.017187500000000022
1 0.9685546875 0.9673828125 0.018749999999999933 0.022265624999999956
1 0.95654296875 0.9681640625 0.01816406249999991 0.018750000000000044
1 0.93447265625 0.92763671875 0.015820312500000044 0.025585937500000044
1 0.9253906249999999 0.9287109375 0.015234375000000022 0.02499999999999991
1 0.9164062500000001 0.9300781250000001 0.016015624999999978 0.025781249999999978
1 0.8994140625 0.93212890625 0.016796875000000044 0.025195312499999956
1 0.60986328125 0.967578125 0.015039062500000089 0.021093750000000022
1 0.62861328125 0.964453125 0.0146484375 0.024218749999999956
1 0.6365234375 0.9630859375 0.014453125000000067 0.023046875000000022
1 0.6453125 0.96259765625 0.014453125000000067 0.0224609375
1 0.65390625 0.96142578125 0.013671875 0.023632812500000044
1 0.66162109375 0.9611328125 0.014257812499999911 0.022265625000000067
1 0.67158203125 0.95869140625 0.015429687500000067 0.025195312500000067
1 0.67822265625 0.9587890625 0.0126953125 0.021093750000000022
1 0.6939453125 0.95830078125 0.008984375000000044 0.016210937500000022
1 0.70380859375 0.95478515625 0.011523437500000067 0.025976562500000022
1 0.7130859375 0.95380859375 0.014062499999999978 0.025195312500000067
1 0.714453125 0.9931640625 0.012499999999999956 0.009765625
