0 0.03831263950892862 0.06272670200892862 0.013950892857142856 0.026157924107142856
0 0.3809814453125 0.36136300223214285 0.017438616071428603 0.0217982700892857
0 0.5575474330357144 0.3011997767857143 0.020054408482142905 0.011335100446428603
0 0.4790736607142857 0.3530796595982143 0.01656668526785715 0.0209263392857143
0 0.6046316964285714 0.19002859933035715 0.013078962053571508 0.022670200892857123
0 0.6739501953125 0.3177664620535714 0.0209263392857143 0.023542131696428548
0 0.6783098493303572 0.3783656529017857 0.019182477678571397 0.0279017857142857
0 0.6931326729910714 0.08844866071428575 0.022670200892857095 0.014822823660714288
0 0.2340611049107143 0.5505719866071429 0.011335100446428548 0.023542131696428603
0 0.2092110770089286 0.5261579241071429 0.01220703125 0.023542131696428603
0 0.3783656529017857 0.5649588448660715 0.01220703125 0.0244140625
0 0.5295786691542288 0.4163751554726368 0.027207711442785998 0.01651896766169153
0 0.710801461442786 0.43726679104477606 0.020405783582089554 0.02332089552238803
0 0.706313775510204 0.8637595663265305 0.01116071428571419 0.026307397959183687
0 0.7238520408163265 0.8693399234693877 0.012755102040816313 0.0279017857142857
0 0.7338169642857142 0.8777104591836734 0.008769132653061229 0.02072704081632648
0 0.7461734693877551 0.8856823979591837 0.014349489795918324 0.027104591836734637
0 0.7589285714285714 0.9191645408163265 0.02072704081632648 0.014349489795918435
0 0.6050701530612245 0.9064094387755102 0.017538265306122458 0.025510204081632626
0 0.5974968112244897 0.9163743622448979 0.016741071428571397 0.021524234693877542
0 0.589126275510204 0.9327168367346939 0.025510204081632626 0.03188775510204078
0 0.3539540816326531 0.7991868622448979 0.027104591836734693 0.016741071428571397
0 0.24832589285714282 0.8330676020408163 0.02471301020408162 0.014349489795918324
0 0.09526466836734693 0.8916613520408163 0.023118622448979595 0.013552295918367263
0 0.3599330357142857 0.6022799744897959 0.021524234693877542 0.011957908163265252
0 0.3754783163265306 0.6154336734693877 0.02551020408163268 0.012755102040816313
0 0.5074139030612245 0.11479591836734693 0.016741071428571452 0.023915816326530615
0 0.5249521683673469 0.18096301020408162 0.01833545918367352 0.027104591836734693
0 0.8310746173469388 0.25749362244897955 0.018335459183673408 0.019132653061224525
0 0.666454081632653 0.6688456632653061 0.023915816326530615 0.015943877551020447
0 0.6964414739884393 0.3046875 0.024837427745664775 0.013547687861271696
