0 0.19254378434065936 0.16786143543956045 0.01395089285714285 0.020389766483516508
0 0.31005322802197804 0.30844350961538464 0.015024038461538436 0.02253605769230771
0 0.17805631868131871 0.23546960851648352 0.012877747252747235 0.01824347527472528
0 0.13834993131868134 0.26873712225274726 0.017170329670329665 0.016097184065934078
0 0.07825377747252749 0.17054429945054947 0.015024038461538464 0.021462912087912067
0 0.4672690590659341 0.2816148695054945 0.01180460164835162 0.01824347527472525
0 0.4839028159340659 0.28912688873626374 0.012877747252747207 0.01824347527472525
0 0.3524424793956044 0.38892942994505497 0.02253605769230771 0.02682864010989011
0 0.9780863667582418 0.2306404532967033 0.026828640109890167 0.019316620879120866
0 0.7175925925925926 0.44379340277777773 0.02314814814814814 0.01085069444444442
0 0.718677662037037 0.45681423611111105 0.01953125 0.010850694444444475
0 0.714699074074074 0.4683883101851851 0.02748842592592593 0.012297453703703665
0 0.6669560185185185 0.47236689814814814 0.01446759259259256 0.021701388888888895
0 0.5685763888888888 0.550853587962963 0.02170138888888884 0.02242476851851849
0 0.4383680555555555 0.5993200231481481 0.02459490740740744 0.01374421296296291
0 0.5523003472222221 0.06148726851851852 0.01519097222222221 0.02025462962962963
1 0.45717592592592593 0.7150607638888888 0.040509259259259245 0.03544560185185186
0 0.3895399305555555 0.7559317129629629 0.02387152777777779 0.02170138888888884
0 0.7277199074074073 0.9483506944444444 0.01736111111111116 0.02748842592592593
0 0.8427372685185185 0.783058449074074 0.02459490740740744 0.01519097222222221
0 0.865162037037037 0.7946325231481481 0.02459490740740744 0.01374421296296291
0 0.8459924768518519 0.8040364583333333 0.02531828703703709 0.01519097222222221
0 0.8720341435185184 0.8087384259259258 0.02531828703703709 0.01446759259259267
0 0.8760127314814814 0.8224826388888888 0.02748842592592593 0.01591435185185186
0 0.8738425925925926 0.8333333333333333 0.02459490740740744 0.01302083333333337
0 0.8713107638888888 0.8459924768518519 0.02676504629629628 0.012297453703703609
0 0.8973524305555555 0.8485243055555556 0.02531828703703698 0.01302083333333337
0 0.861183449074074 0.76171875 0.02387152777777779 0.01880787037037035
0 0.9602864583333333 0.7425491898148148 0.01519097222222221 0.02387152777777768
0 0.915798611111111 0.8210358796296295 0.01880787037037046 0.01591435185185186
0 0.9758391203703702 0.6676793981481481 0.02459490740740733 0.01736111111111105
0 0.9440104166666665 0.5099826388888888 0.01880787037037035 0.01157407407407407
0 0.9320746527777777 0.5193865740740741 0.02242476851851849 0.01446759259259256
0 0.509620949074074 0.60546875 0.01519097222222221 0.02314814814814814
0 0.425708912037037 0.6582754629629629 0.013744212962962965 0.02604166666666674
0 0.5197482638888888 0.6951678240740741 0.0209780092592593 0.01591435185185186
0 0.20688657407407407 0.8702256944444444 0.02314814814814814 0.02025462962962965
0 0.17686631944444442 0.8510561342592592 0.022424768518518517 0.0180844907407407
0 0.146484375 0.7906539351851851 0.013744212962962965 0.02314814814814814
0 0.1247829861111111 0.8185040509259258 0.015190972222222224 0.02387152777777779
0 0.12000868055555555 0.9905598958333333 0.009982638888888895 0.01497395833333337
0 0.23184317129629628 0.9903067129629629 0.01953125 0.01446759259259256
0 0.18699363425925924 0.4944299768518518 0.022424768518518517 0.01519097222222221
1 0.2170138888888889 0.478515625 0.03182870370370369 0.022424768518518545
1 0.28030960648148145 0.4477719907407407 0.02821180555555558 0.02025462962962965
1 0.3059895833333333 0.4347511574074074 0.02748842592592593 0.02025462962962965
1 0.13418692129629628 0.5201099537037037 0.023871527777777776 0.02025462962962965
0 0.22099247685185183 0.5298755787037037 0.018084490740740755 0.01953125
0 0.08752893518518517 0.0658275462962963 0.0245949074074074 0.01591435185185186
0 0.011212384259259259 0.14250578703703703 0.022424768518518517 0.018807870370370378
