0 0.1566116898148148 0.09693287037037036 0.01519097222222221 0.018807870370370378
0 0.16746238425925924 0.11827256944444443 0.01953125 0.018084490740740727
0 0.1779513888888889 0.13961226851851852 0.014467592592592587 0.021701388888888895
1 0.28971354166666663 0.13961226851851852 0.02387152777777779 0.02748842592592593
0 0.04846643518518518 0.087890625 0.015914351851851846 0.026765046296296294
0 0.014105902777777776 0.09946469907407407 0.013744212962962963 0.02097800925925926
0 0.7436342592592592 0.018807870370370367 0.01446759259259256 0.027488425925925923
0 0.8166956018518519 0.07993344907407407 0.01736111111111105 0.01808449074074074
0 0.7892071759259258 0.146484375 0.01302083333333337 0.025318287037037035
0 0.8427372685185184 0.17578125 0.01880787037037035 0.023148148148148168
0 0.7931857638888888 0.19748263888888887 0.01085069444444442 0.021701388888888895
0 0.8000578703703703 0.25101273148148145 0.01591435185185186 0.028935185185185203
0 0.8308015046296295 0.29007523148148145 0.01374421296296291 0.03038194444444442
0 0.7877604166666666 0.37724247685185186 0.01446759259259256 0.028211805555555525
0 0.8224826388888888 0.4640480324074074 0.01302083333333326 0.02676504629629628
0 0.8138020833333333 0.5696614583333333 0.01446759259259256 0.02242476851851849
0 0.7902922453703702 0.7179542824074073 0.01374421296296291 0.02676504629629628
0 0.865162037037037 0.7747395833333333 0.01446759259259256 0.02170138888888884
0 0.68359375 0.9519675925925926 0.01591435185185186 0.02459490740740744
0 0.7215711805555556 0.9324363425925926 0.01808449074074081 0.02893518518518523
0 0.757740162037037 0.9436487268518519 0.02387152777777779 0.01519097222222221
0 0.8069299768518519 0.9338831018518519 0.03399884259259267 0.02893518518518523
0 0.7602719907407407 0.8362268518518519 0.01591435185185186 0.02459490740740733
0 0.8134403935185184 0.8391203703703702 0.01663773148148151 0.02170138888888895
0 0.8275462962962963 0.8485243055555556 0.01446759259259256 0.02025462962962965
0 0.8402054398148148 0.855396412037037 0.0166377314814814 0.02387152777777768
0 0.8488859953703702 0.8648003472222221 0.01374421296296291 0.02097800925925919
0 0.8590133101851851 0.8713107638888888 0.01229745370370372 0.0224247685185186
0 0.8658854166666665 0.8799913194444444 0.01302083333333337 0.01953125
0 0.7949942129629629 0.8644386574074073 0.01880787037037046 0.02314814814814814
0 0.8101851851851851 0.8716724537037036 0.01736111111111116 0.02459490740740744
0 0.818142361111111 0.8763744212962963 0.01446759259259256 0.02242476851851849
0 0.8329716435185184 0.8915653935185185 0.01663773148148151 0.0209780092592593
0 0.8438223379629629 0.9016927083333333 0.0166377314814814 0.0209780092592593
0 0.8253761574074073 0.9129050925925926 0.02314814814814814 0.02170138888888884
0 0.8600983796296295 0.9121817129629629 0.01880787037037035 0.01880787037037046
0 0.870949074074074 0.9212239583333333 0.01591435185185175 0.0209780092592593
0 0.8796296296296295 0.9270109953703702 0.01591435185185186 0.01663773148148151
0 0.9332361355633804 0.40403554137323944 0.024757922535211252 0.014442121478873249
