0 0.14503761574074076 0.31467013888888884 0.028211805555555552 0.014467592592592615
0 0.13093171296296297 0.341796875 0.023148148148148154 0.012297453703703665
0 0.10308159722222221 0.3739872685185185 0.025318287037037035 0.017361111111111105
0 0.21629050925925924 0.4401765046296296 0.026041666666666685 0.01953125
0 0.3450520833333333 0.42173032407407407 0.02025462962962965 0.021701388888888895
0 0.24377893518518517 0.5193865740740741 0.02459490740740744 0.02314814814814814
0 0.27054398148148145 0.38700810185185186 0.02459490740740744 0.020254629629629595
0 0.2900752314814815 0.3667534722222222 0.021701388888888895 0.021701388888888895
0 0.09403935185185185 0.4922598379629629 0.01591435185185186 0.02531828703703698
0 0.08427372685185185 0.5049189814814814 0.018084490740740727 0.024594907407407385
0 0.06474247685185185 0.5230034722222222 0.01519097222222223 0.02893518518518512
0 0.18301504629629628 0.6025752314814814 0.018807870370370378 0.02025462962962965
0 0.3059895833333333 0.34939236111111105 0.02025462962962965 0.014467592592592615
0 0.3052662037037037 0.302734375 0.024594907407407385 0.02387152777777779
0 0.03219039351851852 0.48177083333333326 0.028211805555555552 0.014467592592592615
0 0.03314936926605505 0.552788130733945 0.02090500764525994 0.023294151376146877
0 0.014036219418960246 0.5038106842507646 0.024488723241590214 0.013737576452599431
0 0.05584623470948012 0.4440820909785933 0.020905007645259932 0.013737576452599376
0 0.06510416666666666 0.4318377293577982 0.02269686544342507 0.014334862385321112
0 0.08571053134556575 0.398987003058104 0.019710435779816515 0.014334862385321112
0 0.33836248088685017 0.2702718845565749 0.017321292048929682 0.0185158639143731
0 0.45184680810397554 0.31327647171253825 0.017321292048929626 0.01612672018348621
0 0.5907157874617737 0.15469705657492355 0.021502293577981613 0.022696865443425085
0 0.6647792431192661 0.047782874617737 0.016724006116207946 0.0191131498470948
0 0.8230600152905199 0.039719514525993885 0.017918577981651307 0.017321292048929668
0 0.9010058295107033 0.0689865252293578 0.016126720183486154 0.017321292048929668
0 0.924598623853211 0.29685110856269115 0.02030772171253825 0.015529434250764529
0 0.11527618501529052 0.5330776949541285 0.02030772171253821 0.01254300458715596
0 0.4554305237003058 0.5250143348623854 0.020905007645259932 0.016724006116207946
0 0.5142631880733946 0.7564626337920489 0.01911314984709478 0.01971043577981657
0 0.5020188264525994 0.7624354931192661 0.017321292048929682 0.023294151376146877
0 0.6674670298165137 0.743919629204893 0.011348432721712598 0.018515863914372988
0 0.681503249235474 0.7475033448012232 0.01314029051987764 0.01971043577981646
0 0.9469968463302753 0.5268061926605505 0.0256832951070336 0.017918577981651418
0 0.9840285741590215 0.5701094227828747 0.020905007645259932 0.017321292048929737
0 0.7406345565749235 0.8359016628440367 0.02030772171253814 0.017321292048929626
0 0.7540734900611621 0.8203722285932722 0.017321292048929626 0.0185158639143731
0 0.9589425649847094 0.9861190749235473 0.020905007645260043 0.022696865443425085
0 0.9756665711009174 0.9577479931192661 0.0185158639143731 0.0185158639143731
0 0.9840285741590213 0.9690964258409787 0.01971043577981646 0.0185158639143731
0 0.9816394304281345 0.5509962729357798 0.020905007645259932 0.011348432721712598
0 0.4437834480122324 0.7304806957186545 0.011945718654434279 0.02628058103975539
0 0.4399010894495413 0.9419199159021407 0.01612672018348621 0.01911314984709478
0 0.024190080275229356 0.874725248470948 0.016126720183486237 0.023294151376146877
0 0.898314468503937 0.05272924868766405 0.015891568241469756 0.013328412073490808
0 0.9402406754032258 0.9489037298387096 0.014175907258064502 0.020476310483870996
