0 0.06328490070093461 0.029515917056074793 0.01916617990654207 0.02099153037383177
0 0.0769750292056075 0.03772999415887853 0.01551547897196262 0.01734082943925233
0 0.022214515186915914 0.08473276869158881 0.019166179906542048 0.03103095794392524
0 0.00852438668224302 0.10618063668224302 0.013690128504672897 0.02099153037383178
0 0.28734667056074764 0.14907637266355145 0.023729556074766345 0.01551547897196262
0 0.32613536799065423 0.17189325350467294 0.02099153037383178 0.01734082943925233
0 0.4310930198598131 0.15546509929906543 0.01916617990654207 0.01916617990654204
0 0.5150591413551402 0.34347619742990654 0.013690128504672883 0.02099153037383178
0 0.5123211156542056 0.23760587032710284 0.020991530373831724 0.01916617990654204
0 0.2741128796728972 0.09294684579439255 0.02099153037383178 0.020078855140186924
0 0.5141464661214954 0.47581410630841114 0.011864778037383172 0.02281688084112149
0 0.25357768691588783 0.6090646904205608 0.023729556074766317 0.013690128504672994
0 0.21843969042056077 0.6264055198598131 0.01916617990654207 0.022816880841121545
0 0.20064252336448601 0.6542421144859812 0.018253504672897186 0.023729556074766345
0 0.31472692757009346 0.6232111565420559 0.016428154205607448 0.021904205607476634
0 0.42652964369158874 0.5885294976635513 0.01734082943925236 0.021904205607476634
0 0.4101014894859813 0.8595940420560748 0.013690128504672883 0.025554906542056055
0 0.2900846962616822 0.6159097546728971 0.02555490654205611 0.014602803738317793
0 0.20474956191588786 0.5921801985981308 0.02281688084112149 0.027380257009345876
0 0.47718311915887845 0.5999379380841121 0.021904205607476634 0.026467581775700966
0 0.20246787383177572 0.399149386682243 0.016428154205607476 0.017340829439252303
0 0.8545743282710281 0.028146904205607504 0.011864778037383172 0.021904205607476634
0 0.8203490070093458 0.268636828271028 0.020078855140186924 0.019166179906542014
0 0.6437463492990654 0.526467581775701 0.017340829439252303 0.020078855140186813
0 0.8509236273364486 0.5848787967289719 0.017340829439252303 0.020078855140186924
0 0.6419209988317757 0.949036214953271 0.019166179906542125 0.020078855140186924
0 0.8773912091121495 0.564799941588785 0.017340829439252303 0.021904205607476634
0 0.6451153621495327 0.2125073014018692 0.023729556074766345 0.016428154205607476
