0 0.19823338963963968 0.22726632882882886 0.02375422297297297 0.02023507882882883
0 0.21538921734234237 0.13708826013513517 0.0193552927927928 0.024634009009009028
0 0.06670537725225228 0.0939787443693694 0.021114864864864857 0.017595720720720714
0 0.2189083614864865 0.042071368243243285 0.024634009009009 0.01759572072072072
0 0.23650408220720726 0.059227195945945985 0.022874436936936943 0.014956362612612607
0 0.23122536599099103 0.009519284909909952 0.021114864864864857 0.015836148648648643
0 0.49472128378378377 0.04163147522522526 0.02199465090090097 0.018475506756756757
0 0.572582347972973 0.056147944819819856 0.0193552927927928 0.017595720720720714
0 0.5870988175675675 0.03811233108108112 0.014956362612612684 0.016715934684684686
0 0.8558734515765766 0.10057713963963967 0.012317004504504458 0.013196790540540543
0 0.9011824324324325 0.9341744087837838 0.016715934684684686 0.024634009009009028
0 0.5501478040540542 0.8237612612612613 0.023754222972972916 0.02551379504504503
0 0.25717905405405406 0.9535297015765766 0.02375422297297297 0.021114864864864913
0 0.27389498873873874 0.9596882038288288 0.0184755067567568 0.022874436936936915
0 0.28093327702702703 0.9711254222972974 0.016715934684684686 0.0193552927927928
0 0.20747114301801806 0.7951682150900901 0.0193552927927928 0.024634009009009028
0 0.1476456925675676 0.7599767736486487 0.024634009009009 0.0193552927927928
0 0.24486204954954957 0.9099802927927928 0.02199465090090086 0.0184755067567568
0 0.32184332770270274 0.6174514358108109 0.021114864864864857 0.017595720720720687
0 0.3117257882882883 0.48856278153153154 0.021994650900900914 0.018475506756756743
0 0.3376794763513513 0.5039590371621622 0.02287443693693697 0.012317004504504514
0 0.14104729729729734 0.5831397804054055 0.02375422297297297 0.014076576576576572
0 0.10673564189189191 0.49780053490990994 0.0219946509009009 0.010557432432432512
0 0.0794622747747748 0.4956010698198198 0.0219946509009009 0.011437218468468513
0 0.09529842342342346 0.47844524211711714 0.02023507882882883 0.017595720720720742
0 0.07374366554054057 0.4577702702702703 0.02111486486486487 0.02199465090090086
0 0.0816617398648649 0.29500985360360366 0.017595720720720714 0.018475506756756743
0 0.9332946227477478 0.18415681306306309 0.015836148648648685 0.02023507882882883
0 0.890625 0.5879786036036037 0.023754222972973027 0.021994650900900914
0 0.8479553772522523 0.5866589245495495 0.024634009009009028 0.0193552927927928
0 0.9720052083333333 0.596336570945946 0.014076576576576572 0.0193552927927928
0 0.7424301242236024 0.7994468167701863 0.01940993788819867 0.01940993788819878
0 0.41367430124223603 0.3766741071428571 0.019409937888198725 0.015770574534161474
0 0.09341032608695651 0.5228552018633541 0.024262422360248448 0.02668866459627328
