0 0.17252604166666666 0.05436197916666667 0.015625 0.021484375000000007
0 0.24186197916666669 0.017903645833333336 0.017578125000000028 0.020182291666666668
0 0.26171875 0.037760416666666664 0.02083333333333337 0.022135416666666668
0 0.23600260416666669 0.16048177083333331 0.018880208333333343 0.022786458333333343
0 0.291015625 0.08723958333333334 0.01692708333333337 0.01822916666666667
0 0.14322916666666669 0.19108072916666669 0.016927083333333343 0.016276041666666657
0 0.5361328125 0.419921875 0.01888020833333326 0.01302083333333337
0 0.265625 0.36490885416666663 0.02083333333333337 0.012369791666666685
0 0.23795572916666669 0.37532552083333337 0.018880208333333343 0.011067708333333315
0 0.3291015625 0.4352213541666667 0.01888020833333337 0.013671875
0 0.3544921875 0.44140625 0.02278645833333337 0.01171875
0 0.37532552083333337 0.431640625 0.011067708333333315 0.02083333333333337
0 0.2991536458333333 0.47135416666666663 0.017578125 0.020833333333333315
0 0.7574869791666667 0.5458984375 0.01497395833333337 0.02408854166666674
0 0.560546875 0.5540364583333333 0.01953125 0.01432291666666663
0 0.30143229166666663 0.6800130208333333 0.020833333333333315 0.01236979166666663
0 0.30338541666666663 0.69140625 0.028645833333333315 0.01171875
0 0.3095703125 0.7174479166666667 0.025390625 0.01302083333333337
0 0.5377604166666667 0.7220052083333333 0.02213541666666663 0.01432291666666663
0 0.5924479166666666 0.7249348958333334 0.01953125 0.021484375
0 0.7093098958333334 0.7164713541666667 0.025390625 0.02408854166666663
0 0.7542317708333334 0.6910807291666666 0.017578125 0.013671875
0 0.9654947916666667 0.6647135416666667 0.02083333333333337 0.01692708333333337
0 0.6215277777777779 0.8912450396825398 0.017981150793650813 0.014260912698412676
0 0.5902157738095238 0.8121899801587302 0.01116071428571419 0.018601190476190466
0 0.6593501984126984 0.9321676587301588 0.02170138888888895 0.019221230158730118
0 0.8717137896825398 0.959139384920635 0.01736111111111105 0.009920634920634885
0 0.8760540674603174 0.9693700396825398 0.019841269841269882 0.014260912698412676
0 0.33475942460317454 0.8543526785714286 0.014880952380952384 0.027281746031746046
0 0.27492559523809523 0.9749503968253969 0.02046130952380948 0.024181547619047672
0 0.2706377986348123 0.3352975682593856 0.015998293515358364 0.011998720136518759
