0 0.8033806295955882 0.0501349954044118 0.012925091911764719 0.021541819852941173
0 0.745217715992647 0.09214154411764708 0.01723345588235292 0.026568244485294115
0 0.7631692325367647 0.11260627297794121 0.01723345588235292 0.02728630514705882
1 0.7796846277573529 0.24472943474264708 0.022977941176470562 0.03877527573529413
0 0.6726935891544117 0.3725442325367647 0.015797334558823484 0.022977941176470618
0 0.6428940716911764 0.5714470358455882 0.009334788602941124 0.025850183823529438
0 0.697466681985294 0.7976361443014706 0.01220703125 0.022977941176470562
0 0.5143698385885886 0.548681493993994 0.021114864864864913 0.013490052552552534
0 0.5527871621621623 0.5888583896396398 0.011143956456456494 0.024634009009009028
0 0.5563063063063063 0.6175980668168168 0.009970908408408419 0.021114864864864913
0 0.49677411786786785 0.5741952890390392 0.015249624624624702 0.012903528528528496
0 0.19588729354354356 0.8689236111111112 0.01994181681681681 0.02170138888888884
0 0.20732451201201202 0.8991295983483484 0.0193552927927928 0.017595720720720687
0 0.3720826740506329 0.9706289556962024 0.012361550632911389 0.026700949367088556
