0 0.6665819483734088 0.21490452616690242 0.020442892503536148 0.022652934936350788
0 0.9142515120967742 0.7790792247067448 0.02262417521994131 0.025487994868035213
0 0.9015075146627566 0.8791697214076246 0.02291055718475077 0.02634714076246336
0 0.8806016312316716 0.9079511088709677 0.02291055718475077 0.026633522727272707
0 0.84881323313783 0.9483309659090909 0.019473973607038064 0.023196939149560114
0 0.1505102913019694 0.6424242683260393 0.02115529266958424 0.020300533369803087
0 0.17593938047045954 0.6604810585339168 0.02115529266958424 0.02265112144420134
0 0.27028343818380746 0.653108759573304 0.02265112144420134 0.022864811269146634
0 0.32936867478118165 0.6587715399343544 0.019018394420131313 0.02350588074398252
0 0.3492418285010941 0.6315260872538293 0.018591014770240666 0.022864811269146634
0 0.3745640727571116 0.5984041643873085 0.02265112144420134 0.024146950218818297
0 0.4162335886214442 0.5432721895514223 0.02307850109409193 0.025429089168490182
0 0.43941893462800874 0.5113255607221006 0.025001709518599535 0.027352297592997732
0 0.41003658369803064 0.4694423550328228 0.025642778993435478 0.027779677242888434
0 0.37659412609409193 0.5123940098468271 0.025429089168490182 0.02692491794310714
0 0.35244140625 0.5443359375000001 0.026757812500000033 0.026953125000000022
0 0.49638671875 0.38330078125 0.022851562499999978 0.025976562500000022
0 0.45820312500000004 0.407421875 0.02421875000000001 0.025000000000000022
0 0.47587890624999996 0.38583984375 0.02167968749999999 0.02363281249999999
0 0.50908203125 0.3390625 0.022070312500000022 0.0234375
0 0.7862542656723963 0.0586213978766431 0.025080573811931295 0.026067997977755303
0 0.7550516620323559 0.09564980409504552 0.01955099848331643 0.02231578614762386
0 0.7383641936299291 0.11974295374115271 0.025673028311425705 0.023500695146612738
0 0.7128886501516682 0.15222920879676444 0.023698179979777523 0.024093149646107176
0 0.6950162727502527 0.17592738877654196 0.023105725480283112 0.023303210313447925
0 0.6237242479777553 0.18678905460060669 0.023105725480283112 0.025673028311425677
0 0.6514708670374114 0.23546906597573308 0.02172333164812945 0.02231578614762386
0 0.5778896837349398 0.24738798945783136 0.027767319277108404 0.027532003012048195
0 0.6073042168674698 0.2897449171686747 0.020707831325301185 0.02376694277108432
0 0.5895378388554218 0.3125705948795181 0.02282567771084343 0.026120105421686746
0 0.5787132906626506 0.34010259789156627 0.025178840361445687 0.01953125
0 0.555652296686747 0.3590455572289156 0.023766942771084376 0.024002259036144558
0 0.5415333207831325 0.37892978162650603 0.021413780120481896 0.0223550451807229
0 0.2160766196013289 0.475952553986711 0.022494462901439666 0.023143341638981185
0 0.3322259136212625 0.7787626315060909 0.02552256367663347 0.022278169988925733
0 0.3085418397009967 0.8237515573089702 0.02227816998892579 0.019250069213731957
0 0.330171130952381 0.8415957225913622 0.02098041251384275 0.01989894795127356
0 0.3626150678294574 0.8023385589700998 0.023143341638981185 0.023575927464008828
0 0.38521767718715394 0.8205071636212625 0.02552256367663347 0.022278169988925844
0 0.15043172065337765 0.8042851951827243 0.024873684939091922 0.02314334163898113
0 0.13074906561461797 0.828077415559247 0.02573885658914729 0.026171442414174906
0 0.11281800881410259 0.8549429086538463 0.02472706330128205 0.029109074519230727
0 0.09513346354166669 0.8776354667467949 0.025666065705128208 0.02253605769230771
0 0.13676257011217952 0.9103440504807692 0.0269180689102564 0.02472706330128205
0 0.4519543770032051 0.8712189503205128 0.02253605769230771 0.023475060096153855
0 0.4974959935897436 0.9475911458333333 0.024101061698718063 0.021597055288461564
0 0.4837239583333333 0.9596416766826923 0.021597055288461564 0.023162059294871806
0 0.5111115284455129 0.9807692307692308 0.022536057692307765 0.02034505208333337
0 0.5190930488782052 0.9253680889423077 0.020971053685897356 0.022849058493589647
0 0.4455378605769231 0.9280285957532052 0.02410106169871795 0.023162059294871806
0 0.4248798076923077 0.9144130608974359 0.022223056891025605 0.022849058493589758
0 0.38481570512820507 0.8817044771634616 0.020345052083333315 0.021910056089743613
0 0.36650515825320507 0.8702799479166667 0.018154046474358976 0.02034505208333337
0 0.419140625 0.7313476562500001 0.026953125000000022 0.024023437500000022
0 0.42646484375 0.71845703125 0.0244140625 0.021679687499999933
0 0.40810546875 0.7401367187500001 0.02167968749999999 0.018945312499999978
0 0.02290022547914318 0.5448712302705749 0.0251021702367531 0.020918475197294284
0 0.04635093714768883 0.5603949408117248 0.024441586809470124 0.022019447576099194
0 0.021799253100338215 0.6069660724351746 0.02157905862457722 0.020478086245772298
0 0.08774749859075534 0.6561795377677564 0.02356080890642616 0.020698280721533235
0 0.11174869644870349 0.6741253875422772 0.02047808624577227 0.020478086245772298
0 0.13388671875 0.6922851562500001 0.0224609375 0.020898437499999978
0 0.30330510616784634 0.6124676124873609 0.023303210313447897 0.025475543478260865
