0 0.07921645220588239 0.028952205882352974 0.016515395220588244 0.020823759191176468
0 0.20379997702205885 0.09393669577205885 0.0244140625 0.02154181985294118
0 0.23862591911764708 0.009205537683823565 0.01938763786764708 0.01723345588235294
0 0.22246955422794118 0.013154871323529447 0.02010569852941177 0.019387637867647054
0 0.6428940716911764 0.009564568014705918 0.015079273897058876 0.016515395220588234
0 0.6568962545955882 0.013154871323529445 0.021541819852941124 0.022259880514705878
0 0.6809512867647058 0.1011173023897059 0.029440487132353033 0.018669577205882346
0 0.6213522518382353 0.1941061580882353 0.01938763786764708 0.02369600183823528
0 0.6026826746323529 0.22390567555147062 0.015079273897058876 0.02297794117647059
0 0.5861672794117647 0.2454474954044118 0.015079273897058765 0.021541819852941207
0 0.5517003676470589 0.26339901194852944 0.01795151654411764 0.020105698529411742
0 0.939453125 0.3764935661764707 0.020823759191176516 0.02082375919117646
0 0.7121869255514706 0.4005485983455883 0.020105698529411797 0.01579733455882354
0 0.6744887408088235 0.43070714613970595 0.022259880514705843 0.02154181985294118
0 0.7053653492647058 0.45763442095588236 0.015079273897058876 0.01795151654411764
0 0.7197265625 0.44470932904411764 0.015079273897058765 0.01507927389705882
0 0.8881117876838235 0.4070111443014706 0.011488970588235281 0.020105698529411797
0 0.8195369944852942 0.40018956801470595 0.01795151654411764 0.0222598805147059
0 0.8321030560661764 0.40880629595588236 0.014361213235294157 0.0222598805147059
0 0.8554400275735294 0.3876235064338236 0.015079273897058765 0.018669577205882304
0 0.8005083869485294 0.5951430376838236 0.021541819852941235 0.01866957720588236
0 0.7911735983455881 0.6051958869485294 0.020105698529411797 0.020105698529411797
0 0.7821978400735294 0.6163258272058822 0.020823759191176516 0.022259880514705954
0 0.769631778492647 0.6242244944852942 0.01866957720588236 0.020823759191176516
1 0.8629796645220588 0.6332002527573529 0.022977941176470562 0.025850183823529438
0 0.8816492417279411 0.6565372242647058 0.020105698529411686 0.019387637867646967
0 0.7667595358455881 0.6565372242647058 0.01723345588235292 0.016515395220588314
0 0.7861471737132353 0.6583323759191175 0.015797334558823484 0.020105698529411797
0 0.9229377297794117 0.8360523897058822 0.020823759191176405 0.01220703125
0 0.916116153492647 0.8507726332720588 0.020105698529411797 0.014361213235294157
0 0.9060633042279411 0.8604664522058822 0.020105698529411686 0.013643152573529327
0 0.8999597886029411 0.8698012408088234 0.02513212316176472 0.01795151654411764
0 0.9085765165441175 0.9434024586397058 0.026568244485294046 0.022977941176470562
0 0.9362218520220588 0.9753561580882353 0.03015854779411775 0.022259880514705954
0 0.928323184742647 0.9200654871323528 0.021541819852941235 0.01938763786764708
0 0.9247328814338234 0.9340676700367646 0.01866957720588236 0.012925091911764719
0 0.7717859604779411 0.9681755514705882 0.017233455882353033 0.026568244485294157
0 0.7875832950367646 0.969970703125 0.012925091911764719 0.025850183823529327
0 0.8023035386029411 0.9746380974264706 0.016515395220588314 0.028004365808823484
0 0.819536994485294 0.9836138556985294 0.015079273897058876 0.028722426470588203
0 0.426473496835443 0.7585871571729957 0.01565796413502113 0.017306170886076
0 0.4783920094936709 0.7594112605485231 0.012361550632911389 0.022250791139240444
0 0.28926028481012656 0.6873022151898733 0.021426687763713093 0.023074894514767963
0 0.39474551687763715 0.7828982067510548 0.016482067510548537 0.02801951476793252
0 0.32304852320675104 0.8311082542194093 0.018130274261603407 0.02060258438818563
0 0.31151107594936706 0.8352287710970464 0.019778481012658222 0.028843618143459926
0 0.3308775052742616 0.9559599156118144 0.02060258438818563 0.024723101265822778
0 0.07252109704641349 0.7478738132911391 0.023074894514767928 0.015657964135021074
0 0.05851133966244726 0.7680643459915611 0.023074894514767935 0.014833860759493778
0 0.14669040084388185 0.7383966244725737 0.019778481012658222 0.014833860759493667
0 0.12814807489451477 0.7474617616033754 0.020602584388185644 0.01648206751054848
0 0.011537447257383966 0.7116132647679325 0.018130274261603376 0.018954377637130704
0 0.3572488132911392 0.5068235759493671 0.018954377637130815 0.01648206751054848
0 0.4330663238396624 0.42770965189873417 0.022250791139240556 0.023074894514767963
0 0.4544930116033755 0.4038106540084388 0.0222507911392405 0.026371308016877593
0 0.9765625 0.18913172468354428 0.019778481012658222 0.020602584388185657
0 0.937829641350211 0.239814082278481 0.019778481012658222 0.021426687763713065
0 0.9670853111814346 0.3354100738396624 0.022250791139240556 0.01648206751054848
0 0.9880999472573839 0.3556006065400844 0.019778481012658222 0.020602584388185685
0 0.6477452531645569 0.5121802478902954 0.014833860759493667 0.030491824894514796
0 0.9893649459388185 0.2680561049578059 0.017363858122362963 0.018575290084388185
0 0.8320869090025906 0.9885696648316062 0.011607431994818618 0.018954420336787514
0 0.8434868847150259 0.9902242551813472 0.011131800518134782 0.015179727979274582
0 0.8554434504533679 0.9893286512305699 0.011769349093264214 0.01743644753886009
0 0.47701322115384615 0.9458315122377623 0.021170236013985988 0.010926573426573438
