0 0.23111167394014964 0.30587593516209477 0.011202462593516205 0.02143079800498754
0 0.2430447319201995 0.310503039276808 0.015586034912718205 0.02678849750623441
0 0.2537601309226933 0.317078397755611 0.013637780548628409 0.02143079800498754
1 0.2617966801745636 0.32974205112219457 0.013150716957606001 0.029223815461346614
0 0.27226854738154616 0.3360738778054863 0.011689526184538668 0.026301433915212002
0 0.27738271508728185 0.35506935785536164 0.012176589775561075 0.02337905236907728
0 0.2915075592269327 0.3555564214463841 0.012176589775561075 0.024353179551122206
0 0.3036841490024938 0.3657847568578554 0.014124844139650872 0.028249688279301743
0 0.2588742986284289 0.28955930486284287 0.012176589775561075 0.02678849750623441
0 0.2676414432668329 0.3005182356608479 0.011202462593516205 0.02045667082294267
0 0.2781133104738155 0.30952891209476313 0.010715399002493742 0.022891988778054873
0 0.2849322007481297 0.325845542394015 0.011689526184538668 0.025327306733167076
0 0.29613466334164595 0.330229114713217 0.012663653366583538 0.023379052369077336
0 0.30587593516209477 0.3377786003740648 0.012663653366583538 0.02678849750623441
0 0.3165913341645885 0.3482504675810474 0.011689526184538612 0.018508416458852872
0 0.3273067331670823 0.3601835255610973 0.010715399002493742 0.022891988778054873
0 0.3394833229426434 0.3716295199501247 0.012663653366583538 0.024353179551122206
0 0.31099010286783046 0.3806401963840399 0.014124844139650872 0.02678849750623441
0 0.1919030548628429 0.3409445137157108 0.015586034912718205 0.018508416458852872
0 0.201887858478803 0.35385169887780554 0.01802135286783041 0.021917861596010002
0 0.20943734413965087 0.3621317799251871 0.015586034912718205 0.01802135286783041
0 0.2277022288029925 0.37430836970074816 0.01607309850374064 0.01899548004987528
0 0.23671290523690774 0.381857855361596 0.014611907730673335 0.012663653366583538
0 0.24426239089775564 0.39232972256857856 0.018995480049875307 0.015098971321695798
0 0.2537601309226933 0.39963567643391523 0.017534289276808 0.014124844139650872
0 0.2642319981296758 0.40840282107231923 0.020943734413965076 0.014124844139650872
0 0.3769872194513716 0.40767222568578554 0.018508416458852817 0.02337905236907728
0 0.3903814682044888 0.40523690773067333 0.013150716957606001 0.02045667082294267
0 0.3657847568578554 0.416926433915212 0.013637780548628409 0.019482543640897743
0 0.17862796160130717 0.32734630310457513 0.019148284313725478 0.011488970588235337
0 0.1980953839869281 0.14448018790849673 0.022339665032679756 0.023616217320261423
0 0.2146905637254902 0.1620327818627451 0.022339665032679756 0.016595179738562088
0 0.22458384395424835 0.17575571895424835 0.01787173202614381 0.02233966503267973
0 0.23479626225490197 0.1811810661764706 0.015318627450980393 0.017871732026143783
0 0.24245557598039216 0.18915951797385622 0.016595179738562116 0.015956903594771255
0 0.2504340277777778 0.19745710784313725 0.02233966503267973 0.02106311274509806
0 0.4126320422535211 0.34764249559859156 0.015129841549295808 0.01650528169014087
0 0.4026601012323944 0.33990564480633806 0.017193001760563376 0.017536861795774628
0 0.3916565801056338 0.33182493397887325 0.015129841549295753 0.017193001760563376
0 0.3834039392605634 0.32529159330985913 0.015817561619718312 0.020631602112676062
0 0.3720565580985916 0.3163512323943662 0.01856844190140844 0.022007042253521125
0 0.43756189480633806 0.33732669454225356 0.015473701584507005 0.022007042253521125
0 0.4270741637323944 0.326323173415493 0.017193001760563376 0.016505281690140816
0 0.41933731294014087 0.3168670224471831 0.01616142165492962 0.018224581866197187
0 0.4093653719190141 0.3096459617077465 0.020975462147887314 0.021663182218309873
0 0.40180045114436624 0.3050038512323944 0.016161421654929564 0.017193001760563376
0 0.4600847271126761 0.2931406800176056 0.011691241197183067 0.01891230193661969
0 0.35778636663732394 0.3113652618838028 0.0147859815140845 0.0244140625
0 0.35176881602112675 0.29726700044014087 0.01375440140845069 0.01960002200704225
0 0.3443758252640845 0.2909055897887324 0.017536861795774683 0.021319322183098566
0 0.377042528609155 0.26752310739436624 0.018224581866197187 0.017880721830985935
0 0.333372304137324 0.28488803917253525 0.01547370158450706 0.02028774207746481
0 0.32958984375 0.27268100792253525 0.02028774207746481 0.017193001760563376
0 0.30827052156690143 0.2561757262323944 0.01960002200704225 0.022007042253521125
0 0.3172108824823944 0.2659757372359155 0.01065966109154931 0.01960002200704225
0 0.32924598371478875 0.23829500440140844 0.02303862235915488 0.021319322183098594
0 0.2085541544834308 0.24224841617933723 0.019036306042885004 0.0209399366471735
0 0.19008893762183235 0.2294940911306043 0.015609770955165692 0.022082115009746606
0 0.1805707846003899 0.21712049220272905 0.014848318713450298 0.018655579922027293
0 0.17333698830409358 0.20607943469785575 0.015609770955165692 0.01713267543859648
0 0.1617248416179337 0.19846491228070176 0.015990497076023374 0.020178484405458108
1 0.05036245126705652 0.312302022417154 0.021701388888888888 0.0376918859649123
0 0.09719176413255359 0.2096963328460039 0.0178941276803119 0.021320662768031184
0 0.16267665692007796 0.06368786549707602 0.015609770955165692 0.020178484405458087
0 0.16819718567251463 0.05359862329434696 0.018274853801169583 0.021320662768031177
0 0.17885751705653022 0.046364826998050675 0.015990497076023402 0.022843567251461985
0 0.18856603313840156 0.037227400097465876 0.019417032163742687 0.01903630604288499
0 0.14611507066276802 0.007150036549707591 0.019036306042885004 0.013706140350877192
1 0.19618055555555558 0.026186342592592584 0.02246284113060429 0.01979775828460039
1 0.2127421418128655 0.01476455896686159 0.021320662768031184 0.02284356725146199
0 0.13754873294346978 0.17600207115009747 0.015609770955165692 0.0178941276803119
0 0.6606664230019493 0.1636284722222222 0.023224293372319682 0.021320662768031212
0 0.6391553971734893 0.13964272660818713 0.019797758284600397 0.019797758284600397
0 0.6187865497076024 0.12003533138401559 0.020178484405458108 0.020939936647173488
0 0.5887091861598441 0.16229593079922028 0.020178484405458108 0.018655579922027293
0 0.6033671418128655 0.15144523635477583 0.015990497076023402 0.01751340155945419
0 0.5702439692982456 0.14268853557504874 0.02132066276803113 0.024366471734892786
0 0.5989887914230019 0.10099902534113059 0.019417032163742687 0.020939936647173488
0 0.5232242933723197 0.10271229288499023 0.020178484405458108 0.01903630604288499
0 0.5258893762183237 0.033229775828460026 0.02170138888888895 0.021701388888888888
0 0.5915646320662769 0.029803240740740734 0.016751949317738823 0.01789412768031189
0 0.6005116959064327 0.03894066764132553 0.019417032163742687 0.019417032163742694
0 0.8476029483430799 0.12079678362573099 0.017132675438596534 0.020939936647173515
0 0.8270437378167641 0.14725724902534112 0.017894127680311844 0.015229044834307981
0 0.8083881578947368 0.16496101364522417 0.017894127680311955 0.01713267543859648
0 0.7855445906432749 0.1864720394736842 0.02093993664717342 0.019797758284600397
0 0.7508985136452242 0.14992233187134502 0.018655579922027377 0.019036306042885004
0 0.7693637305068226 0.12974384746588694 0.02132066276803113 0.019797758284600397
0 0.7512792397660819 0.10290265594541909 0.019417032163742687 0.017894127680311886
0 0.7427129020467836 0.09205196150097464 0.019036306042885087 0.01903630604288499
0 0.7331947490253411 0.08557961744639375 0.015990497076023402 0.01599049707602339
0 0.7238669590643274 0.07491928606237816 0.02093993664717353 0.017513401559454203
0 0.7149198952241715 0.06730476364522417 0.017513401559454245 0.019797758284600384
0 0.705401742202729 0.057976973684210516 0.02208211500974666 0.01865557992202728
0 0.6953125 0.050552814327485374 0.015609770955165692 0.01827485380116959
0 0.8131472344054581 0.08500852826510719 0.020559210526315708 0.02398574561403509
0 0.8289473684210527 0.05930951510721247 0.011802509746588696 0.022082115009746585
0 0.7442358065302144 0.018762183235867435 0.019036306042884976 0.018655579922027293
0 0.7558479532163742 0.024663438109161787 0.017132675438596423 0.019036306042884994
0 0.765175743177388 0.03437195419103313 0.019036306042884976 0.01941703216374269
0 0.7722191764132553 0.044841922514619874 0.020178484405458108 0.01903630604288499
0 0.781546966374269 0.05188535575048732 0.018274853801169666 0.016371223196881092
0 0.7939205653021442 0.059690241228070165 0.018655579922027266 0.02055921052631579
0 0.8809164839181287 0.021807992202729037 0.011421783625730986 0.02627010233918129
0 0.8337064449317739 0.008672941033138393 0.010660331384015564 0.016751949317738792
0 0.7748842592592593 0.011718749999999991 0.02093993664717353 0.015990497076023392
0 0.785354227582846 0.020475450779727088 0.024366471734892814 0.012183235867446397
0 0.795633832846004 0.03342013888888888 0.017513401559454134 0.012183235867446393
0 0.6964546783625731 0.008482577972709541 0.017894127680311955 0.015609770955165693
0 0.9130878411306043 0.019713998538011687 0.010279605263157854 0.01979775828460039
0 0.9273650706627681 0.022188718323586733 0.012944688109161828 0.02474719785575049
0 0.9498279117933723 0.011718749999999991 0.018274853801169666 0.017513401559454193
0 0.990689342714425 0.010104471247563347 0.014715064571150127 0.018853557504873306
0 0.9167047392787524 0.10594846491228069 0.01446759259259267 0.02246284113060429
0 0.5020939936647173 0.11927387914230018 0.018274853801169555 0.017132675438596506
0 0.48972039473684215 0.1253654970760234 0.021701388888888895 0.019417032163742715
0 0.5030458089668616 0.0831048976608187 0.0178941276803119 0.021701388888888895
0 0.4792504264132554 0.06463968079922026 0.019036306042884976 0.019797758284600377
0 0.4565972222222222 0.07891691033138401 0.023985745614035103 0.020178484405458094
0 0.4499345151072125 0.09090978313840155 0.020559210526315763 0.021320662768031184
0 0.5057108918128655 0.15810794346978557 0.015609770955165747 0.021701388888888895
0 0.4491730628654971 0.22511574074074076 0.015990497076023402 0.02017848440545808
0 0.4853420443469786 0.1811418737816764 0.012944688109161773 0.016751949317738796
0 0.5894706384015596 0.2272097344054581 0.020178484405458108 0.015990497076023374
0 0.5211302997076024 0.29345607943469787 0.019797758284600397 0.013706140350877194
0 0.5316002680311891 0.2833668372319688 0.023224293372319682 0.012563961988304118
0 0.5458774975633529 0.27327759502923976 0.026650828460038967 0.011421783625730986
0 0.5605354532163742 0.2647112573099415 0.024747197855750414 0.014848318713450326
0 0.5679596125730995 0.25443165204678364 0.024366471734892814 0.013325414230019483
0 0.9776209186159844 0.5283640960038987 0.02284356725146197 0.02208211500974655
0 0.9563002558479532 0.5078048854775828 0.018274853801169555 0.01903630604288503
0 0.9357410453216375 0.489910757797271 0.017513401559454134 0.01827485380116961
0 0.9128974780701755 0.4683997319688109 0.01446759259259267 0.01713267543859648
0 0.8955744395711501 0.4516477826510721 0.017132675438596534 0.0178941276803119
0 0.875395955165692 0.43242111354775825 0.018655579922027377 0.021320662768031184
0 0.8990009746588694 0.43242111354775825 0.020178484405457997 0.022082115009746606
0 0.9770498294346979 0.4586912158869396 0.020178484405457997 0.022082115009746606
0 0.9943062408625731 0.4753403691520468 0.007481268274853736 0.018069261695906447
0 0.8356100755360624 0.394729227582846 0.017513401559454245 0.019797758284600397
0 0.8546463815789473 0.34237938596491224 0.019036306042884976 0.020939936647173474
0 0.9648665935672515 0.3772158260233918 0.02093993664717342 0.023605019493177393
0 0.9891664382309941 0.3502356694688109 0.0177608735380117 0.022184911062378188
0 0.9195601851851851 0.2020818104288499 0.017894127680311844 0.019036306042884976
0 0.9041407772904484 0.21750121832358676 0.017513401559454134 0.018655579922027293
0 0.8645452607212476 0.26071363304093564 0.01446759259259256 0.01903630604288503
0 0.8946226242690059 0.2313977217348928 0.01446759259259256 0.02512792397660818
0 0.885485197368421 0.24205805311890838 0.01446759259259267 0.019797758284600397
0 0.8734923245614036 0.24872076023391815 0.015609770955165692 0.018655579922027293
0 0.8548367446393762 0.2706125121832359 0.01484831871345027 0.023605019493177337
0 0.7992507309941521 0.2904102704678363 0.023985745614034992 0.022843567251462027
1 0.7154017857142857 0.25558035714285715 0.025669642857142794 0.0267857142857143
0 0.34984984984984985 0.5756615990990992 0.011143956456456494 0.020528340840840875
0 0.3656859984984985 0.5994158220720721 0.01466310060060061 0.017595720720720687
0 0.7367050438596492 0.30496162280701755 0.02055921052631582 0.0164473684210526
0 0.5076248123123124 0.016117680180180192 0.01583614864864874 0.02170138888888889
1 0.7243868670886076 0.7713607594936709 0.042853375527426074 0.018130274261603407
0 0.6810418159025788 0.7826155085959885 0.015669770773638958 0.020706482808022897
0 0.6144081993177388 0.8192388523391814 0.01446759259259256 0.016751949317738712
0 0.6037478679337231 0.8236172027290449 0.01370614035087725 0.018655579922027266
1 0.5675788864522417 0.8436053240740742 0.024366471734892814 0.019036306042884976
0 0.5626388007614214 0.9170764593908629 0.016854378172588835 0.022802982233502633
0 0.5752795843908629 0.9440930361675127 0.016358661167512722 0.021315831218274184
0 0.9615744904076738 0.876330185851319 0.021545263788968816 0.01592476019184652
0 0.9746889988009593 0.896001948441247 0.019671762589928088 0.014051258992805682
0 0.9833539418465228 0.9145027727817746 0.022950389688249473 0.015456384892086339
0 0.9878035071942446 0.9852274430455636 0.016861510791366885 0.019203387290167906
0 0.9582958633093526 0.6950689448441247 0.013114508393285429 0.02435551558753002
0 0.09230522260273973 0.149382848173516 0.02764697488584475 0.020512271689497708
