0 0.01816774764150942 0.04746462264150941 0.011423938679245283 0.024321933962264154
0 0.03253979952830187 0.015772405660377343 0.013635023584905662 0.01768867924528302
0 0.04175265330188677 0.023326945754716964 0.01953125 0.020268278301886794
0 0.03788325471698112 0.041015624999999986 0.01547759433962264 0.015109080188679243
0 0.0393573113207547 0.05852004716981131 0.02063679245283019 0.01989976415094341
0 0.03677771226415093 0.07657724056603774 0.019162735849056603 0.017688679245283015
0 0.03419811320754715 0.1088222287735849 0.022110849056603772 0.020268278301886794
0 0.03769899764150941 0.12227299528301885 0.015846108490566037 0.015477594339622633
0 0.060546874999999986 0.008402122641509416 0.01805719339622642 0.012529481132075472
0 0.060731132075471685 0.022221403301886777 0.019899764150943397 0.015109080188679245
0 0.057783018867924515 0.0397258254716981 0.020636792452830198 0.01768867924528302
0 0.05686173349056603 0.057967275943396214 0.01805719339622642 0.016583136792452838
0 0.05483490566037734 0.07436615566037735 0.017688679245283022 0.01695165094339622
0 0.05704599056603772 0.0891067216981132 0.01916273584905661 0.019899764150943397
0 0.05649321933962263 0.10716391509433962 0.01805719339622642 0.015477594339622647
0 0.056677476415094324 0.12153596698113206 0.01916273584905661 0.017688679245283
0 0.10642688679245282 0.12503685141509432 0.019899764150943397 0.018794221698113178
0 0.107532429245283 0.10955925707547169 0.02211084905660378 0.015109080188679236
0 0.1101120283018868 0.09371314858490565 0.019899764150943397 0.015846108490566044
0 0.11177034198113207 0.07860406839622641 0.01953125 0.013635023584905662
0 0.11195459905660377 0.06367924528301885 0.024321933962264147 0.01621462264150944
0 0.11379716981132074 0.04617482311320753 0.025058962264150927 0.015846108490566044
0 0.11269162735849056 0.029775943396226398 0.02137382075471697 0.014003537735849059
0 0.11545548349056603 0.015956662735849038 0.018794221698113206 0.014372051886792452
0 0.039910082547169795 0.18915831367924527 0.01953125 0.018057193396226412
0 0.013561320754716964 0.22103478773584903 0.01252948113207547 0.023584905660377353
0 0.035856426886792435 0.22048201650943394 0.023216391509433967 0.020268278301886794
0 0.03898879716981131 0.23798643867924527 0.02358490566037736 0.016951650943396235
0 0.03401385613207546 0.25364829009433965 0.019531250000000003 0.018057193396226412
0 0.034382370283018854 0.2726267688679245 0.02100530660377358 0.018425707547169823
0 0.10200471698113206 0.2663620283018868 0.019899764150943397 0.015477594339622647
0 0.09684551886792453 0.27981279481132076 0.02432193396226416 0.01953125
0 0.09960937499999999 0.30026533018867924 0.020268278301886794 0.01474056603773588
0 0.09831957547169812 0.3127948113207547 0.02063679245283019 0.016951650943396235
0 0.09758254716981132 0.32882517688679247 0.01842570754716981 0.01732016509433959
0 0.09684551886792453 0.3468823702830188 0.023584905660377367 0.01732016509433959
0 0.07197081367924527 0.3761792452830188 0.01142393867924528 0.021373820754717
0 0.0986880896226415 0.36678213443396224 0.02284787735849056 0.016583136792452824
0 0.09610849056603774 0.3824439858490566 0.02063679245283019 0.016214622641509413
0 0.09389740566037735 0.39607900943396224 0.02063679245283019 0.018425707547169823
0 0.09481869103773585 0.4133991745283019 0.024690448113207544 0.016214622641509413
0 0.09408166273584904 0.4340359669811321 0.022479363207547176 0.015477594339622647
0 0.0686541863207547 0.45577830188679247 0.01437205188679247 0.02653301886792453
0 0.09389740566037735 0.44564416273584906 0.02211084905660378 0.015109080188679236
0 0.09334463443396226 0.46185878537735847 0.022479363207547162 0.016583136792452824
0 0.09260760613207547 0.47954746462264153 0.01879422169811322 0.014372051886792414
0 0.0896594929245283 0.4968676297169812 0.022479363207547176 0.018794221698113234
0 0.0493071933962264 0.43753685141509435 0.01842570754716981 0.016583136792452824
0 0.04875442216981131 0.4202166863207547 0.021742334905660375 0.017320165094339646
0 0.052439563679245266 0.4008696933962264 0.018794221698113206 0.016951650943396235
0 0.026090801886792435 0.4250073702830188 0.01842570754716981 0.01732016509433959
0 0.027012087264150927 0.40566037735849053 0.018057193396226415 0.016951650943396235
0 0.030512971698113192 0.3872346698113207 0.019899764150943397 0.018425707547169823
0 0.029407429245283 0.37083579009433965 0.019162735849056603 0.015846108490566058
0 0.029407429245283 0.35591096698113206 0.02137382075471698 0.013266509433962237
0 0.028486143867924512 0.3420916863207547 0.01805719339622642 0.016583136792452824
0 0.02885465801886791 0.32477152122641506 0.01805719339622642 0.016583136792452824
0 0.05409787735849056 0.3820754716981132 0.01695165094339624 0.015477594339622647
0 0.050781249999999986 0.36899321933962265 0.017688679245283022 0.016583136792452824
0 0.049859964622641494 0.3549896816037736 0.015846108490566044 0.01953125
0 0.05114976415094338 0.33859080188679247 0.017688679245283022 0.018425707547169823
0 0.050781249999999986 0.3210863797169811 0.022847877358490566 0.02395341981132071
0 0.04580630896226413 0.3076356132075472 0.01953125 0.019162735849056645
0 0.04341096698113206 0.2936320754716981 0.015477594339622647 0.01916273584905659
0 0.16317806603773582 0.529296875 0.023584905660377353 0.018794221698113178
0 0.06257370283018868 0.5169516509433962 0.012529481132075485 0.02505896226415094
0 0.04764887971698112 0.5208210495283019 0.01216096698113208 0.022479363207547176
0 0.03475088443396225 0.5274543042452831 0.010686910377358493 0.02395341981132082
0 0.020194575471698097 0.5309551886792453 0.011792452830188677 0.026533018867924474
0 0.17699734669811318 0.5696491745283019 0.018794221698113206 0.012529481132075526
0 0.14880601415094336 0.5834684551886793 0.01621462264150944 0.01953125
0 0.19837116745283018 0.5770194575471699 0.024690448113207558 0.01474056603773588
0 0.03640919811320753 0.5856795400943395 0.021373820754716985 0.016583136792452824
0 0.2492457672910663 0.48592849423631124 0.022514409221901982 0.017448667146974073
0 0.025790255763688787 0.29343029538904897 0.016885806916426514 0.01294578530259366
0 0.09727350504322768 0.18310969020172913 0.019137247838616714 0.015197226224783866
0 0.2185698847262248 0.053370407060518765 0.010694344380403453 0.022514409221902017
0 0.2312342399135447 0.05590327809798274 0.011257204610951005 0.02082582853025937
0 0.23179710014409224 0.28892741354466855 0.020262968299711803 0.015197226224783866
0 0.0913634726224784 0.6643551873198847 0.01744866714697406 0.01632294668587886
0 0.062376170749279564 0.665199477665706 0.014634365994236308 0.027017291066282367
0 0.04897124191810341 0.6685833108836208 0.013048895474137935 0.022309401939655138
0 0.03823747306034479 0.6702670393318966 0.012627963362068964 0.018941945043103425
0 0.027503704202586174 0.6780542834051724 0.015574488146551727 0.022730334051724088
0 0.017611799568965483 0.6845787311422413 0.015153556034482757 0.022309401939655138
0 0.007930360991379276 0.6900508485991379 0.015153556034482759 0.028202451508620663
0 0.09232724946120688 0.7094137257543104 0.023151266163793108 0.01220703125
0 0.09106445312499997 0.7233044854525863 0.02230940193965518 0.011365167025861989
0 0.09422144396551721 0.7348801185344829 0.01852101293103449 0.009260506465517238
0 0.08980165678879308 0.7479290140086208 0.022309401939655166 0.01178609913793105
0 0.09232724946120688 0.7605569773706897 0.02904431573275862 0.01346982758620685
0 0.09295864762931032 0.7761314655172413 0.022730334051724144 0.014311691810344862
0 0.09506330818965515 0.7954943426724138 0.0244140625 0.01094423491379315
0 0.09337957974137928 0.8085432381465518 0.027781519396551727 0.011786099137930939
0 0.09632610452586204 0.8211712015086208 0.021888469827586216 0.01178609913793105
0 0.22660459321120688 0.7826559132543104 0.013890759698275856 0.02567685883620685
0 0.014875740840517206 0.7830768453663793 0.01978380926724138 0.017258216594827624
0 0.01971646012931031 0.7965466729525863 0.018521012931034482 0.016416352370689613
0 0.10769127155172412 0.8891517376077587 0.026097790948275856 0.014732623922413701
0 0.10705987338362066 0.90283203125 0.02146753771551725 0.01178609913793105
0 0.10348195043103446 0.8651586072198276 0.023572198275862072 0.0130488954741379
0 0.10221915409482757 0.8533725080818966 0.0218884698275862 0.0113651670258621
0 0.09990402747844826 0.8384294181034484 0.023151266163793108 0.016837284482758563
0 0.04623518318965514 0.8634748787715518 0.01683728448275862 0.019783809267241437
0 0.04770844558189652 0.8819958917025863 0.018100080818965518 0.019783809267241437
0 0.05170730064655169 0.8954657192887931 0.012627963362068964 0.016416352370689724
0 0.05844221443965514 0.9043052936422414 0.02188846982758621 0.02399313038793105
0 0.06202013739224135 0.9217739762931035 0.018100080818965525 0.018521012931034475
0 0.01719086745689652 0.9777579471982759 0.019362877155172414 0.021046605603448176
0 0.06896551724137928 0.969549771012931 0.014311691810344834 0.020625673491379337
0 0.07338530441810343 0.9849137931034484 0.018100080818965525 0.026097790948275912
0 0.2899548760775862 0.97607421875 0.015153556034482762 0.027781519396551713
0 0.24786166487068964 0.9322972790948276 0.010102370689655193 0.0260977909482758
0 0.25901636584051724 0.9297716864224138 0.010523302801724144 0.0244140625
0 0.3088968211206896 0.8733667834051725 0.013469827586206906 0.0244140625
0 0.2689082704741379 0.890204067887931 0.023572198275862044 0.016837284482758563
0 0.3156317349137931 0.843901535560345 0.01178609913793105 0.021046605603448287
0 0.34172952586206895 0.7849710398706897 0.014311691810344807 0.029465247844827624
0 0.3291015625 0.7691860856681034 0.013469827586206906 0.027360587284482762
0 0.28511415678879315 0.7548743938577587 0.013890759698275856 0.021467537715517238
0 0.2495453933189655 0.7727640086206897 0.010102370689655193 0.019362877155172376
0 0.2613314924568966 0.7675023572198276 0.010944234913793094 0.02230940193965525
0 0.3867692618534483 0.7470871497844829 0.01178609913793105 0.022730334051724088
0 0.3825599407327586 0.7733954067887931 0.01262796336206895 0.02399313038793105
0 0.3638284617456896 0.8632644127155173 0.010523302801724144 0.022730334051724088
0 0.36887964709051724 0.8319049703663793 0.010523302801724144 0.02230940193965525
0 0.37414129849137934 0.8026501885775863 0.005893049568965525 0.016837284482758563
0 0.3726680360991379 0.56103515625 0.011365167025862044 0.0252559267241379
0 0.38613786368534486 0.5768201104525863 0.013048895474137956 0.028202451508620663
0 0.2571221713362069 0.059705010775862044 0.01431169181034489 0.025255926724137935
0 0.6003923087284484 0.048339843749999965 0.021467537715517238 0.019362877155172417
0 0.5827131600215518 0.053601495150862044 0.021467537715517238 0.021467537715517244
1 0.43517645474137934 0.39329370959051724 0.021888469827586188 0.06356074892241381
1 0.44948814655172414 0.40802633351293105 0.0244140625 0.0618770204741379
1 0.46422077047413796 0.32594457165948276 0.014311691810344862 0.027360587284482762
0 0.457275390625 0.3602505387931034 0.010523302801724144 0.021888469827586243
0 0.5155744881465518 0.5639816810344829 0.021888469827586188 0.021046605603448287
0 0.5825104890046298 0.6984772858796297 0.01672815393518523 0.0180844907407407
0 0.6085069444444444 0.7210828993055556 0.01808449074074081 0.01898871527777779
0 0.7124927662037037 0.7484356915509259 0.0244140625 0.01491970486111116
0 0.6293041087962963 0.7405237268518519 0.01898871527777779 0.02079716435185186
0 0.651683666087963 0.7631293402777778 0.02124927662037035 0.02170138888888884
0 0.676097728587963 0.7825701678240742 0.01944082754629628 0.01989293981481477
0 0.6993815104166667 0.8035933883101852 0.01989293981481477 0.0185366030092593
0 0.7183702256944444 0.8232602719907407 0.02350983796296291 0.02170138888888895
0 0.7409758391203705 0.8440574363425926 0.02170138888888895 0.01808449074074081
0 0.7832483362268519 0.8842954282407407 0.01944082754629628 0.01989293981481477
0 0.8067581741898149 0.9075792100694444 0.02215350115740744 0.02124927662037035
0 0.7764666521990741 0.9473650896990742 0.02305772569444442 0.01401548032407407
0 0.7692328559027778 0.9588939525462963 0.02577039930555558 0.01627604166666663
0 0.7552173755787037 0.9663538049768519 0.01944082754629628 0.01311125578703698
0 0.7500180844907407 0.9796911168981481 0.02350983796296291 0.01627604166666663
0 0.8110532407407407 0.9842122395833334 0.01537181712962965 0.02079716435185186
0 0.798828125 0.9884168836805556 0.01171875 0.01925998263888884
0 0.7866391782407407 0.9929380063657407 0.01265914351851849 0.01021773726851849
0 0.8497088396990741 0.949851707175926 0.01582392939814814 0.02260561342592593
0 0.8707320601851852 0.9674840856481481 0.02350983796296302 0.02079716435185186
0 0.9584418402777778 0.9824037905092593 0.0180844907407407 0.01898871527777779
0 0.8820348668981481 0.6238787615740742 0.02622251157407407 0.01808449074074081
0 0.8675672743055556 0.6347294560185186 0.01718026620370372 0.01446759259259267
0 0.8673412181712963 0.6491970486111112 0.02305772569444442 0.01898871527777779
0 0.7561216001157407 0.19708478009259262 0.02486617476851849 0.015371817129629622
0 0.8668891059027778 0.1593334056712963 0.02034505208333326 0.016728153935185175
0 0.8942418981481481 0.13062427662037038 0.01898871527777779 0.018988715277777776
1 0.8867820457175926 0.16295030381944448 0.02848307291666663 0.027578848379629622
0 0.8797743055555556 0.10304542824074076 0.02079716435185186 0.01989293981481481
0 0.9023799189814815 0.07614474826388892 0.02170138888888884 0.019440827546296294
0 0.7211413447251114 0.11677539933135217 0.01915397473997027 0.01944418647845468
0 0.6801348415132925 0.07921938905930467 0.018372955010224956 0.014778246421267904
0 0.7013036809815951 0.09599469580777092 0.019970603271983633 0.017973542944785273
0 0.5119342026378897 0.16416554256594723 0.010304256594724226 0.024823890887290173
0 0.6996666003184713 0.1438967953821656 0.019904458598726138 0.01803841560509553
0 0.46196077733485197 0.71733520785877 0.02002064350797267 0.01557161161731202
0 0.4813140660592255 0.7489233342824602 0.016016514806378113 0.020020643507972724
0 0.4488361332574032 0.7491457858769932 0.01156748291571752 0.020465546697038706
0 0.43637884396355353 0.7473661731207291 0.009787870159453316 0.02135535307517078
0 0.42458890945330297 0.7453641087699316 0.009342966970387223 0.01913083712984054
0 0.3593205574912892 0.9238213196864111 0.019054878048780532 0.012930095818815324
0 0.2984182098765432 0.7073688271604938 0.02314814814814814 0.016396604938271553
0 0.24127121913580246 0.7329282407407407 0.02459490740740744 0.013503086419753174
0 0.9395608513189448 0.03793839928057554 0.016861510791366885 0.01686151079136691
0 0.007369686234817853 0.9016953441295547 0.011861082995951417 0.02925733805668007
