0 0.10629574887387391 0.05306869369369373 0.014076576576576585 0.023754222972972965
0 0.054828265765765806 0.19779349662162166 0.018475506756756757 0.022874436936936943
0 0.16568130630630634 0.20483178490990994 0.016715934684684686 0.021114864864864857
0 0.2980891047297297 0.24662162162162163 0.01583614864864863 0.027273367117117087
0 0.042071368243243285 0.3856278153153153 0.024634009009009007 0.027273367117117142
0 0.02095650337837842 0.403223536036036 0.019355292792792786 0.02375422297297297
0 0.09089949324324328 0.4445734797297297 0.0219946509009009 0.021994650900900914
0 0.10277660472972977 0.46348887950450446 0.02639358108108107 0.026393581081081086
0 0.13356911599099103 0.45645059121621623 0.017595720720720742 0.019355292792792744
0 0.26511863425925924 0.03219039351851852 0.01953125 0.012297453703703706
0 0.27524594907407407 0.04195601851851852 0.025318287037037035 0.017361111111111112
0 0.29116030092592593 0.06510416666666666 0.028211805555555525 0.015914351851851853
0 0.31720196759259256 0.10669849537037036 0.01953125 0.01519097222222221
0 0.33420138888888884 0.12767650462962962 0.026041666666666685 0.018084490740740755
0 0.38339120370370366 0.16890914351851852 0.01880787037037035 0.013744212962962965
0 0.3891782407407407 0.17975983796296297 0.017361111111111105 0.010850694444444448
0 0.3978587962962963 0.18988715277777776 0.02314814814814814 0.013744212962962965
0 0.4036458333333333 0.19929108796296297 0.02459490740740744 0.015190972222222238
0 0.41232638888888884 0.2228009259259259 0.02314814814814814 0.017361111111111105
0 0.42353877314814814 0.24414062499999997 0.025318287037037035 0.016637731481481455
0 0.3360098379629629 0.3070746527777778 0.018084490740740755 0.025318287037037035
0 0.3461371527777778 0.302734375 0.016637731481481455 0.028211805555555525
0 0.35951967592592593 0.2969473379629629 0.017361111111111105 0.023871527777777735
0 0.3700086805555555 0.288990162037037 0.01663773148148151 0.022424768518518545
0 0.390625 0.2817563657407407 0.018807870370370405 0.023871527777777735
0 0.4014756944444444 0.2759693287037037 0.01302083333333337 0.026765046296296335
0 0.4173900462962963 0.31611689814814814 0.013020833333333315 0.021701388888888895
0 0.45572916666666663 0.3157552083333333 0.01591435185185186 0.02387152777777779
0 0.445240162037037 0.32443576388888884 0.019531249999999944 0.023871527777777735
0 0.4097945601851852 0.33962673611111105 0.01953125 0.022424768518518545
0 0.3783275462962963 0.3555410879629629 0.01880787037037035 0.023871527777777735
0 0.3559027777777778 0.367115162037037 0.018807870370370405 0.022424768518518545
0 0.34396701388888884 0.37290219907407407 0.015190972222222265 0.020978009259259245
0 0.3247974537037037 0.38302951388888884 0.017361111111111105 0.01953125
0 0.30056423611111105 0.39243344907407407 0.018084490740740755 0.022424768518518545
0 0.2857349537037037 0.3978587962962963 0.017361111111111105 0.02748842592592593
0 0.23292824074074073 0.4231770833333333 0.01591435185185186 0.02459490740740744
0 0.2177372685185185 0.4282407407407407 0.017361111111111133 0.02748842592592593
0 0.1982060185185185 0.435474537037037 0.020254629629629622 0.023148148148148195
0 0.1804832175925926 0.4466869212962963 0.01953125 0.02242476851851849
0 0.35083912037037035 0.21846064814814814 0.02604166666666663 0.03616898148148148
0 0.41232638888888884 0.07921006944444445 0.018807870370370405 0.015190972222222224
0 0.41811342592592593 0.09078414351851852 0.015914351851851805 0.010850694444444448
0 0.42209201388888884 0.10308159722222221 0.016637731481481455 0.009403935185185189
0 0.42787905092592593 0.1146556712962963 0.018084490740740755 0.013744212962962965
0 0.4481336805555555 0.16673900462962962 0.0209780092592593 0.01519097222222221
0 0.4618778935185185 0.18373842592592593 0.02242476851851849 0.013020833333333343
0 0.46802662037037035 0.19422743055555552 0.02314814814814814 0.012297453703703692
0 0.4738136574074074 0.20833333333333331 0.02459490740740744 0.01157407407407407
0 0.48321759259259256 0.22894965277777776 0.02314814814814814 0.016637731481481455
0 0.49949363425925924 0.2622251157407407 0.02387152777777779 0.018084490740740755
0 0.4726383724256293 0.34794229118993136 0.021900028604118993 0.013855120137299781
0 0.4768842963386728 0.35933924485125857 0.021453089244851287 0.015195938215103011
0 0.48202409897025167 0.3685015017162471 0.02279390732265446 0.016536756292906185
0 0.48828125 0.38123927345537756 0.01921839244851259 0.014302059496567487
0 0.4927506435926773 0.3928596967963387 0.020112271167048 0.011620423340961084
0 0.496773097826087 0.4049270594965675 0.01832451372997712 0.012514302059496552
0 0.5039241275743707 0.4152066647597254 0.023687786041189873 0.013408180778032075
0 0.506829233409611 0.4281679061784897 0.018771453089244827 0.012514302059496552
0 0.5142037328375286 0.4375536327231121 0.022793907322654516 0.014302059496567543
0 0.5175557780320366 0.4471628289473684 0.02055921052631582 0.011173483981693377
0 0.5235894593821511 0.45721896453089245 0.021900028604118993 0.014302059496567487
0 0.5280588529748284 0.46906285755148736 0.02100614988558358 0.012067362700228845
0 0.5352098827231121 0.48157715961098396 0.024581664759725452 0.01474899885583525
0 0.5457129576659039 0.5043710669336384 0.025028604118993103 0.01564287757437066
0 0.5334221252860412 0.3358749284897025 0.019218392448512533 0.011173483981693377
0 0.5396792763157894 0.34704841247139584 0.022793907322654516 0.01027960526315791
0 0.5475007151029748 0.35755148741418763 0.022346967963386755 0.009832665903890203
0 0.5492884725400458 0.3696188501144165 0.02413472540045758 0.010726544622425616
0 0.5716354405034325 0.4154301344393593 0.018771453089244883 0.012961241418764313
0 0.582585454805492 0.4371066933638444 0.02100614988558358 0.014302059496567487
0 0.6143181493135011 0.45967713100686497 0.012961241418764313 0.012961241418764313
0 0.6243742848970252 0.4574424342105263 0.015195938215103011 0.01832451372997712
0 0.6357712385583524 0.45185569221967964 0.012961241418764313 0.016089816933638423
0 0.6482855406178489 0.44716282894736836 0.012961241418764313 0.013855120137299781
0 0.6487324799771167 0.5074996424485125 0.011173483981693266 0.015642877574370773
0 0.6621406607551488 0.5030302488558352 0.01474899885583525 0.02100614988558358
0 0.6724202660183066 0.49610268878718533 0.01206736270022879 0.01966533180778035
0 0.6851580377574371 0.4880577803203661 0.0151959382151029 0.023240846681922167
0 0.7075050057208239 0.48180062929061784 0.016089816933638423 0.023240846681922167
0 0.7206897168192219 0.4744261298627002 0.013855120137299726 0.02368778604118993
0 0.7405785183066362 0.4643699942791762 0.016089816933638423 0.02413472540045769
0 0.6943202946224256 0.4245923913043478 0.012961241418764313 0.021453089244851287
0 0.7041529605263157 0.41699442219679633 0.011173483981693377 0.016983695652173947
0 0.7280642162471396 0.40917298340961095 0.014302059496567487 0.021900028604118937
0 0.8042673770022883 0.3953178632723112 0.02458166475972534 0.02368778604118993
1 0.777376947592068 0.8205338172804533 0.13721671388101975 0.028771246458923483
0 0.6909533514492754 0.010473278985507246 0.016417572463768182 0.0198143115942029
0 0.7048233695652173 0.03311820652173913 0.016983695652173947 0.02321105072463768
0 0.7186933876811594 0.05915987318840579 0.017549818840579712 0.020946557971014496
0 0.7305819746376812 0.08322010869565216 0.015285326086956541 0.019248188405797104
0 0.7566236413043478 0.13332201086956522 0.014153079710145011 0.02434329710144928
0 0.7724750905797102 0.15511775362318841 0.017549818840579712 0.026041666666666657
0 0.7854959239130435 0.17889492753623187 0.018682065217391353 0.021512681159420288
0 0.808990036231884 0.11860280797101448 0.015851449275362306 0.020946557971014496
0 0.825690670289855 0.14945652173913043 0.017549818840579712 0.022644927536231874
0 0.8058763586956521 0.20691802536231882 0.018682065217391353 0.018682065217391297
0 0.8709805253623188 0.20974864130434784 0.019814311594202993 0.020946557971014496
0 0.8245584239130435 0.22758152173913043 0.017549818840579712 0.0226449275362319
0 0.8440896739130435 0.24994338768115942 0.021512681159420288 0.02207880434782608
0 0.9077785326086956 0.2533401268115942 0.019814311594202882 0.018682065217391325
0 0.9270267210144927 0.2771173007246377 0.019814311594202882 0.02207880434782611
0 0.9445765398550724 0.2977807971014493 0.015285326086956541 0.021512681159420288
0 0.7832314311594203 0.006510416666666667 0.015285326086956541 0.011888586956521738
0 0.7959692028985507 0.00594429347826087 0.011322463768115965 0.010756340579710144
0 0.7433197463768115 0.10869565217391303 0.016983695652173947 0.027173913043478257
0 0.8876161317567567 0.23384712837837837 0.0184755067567568 0.017947635135135143
0 0.05089492394179894 0.4991319444444444 0.01911789021164021 0.016534391534391568
0 0.06071221891534391 0.5061073908730158 0.018084490740740748 0.016017691798941802
0 0.07027116402116401 0.5143745866402116 0.014467592592592587 0.01705109126984128
0 0.08112185846560846 0.5236751818783069 0.012400793650793662 0.0180844907407407
0 0.08499710648148148 0.5327174272486772 0.012917493386243387 0.018601190476190466
0 0.09300595238095238 0.5446015211640212 0.014467592592592601 0.019634589947089887
