0 0.3779296875 0.03743489583333333 0.013671875 0.024088541666666664
0 0.38639322916666663 0.0712890625 0.014973958333333315 0.022786458333333336
0 0.40299479166666663 0.123046875 0.022135416666666685 0.01822916666666667
0 0.4182942708333333 0.09147135416666667 0.013671875 0.021484375
0 0.48860677083333337 0.0078125 0.011067708333333315 0.015625
0 0.49934895833333337 0.013346354166666666 0.007812500000000056 0.020182291666666668
0 0.5078125 0.020182291666666668 0.01302083333333326 0.01953125
0 0.38671875 0.1455078125 0.015625 0.027994791666666685
0 0.4026692708333333 0.1513671875 0.013671875 0.027994791666666685
0 0.5162760416666667 0.12141927083333334 0.01302083333333337 0.02278645833333333
0 0.5286458333333334 0.1240234375 0.01171875 0.025390625
0 0.54296875 0.12662760416666669 0.01171875 0.022786458333333343
0 0.37760416666666663 0.2216796875 0.014322916666666685 0.022786458333333315
0 0.4895833333333333 0.263671875 0.01171875 0.02213541666666663
0 0.48046875 0.29296875 0.01302083333333337 0.01953125
0 0.478515625 0.31575520833333337 0.01432291666666663 0.020833333333333315
0 0.49544270833333337 0.2978515625 0.013020833333333315 0.021484375
0 0.48990885416666663 0.3212890625 0.012369791666666685 0.02278645833333337
0 0.3369140625 0.21712239583333334 0.013671875 0.025390625
0 0.32845052083333337 0.24641927083333331 0.012369791666666685 0.021484374999999972
0 0.310546875 0.3024088541666667 0.01432291666666663 0.025390625
0 0.23860677083333331 0.3362630208333333 0.016276041666666657 0.025390625
0 0.24381510416666669 0.30891927083333337 0.012369791666666657 0.024088541666666685
0 0.2666015625 0.24479166666666669 0.017578125 0.026041666666666657
0 0.5198567708333334 0.3118489583333333 0.013671875 0.02734375
0 0.5338541666666667 0.3108723958333333 0.01302083333333337 0.021484375
0 0.7395833333333334 0.25553385416666663 0.015625 0.026692708333333315
0 0.7945963541666666 0.26171875 0.013671875 0.02083333333333337
0 0.7845052083333333 0.2893880208333333 0.01432291666666663 0.021484375
0 0.7337239583333333 0.9482421875 0.02083333333333337 0.013671875
0 0.755859375 0.9541015625 0.02083333333333326 0.01627604166666674
0 0.7789713541666666 0.9622395833333333 0.025390625 0.01692708333333337
0 0.8059895833333333 0.9713541666666666 0.02473958333333337 0.01953125
0 0.8538411458333333 0.935546875 0.01888020833333337 0.015625
0 0.8772786458333334 0.9410807291666667 0.021484375 0.01627604166666663
0 0.9505208333333333 0.9677734375 0.02083333333333337 0.013671875
0 0.75 0.3844401041666667 0.01432291666666674 0.017578125
0 0.7438151041666667 0.40852864583333337 0.01497395833333337 0.026692708333333315
0 0.73828125 0.4388020833333333 0.01432291666666674 0.0234375
0 0.6800130208333333 0.44173177083333337 0.01627604166666663 0.022786458333333315
0 0.671875 0.46419270833333337 0.01302083333333326 0.020833333333333315
0 0.6634114583333333 0.49088541666666663 0.01432291666666663 0.026041666666666685
1 0.8076171875 0.22037760416666666 0.017578125 0.029296875
0 0.755859375 0.201171875 0.01171875 0.015625
0 0.8961588541666667 0.16666666666666669 0.02018229166666663 0.020833333333333343
0 0.8326822916666666 0.142578125 0.01171875 0.022135416666666685
0 0.771484375 0.15690104166666666 0.015625 0.0234375
0 0.7854817708333333 0.126953125 0.01497395833333337 0.02473958333333333
0 0.79296875 0.10221354166666666 0.01302083333333326 0.02083333333333333
0 0.8427734375 0.11067708333333334 0.01627604166666674 0.02473958333333333
0 0.8538411458333333 0.06966145833333333 0.01236979166666663 0.023437499999999993
0 0.8118489583333333 0.044596354166666664 0.01432291666666663 0.025390625
0 0.8235677083333333 0.013346354166666666 0.01692708333333337 0.022786458333333332
0 0.6962890625 0.5550130208333334 0.013671875 0.021484375
0 0.6435546875 0.55078125 0.01236979166666674 0.02604166666666674
0 0.6360677083333333 0.5745442708333334 0.01432291666666663 0.017578125
0 0.6751302083333333 0.6158854166666667 0.01692708333333337 0.02213541666666663
0 0.6695963541666667 0.6422526041666666 0.01627604166666663 0.021484375
0 0.62109375 0.619140625 0.015625 0.02473958333333326
0 0.611328125 0.6487630208333334 0.01692708333333326 0.021484375
0 0.46126302083333337 0.5071614583333333 0.016276041666666685 0.02604166666666663
0 0.5094401041666667 0.5240885416666667 0.01106770833333337 0.01822916666666663
0 0.4365234375 0.5065104166666667 0.021484375 0.01302083333333337
0 0.43001302083333337 0.47591145833333337 0.012369791666666685 0.022135416666666685
0 0.5830652573529411 0.3303079044117647 0.011047087104072317 0.015465921945701344
0 0.573564762443439 0.3245634191176471 0.010605203619909465 0.01723345588235292
0 0.5625176753393666 0.3199236425339367 0.011488970588235392 0.015024038461538491
0 0.333039314516129 0.8606980846774194 0.02205141129032262 0.014175907258064502
0 0.32988911290322576 0.8768428679435484 0.022051411290322565 0.01181325604838701
0 0.4875542803970223 0.9009576612903225 0.024232320099255578 0.014539392059553347
0 0.4785883219602977 0.9259169509925558 0.02180908808933002 0.013085452853597968
0 0.5071824596774193 0.9659002791563275 0.011146867245657499 0.025201612903225756
0 0.4252772177419355 0.8924763492555831 0.020839795285359786 0.017931916873449083
0 0.4344854993796526 0.8483735266749379 0.02374767369727049 0.014054745657568257
0 0.4121917648883374 0.842315446650124 0.019870502481389607 0.013570099255583168
0 0.4744688275434243 0.8120250465260546 0.02132444168734493 0.014054745657568257
0 0.44854024503722084 0.7994242400744417 0.02180908808933002 0.012116160049627789
0 0.42818509615384615 0.7909429280397022 0.01793191687344914 0.013570099255583057
0 0.37632793114143914 0.7722840415632755 0.020839795285359786 0.013085452853598079
0 0.36978520471464016 0.8260797921836227 0.01744727047146405 0.013085452853598079
0 0.35015702543424315 0.8212333281637716 0.017931916873449083 0.015993331265508615
0 0.2970882444168734 0.8028167648883374 0.02229373449131511 0.015993331265508726
0 0.3208359181141439 0.7565330334987592 0.019385856079404462 0.012600806451612878
0 0.29466501240694787 0.7499903070719602 0.018416563275434283 0.012116160049627789
0 0.2699480459057072 0.7953047456575681 0.018416563275434228 0.013570099255583057
0 0.24547340260545902 0.7860964640198511 0.020839795285359813 0.016477977667493815
0 0.21615229528535979 0.7756765663771712 0.020355148883374696 0.013085452853597968
0 0.11922301488833746 0.831410902605459 0.011631513647642672 0.02180908808933002
0 0.06348867866004962 0.7684068703473945 0.019385856079404462 0.018901209677419373
1 0.0751201923076923 0.8154175713399503 0.01550868486352358 0.026655552109181135
1 0.08747867555831265 0.7221231389578163 0.025686259305210915 0.02035514888337464
0 0.0603384770471464 0.7814923232009925 0.01793191687344914 0.017931916873449083
0 0.053068781017369726 0.7972433312655086 0.01793191687344913 0.0232630272952854
0 0.02980575372208437 0.8074209057071959 0.012116160049627792 0.02229373449131511
0 0.05743059863523573 0.6978908188585607 0.023747673697270474 0.015508684863523525
0 0.2335995657568238 0.6649348635235732 0.024232320099255578 0.016477977667493815
0 0.24014229218362282 0.6545149658808933 0.01987050248138958 0.015024038461538436
0 0.24280784739454092 0.63997557382134 0.020355148883374724 0.014054745657568257
0 0.2495928970223325 0.6285863833746899 0.025201612903225784 0.012600806451612878
0 0.24886592741935482 0.614289314516129 0.017931916873449166 0.013085452853597968
0 0.25201612903225806 0.6045963864764268 0.025201612903225784 0.014054745657568257
0 0.26146673387096775 0.5873914392059553 0.01793191687344914 0.01066222084367241
0 0.18901209677419353 0.5985383064516129 0.0116315136476427 0.017447270471464105
1 0.20452078163771711 0.6188934553349875 0.029078784119106693 0.05718827543424321
0 0.1589640198511166 0.6285863833746899 0.009692928039702231 0.015508684863523636
0 0.23408421215880892 0.5323840725806451 0.01550868486352358 0.023747673697270377
0 0.22075643610421836 0.571155784739454 0.015024038461538464 0.024716966501240778
0 0.22948007133995035 0.48779660359801486 0.01599333126550867 0.02374767369727049
0 0.2435348169975186 0.3717237903225806 0.014054745657568257 0.026170905707196046
0 0.5375174094707521 0.7505114032033426 0.016321378830083555 0.02339397632311968
0 0.5834892931754875 0.7374543001392757 0.014689240947075133 0.025570160167130873
0 0.5758726497214486 0.7608482764623956 0.014689240947075244 0.02339397632311979
0 0.6456060246679316 0.7058304672675522 0.013342030360531276 0.02334855313092976
0 0.6385643975332067 0.7326998339658444 0.014824478178368072 0.02371916508538896
0 0.6313374644212524 0.7595692006641366 0.01593631404174578 0.026313448766603464
0 0.7047904554263565 0.7045381136950903 0.01665455426356588 0.013121770025839807
0 0.6840356334841629 0.5967636453619909 0.013256504524886803 0.019000989819004555
0 0.32648920194508013 0.575881364416476 0.02279390732265446 0.011173483981693377
0 0.32134939931350115 0.5917477116704806 0.016089816933638423 0.010726544622425616
0 0.4431403747139588 0.6087314073226544 0.020112271167048057 0.016089816933638423
0 0.9364113729508197 0.7286116803278688 0.018570696721311508 0.012807377049180335
0 0.792328381147541 0.9155993852459017 0.022412909836065587 0.011526639344262235
0 0.9735527663934427 0.8349129098360656 0.021132172131147597 0.015368852459016313
0 0.5906121926229508 0.0844006147540984 0.026255122950819665 0.015368852459016397
0 0.579405737704918 0.10457223360655742 0.02305327868852458 0.012167008196721313
0 0.7052382172131147 0.5294569672131147 0.010886270491803351 0.02561475409836067
0 0.7295722336065573 0.8938268442622951 0.023693647540983576 0.017930327868852514
0 0.3518826844262295 0.9882012038934427 0.01498463114754095 0.01969134221311475
0 0.3660828637295082 0.9888415727459017 0.013928022540983576 0.01841060450819676
0 0.40745069159836067 0.9917232325819672 0.02494236680327866 0.012647284836065587
0 0.3104508196721312 0.9725922131147542 0.01152663934426229 0.02305327868852458
0 0.29348104508196726 0.9754738729508197 0.01216700819672134 0.024974385245901676
0 0.2870773565573771 0.9332095286885246 0.01472848360655743 0.026255122950819665
0 0.08888319672131151 0.9239241803278688 0.015368852459016397 0.02433401639344268
0 0.13402920081967218 0.9268058401639344 0.01600922131147539 0.022412909836065475
0 0.05078125000000004 0.8954277663934427 0.014728483606557381 0.023693647540983576
0 0.06679047131147545 0.8483606557377049 0.010886270491803275 0.02177254098360648
0 0.12474385245901642 0.873655225409836 0.014088114754098366 0.022412909836065587
0 0.02432901651651653 0.08122184684684686 0.017009196696696698 0.02170138888888888
0 0.011132225975975987 0.07242398648648649 0.016422672672672674 0.024047484984984976
0 0.007319819819819831 0.06098676801801803 0.012317004504504505 0.022287912912912912
0 0.05857117052023121 0.9659840137283238 0.011289739884393059 0.02427294075144515
0 0.11643108742774566 0.9781204841040463 0.01524114884393063 0.025966401734104028
0 0.2798500722543353 0.962314848265896 0.013547687861271696 0.021450505780346907
