0 0.019802517361111112 0.1171875 0.02224392361111111 0.013020833333333329
0 0.06781684027777778 0.09955512152777778 0.016276041666666664 0.016818576388888895
0 0.08246527777777778 0.10416666666666666 0.01953125 0.020616319444444434
0 0.09874131944444445 0.10660807291666666 0.01736111111111112 0.02115885416666667
0 0.11176215277777778 0.10877821180555555 0.013020833333333343 0.0146484375
0 0.12803819444444445 0.1125759548611111 0.015190972222222224 0.020073784722222224
0 0.14567057291666669 0.11691623263888888 0.013563368055555552 0.0146484375
0 0.1605902777777778 0.12342664930555555 0.017361111111111133 0.02115885416666667
0 0.17415364583333331 0.1247829861111111 0.015190972222222238 0.01953125
0 0.18446180555555555 0.1299370659722222 0.017361111111111105 0.02115885416666667
0 0.05452473958333333 0.1706271701388889 0.011393229166666664 0.020073784722222238
0 0.08870442708333333 0.16845703125 0.0146484375 0.023328993055555552
0 0.06510416666666666 0.1801215277777778 0.014105902777777776 0.026041666666666657
0 0.07215711805555555 0.19232855902777776 0.011935763888888895 0.0244140625
0 0.10145399305555555 0.17171223958333331 0.011935763888888895 0.023328993055555552
0 0.11393229166666666 0.17198350694444442 0.015190972222222224 0.022786458333333343
0 0.1266818576388889 0.17713758680555555 0.012478298611111119 0.02549913194444442
0 0.1397026909722222 0.18229166666666666 0.012478298611111105 0.021701388888888895
0 0.1532660590277778 0.1860894097222222 0.013563368055555552 0.026041666666666657
0 0.1654730902777778 0.18717447916666669 0.015190972222222238 0.028211805555555552
0 0.17740885416666669 0.19178602430555555 0.013020833333333343 0.022243923611111105
0 0.18961588541666669 0.19666883680555552 0.013563368055555552 0.023328993055555552
0 0.2023654513888889 0.19938151041666666 0.011935763888888867 0.022243923611111105
0 0.2153862847222222 0.20155164930555552 0.013020833333333343 0.025499131944444448
0 0.08110894097222221 0.19775390625 0.010308159722222224 0.0244140625
0 0.09033203125 0.20426432291666666 0.012478298611111105 0.01898871527777779
0 0.09847005208333334 0.21647135416666669 0.010308159722222224 0.020616319444444448
0 0.10904947916666666 0.22108289930555552 0.015190972222222224 0.023328993055555552
0 0.03933376736111111 0.24007161458333331 0.023328993055555556 0.016818576388888867
0 0.045844184027777776 0.2520073784722222 0.020073784722222224 0.01573350694444442
0 0.11827256944444445 0.2313910590277778 0.013020833333333329 0.021158854166666657
0 0.1291232638888889 0.2373589409722222 0.010850694444444448 0.023328993055555552
0 0.1364474826388889 0.2444118923611111 0.016818576388888895 0.0244140625
0 0.14512803819444442 0.2558051215277778 0.015733506944444448 0.024414062500000028
0 0.1540798611111111 0.2642144097222222 0.013020833333333315 0.02278645833333337
0 0.16465928819444445 0.2728949652777778 0.012478298611111105 0.022786458333333315
0 0.17442491319444442 0.2796766493055556 0.013563368055555552 0.022243923611111105
0 0.18147786458333331 0.28781467013888884 0.012478298611111133 0.021158854166666685
0 0.1923285590277778 0.29758029513888884 0.015733506944444448 0.021158854166666685
0 0.20833333333333331 0.3130425347222222 0.014105902777777762 0.02061631944444442
0 0.2143012152777778 0.3271484375 0.016276041666666657 0.02495659722222221
0 0.2267795138888889 0.3301323784722222 0.014105902777777762 0.0244140625
0 0.2387152777777778 0.33935546875 0.013020833333333343 0.022243923611111105
0 0.09195963541666666 0.2916124131944444 0.020073784722222224 0.01898871527777779
0 0.10009765625 0.3021918402777778 0.013563368055555552 0.016276041666666685
0 0.11040581597222221 0.3076171875 0.01790364583333333 0.01844618055555558
0 0.11854383680555555 0.31901041666666663 0.016818576388888895 0.015190972222222265
0 0.12858072916666666 0.3266059027777778 0.01953125 0.017361111111111105
0 0.1416015625 0.3333875868055556 0.02495659722222221 0.018988715277777735
0 0.14811197916666669 0.34423828125 0.020616319444444448 0.0146484375
0 0.1581488715277778 0.3529188368055556 0.021158854166666657 0.015733506944444475
0 0.1665581597222222 0.3602430555555556 0.01953125 0.017361111111111105
0 0.1760525173611111 0.3700086805555556 0.023328993055555552 0.014105902777777735
0 0.1803927951388889 0.38004557291666663 0.021158854166666657 0.014648437499999944
0 0.19856770833333331 0.3838433159722222 0.023871527777777762 0.0146484375
0 0.20155164930555555 0.3955078125 0.022243923611111105 0.011935763888888895
0 0.05723741319444444 0.3369140625 0.018988715277777776 0.01844618055555558
0 0.06917317708333333 0.34423828125 0.01573350694444444 0.016818576388888895
0 0.07514105902777778 0.35319010416666663 0.016818576388888895 0.022786458333333315
0 0.08924696180555555 0.3578016493055556 0.015733506944444448 0.016818576388888895
0 0.09684244791666666 0.3634982638888889 0.015733506944444434 0.01410590277777779
0 0.10687934027777776 0.37272135416666663 0.014105902777777776 0.015190972222222265
0 0.1120334201388889 0.3835720486111111 0.01790364583333333 0.02495659722222221
0 0.1223415798611111 0.3911675347222222 0.013563368055555566 0.01844618055555558
0 0.12830946180555555 0.4006618923611111 0.013563368055555566 0.02115885416666663
0 0.22379557291666666 0.439453125 0.017903645833333315 0.016276041666666685
0 0.2048068576388889 0.45681423611111105 0.016818576388888867 0.017361111111111105
0 0.18880208333333331 0.45871310763888884 0.015190972222222238 0.022243923611111105
0 0.17985026041666666 0.4462348090277778 0.016818576388888895 0.022243923611111105
0 0.14729817708333331 0.4172092013888889 0.016818576388888867 0.01953125
0 0.011393229166666668 0.3792317708333333 0.01953125 0.01410590277777779
0 0.021158854166666664 0.39035373263888884 0.018446180555555556 0.012478298611111105
0 0.030653211805555552 0.39713541666666663 0.018988715277777773 0.013020833333333315
0 0.04123263888888889 0.40500217013888884 0.022786458333333332 0.012478298611111105
0 0.048014322916666664 0.4144965277777778 0.018988715277777776 0.013020833333333315
0 0.061577690972222224 0.4242621527777778 0.02332899305555556 0.014105902777777735
0 0.13264973958333334 0.4966905381944444 0.020073784722222224 0.020073784722222265
0 0.10959201388888888 0.47580295138888884 0.01953125 0.022786458333333315
0 0.09033203125 0.4568142361111111 0.021158854166666657 0.02061631944444442
0 0.24251302083333331 0.48177083333333337 0.013020833333333343 0.021701388888888895
0 0.2522786458333333 0.47119140625 0.014105902777777762 0.02549913194444442
0 0.2623155381944444 0.46142578125 0.011393229166666685 0.01898871527777779
0 0.27262369791666663 0.4503038194444444 0.013563368055555525 0.02387152777777779
0 0.28238932291666663 0.439453125 0.011393229166666685 0.021701388888888895
0 0.2913411458333333 0.4294162326388889 0.01085069444444442 0.01898871527777779
0 0.3005642361111111 0.4188368055555556 0.009765625 0.020616319444444475
0 0.3125 0.40608723958333337 0.01085069444444442 0.022243923611111105
0 0.322265625 0.3936089409722222 0.00868055555555558 0.02115885416666663
0 0.33121744791666663 0.3857421875 0.009223090277777735 0.022786458333333315
0 0.3401692708333333 0.3762478298611111 0.01085069444444442 0.0244140625
0 0.34912109375 0.3672960069444444 0.01030815972222221 0.018446180555555525
0 0.35888671875 0.3553602430555556 0.01139322916666663 0.024956597222222265
0 0.37027994791666663 0.3461371527777778 0.011393229166666685 0.02387152777777779
0 0.3789605034722222 0.3371853298611111 0.012478298611111105 0.02115885416666663
0 0.3876410590277778 0.3249782986111111 0.011393229166666685 0.02061631944444442
0 0.2973090277777778 0.35481770833333337 0.027126736111111105 0.013020833333333315
0 0.3030056423611111 0.3420681423611111 0.02224392361111116 0.01139322916666663
0 0.3116861979166667 0.33121744791666663 0.0244140625 0.013563368055555525
0 0.32145182291666663 0.3203667534722222 0.023328993055555525 0.0146484375
0 0.32931857638888884 0.3089735243055556 0.021701388888888895 0.011393229166666685
0 0.2373589409722222 0.3786892361111111 0.026584201388888923 0.01953125
0 0.34098307291666663 0.2997504340277778 0.022243923611111105 0.0146484375
0 0.2387152777777778 0.20860460069444445 0.014105902777777762 0.0244140625
0 0.2517361111111111 0.21402994791666666 0.011935763888888867 0.02007378472222221
0 0.263671875 0.21430121527777776 0.011935763888888895 0.01953125
0 0.27587890625 0.2175564236111111 0.01030815972222221 0.02495659722222221
0 0.2886284722222222 0.22352430555555555 0.01410590277777779 0.026041666666666685
0 0.3013780381944444 0.2267795138888889 0.011393229166666685 0.01953125
0 0.3154839409722222 0.2297634548611111 0.01030815972222221 0.021158854166666685
0 0.32796223958333337 0.2324761284722222 0.012478298611111105 0.026584201388888895
0 0.3542751736111111 0.2899848090277778 0.01736111111111116 0.013563368055555525
0 0.3314887152777778 0.166015625 0.01519097222222221 0.018446180555555552
0 0.3455946180555556 0.1711697048611111 0.014105902777777735 0.01898871527777779
0 0.3691948784722222 0.17822265625 0.01681857638888884 0.02007378472222221
0 0.40771484375 0.18880208333333331 0.017903645833333315 0.018446180555555552
0 0.2921549479166667 0.15787760416666666 0.0146484375 0.017361111111111105
0 0.3062608506944444 0.16194661458333331 0.013563368055555525 0.017903645833333343
0 0.6168619791666667 0.07378472222222222 0.01519097222222221 0.020616319444444448
0 0.5978732638888888 0.09223090277777778 0.02061631944444442 0.018446180555555552
0 0.5251736111111112 0.10091145833333333 0.01844618055555547 0.021701388888888895
0 0.5674913194444444 0.13047960069444445 0.01844618055555558 0.020073784722222224
0 0.5577256944444444 0.1388888888888889 0.01736111111111116 0.01953125
0 0.5490451388888888 0.14729817708333331 0.01410590277777779 0.016818576388888867
0 0.5425347222222222 0.1565212673611111 0.01736111111111116 0.016818576388888895
0 0.5335828993055556 0.166015625 0.02332899305555558 0.021701388888888895
0 0.52490234375 0.17469618055555555 0.01790364583333326 0.02061631944444442
0 0.5164930555555556 0.1812065972222222 0.01953125 0.017361111111111105
0 0.46115451388888884 0.24251302083333331 0.016276041666666685 0.018446180555555552
0 0.4720052083333333 0.23030598958333331 0.01844618055555558 0.022243923611111133
0 0.48122829861111105 0.2194552951388889 0.017361111111111105 0.020073784722222238
0 0.4888237847222222 0.2077907986111111 0.02170138888888884 0.022786458333333315
0 0.4999457465277778 0.20128038194444445 0.016818576388888895 0.01953125
0 0.5072699652777778 0.1925998263888889 0.01844618055555558 0.020616319444444448
0 0.5696614583333333 0.3477647569444444 0.01302083333333337 0.021701388888888895
0 0.5794270833333333 0.3390842013888889 0.01627604166666663 0.02387152777777779
0 0.5902777777777778 0.3314887152777778 0.01193576388888884 0.02495659722222221
0 0.6258138020833333 0.3542751736111111 0.01573350694444453 0.02061631944444442
0 0.6184895833333333 0.2992078993055556 0.01519097222222221 0.023328993055555525
0 0.6458875868055556 0.27018229166666663 0.01573350694444442 0.024956597222222265
0 0.6499565972222222 0.3569878472222222 0.01736111111111116 0.021701388888888895
0 0.6879340277777778 0.3168402777777778 0.01844618055555558 0.018446180555555525
0 0.7093641493055556 0.2959526909722222 0.01790364583333337 0.02007378472222221
0 0.6659613715277778 0.2492947048611111 0.0146484375 0.02332899305555558
0 0.67626953125 0.24007161458333331 0.01247829861111116 0.022243923611111133
0 0.6879340277777777 0.23111979166666666 0.01410590277777779 0.022786458333333315
0 0.70556640625 0.2096896701388889 0.01139322916666674 0.020073784722222238
0 0.7191297743055556 0.2077907986111111 0.0146484375 0.02387152777777779
0 0.76171875 0.1470269097222222 0.01844618055555558 0.022786458333333343
0 0.7657877604166666 0.3211805555555556 0.01139322916666674 0.020616319444444475
0 0.6236436631944444 0.38330078125 0.01898871527777779 0.02332899305555558
0 0.5891927083333333 0.4212782118055555 0.01410590277777779 0.02007378472222221
0 0.5734592013888888 0.4397243923611111 0.01736111111111105 0.01898871527777779
0 0.5525716145833333 0.46169704861111105 0.01681857638888895 0.021701388888888895
0 0.5316840277777777 0.4842122395833333 0.01519097222222221 0.01898871527777779
0 0.49153645833333337 0.5270724826388888 0.020616319444444475 0.02224392361111105
0 0.47092013888888884 0.5490451388888888 0.021701388888888895 0.02278645833333337
0 0.6315104166666666 0.64453125 0.01193576388888884 0.02278645833333326
0 0.6426323784722222 0.6521267361111112 0.0146484375 0.02278645833333337
0 0.6523980034722222 0.66162109375 0.01139322916666674 0.01790364583333326
0 0.6825086805555556 0.6887478298611112 0.01302083333333337 0.02224392361111105
0 0.6939019097222222 0.6987847222222222 0.01302083333333326 0.02278645833333326
0 0.7123480902777777 0.6165907118055556 0.01519097222222221 0.02224392361111105
0 0.72509765625 0.6263563368055556 0.01573350694444442 0.02007378472222221
0 0.74462890625 0.6461588541666667 0.01573350694444442 0.02495659722222221
0 0.7552083333333333 0.7386610243055556 0.01953124999999989 0.02115885416666663
0 0.75927734375 0.5916341145833333 0.02007378472222221 0.01247829861111105
0 0.7671440972222222 0.6022135416666667 0.01844618055555558 0.01302083333333337
0 0.8148871527777777 0.7240125868055556 0.01302083333333337 0.02224392361111105
0 0.80322265625 0.7373046875 0.01356336805555558 0.02170138888888884
0 0.7915581597222221 0.7489691840277778 0.01410590277777779 0.02332899305555558
0 0.78125 0.7603624131944444 0.01193576388888884 0.02224392361111116
0 0.7687717013888888 0.7725694444444444 0.01302083333333337 0.02170138888888884
0 0.7473415798611112 0.8045789930555556 0.02007378472222221 0.01953125
0 0.7291666666666666 0.8224826388888888 0.01953125 0.01627604166666663
0 0.7082790798611112 0.8420138888888888 0.01573350694444453 0.02061631944444442
0 0.693359375 0.7823350694444444 0.01953125 0.01627604166666674
0 0.6475151909722222 0.8336046006944444 0.02007378472222232 0.01898871527777768
0 0.93017578125 0.8620876736111112 0.01356336805555558 0.01627604166666663
0 0.9456380208333333 0.8664279513888888 0.01193576388888895 0.01953125
0 0.9749348958333333 0.8989800347222222 0.01302083333333337 0.02061631944444442
0 0.9817165798611112 0.9068467881944444 0.01247829861111105 0.01898871527777768
0 0.9920247395833333 0.9133572048611112 0.01139322916666663 0.01790364583333337
0 0.89599609375 0.7172309027777777 0.01573350694444442 0.01627604166666663
0 0.9518771701388888 0.5802408854166667 0.01681857638888884 0.02115885416666663
0 0.9337022569444444 0.5978732638888888 0.015190972222222321 0.02387152777777779
0 0.9233940972222221 0.6092664930555556 0.01410590277777779 0.02278645833333337
0 0.9098307291666666 0.6206597222222222 0.01736111111111116 0.029296875
0 0.9054904513888888 0.4546440972222222 0.01953125 0.01844618055555558
0 0.8384874131944444 0.3895399305555556 0.01247829861111116 0.020616319444444475
0 0.7785373263888888 0.3304036458333333 0.01085069444444442 0.02061631944444442
0 0.7967122395833333 0.3480360243055556 0.01356336805555547 0.025499131944444475
0 0.8116319444444444 0.3081597222222222 0.02387152777777768 0.011935763888888895
0 0.8246527777777777 0.3192816840277778 0.02278645833333337 0.012478298611111105
0 0.8892144097222222 0.4109700520833333 0.01736111111111116 0.02115885416666663
0 0.9819878472222222 0.4058159722222222 0.01844618055555558 0.02061631944444442
0 0.9724934895833333 0.41720920138888884 0.02224392361111105 0.022786458333333315
0 0.9513346354166666 0.4402669270833333 0.01356336805555558 0.02332899305555558
0 0.9393988715277777 0.42887369791666663 0.01247829861111105 0.018988715277777735
0 0.8829752604166666 0.3762478298611111 0.01573350694444442 0.01030815972222221
0 0.8881293402777777 0.4380967881944444 0.01519097222222221 0.0146484375
0 0.8509657118055556 0.40066189236111105 0.01139322916666663 0.022243923611111105
0 0.8905707465277777 0.3914388020833333 0.02224392361111105 0.01790364583333337
0 0.8976236979166666 0.23573133680555552 0.01247829861111116 0.023328993055555552
0 0.9924587673611112 0.1691623263888889 0.01117621527777779 0.017144097222222238
0 0.9814453125 0.1616753472222222 0.01085069444444442 0.01953125
0 0.9730360243055556 0.1559787326388889 0.01356336805555547 0.021158854166666657
0 0.9629991319444444 0.1470269097222222 0.01736111111111116 0.021701388888888895
0 0.9551323784722222 0.1369900173611111 0.0146484375 0.017903645833333315
0 0.9459092881944444 0.1296657986111111 0.01247829861111116 0.018446180555555566
0 0.9364149305555556 0.11881510416666666 0.009765625 0.01627604166666667
0 0.9705946180555556 0.2747938368055556 0.01953125 0.016818576388888895
0 0.5002143079800498 0.8387235037406484 0.02045667082294267 0.02240492518703241
0 0.5209145105985038 0.8757403366583542 0.01704722568578554 0.012663653366583594
0 0.5170180018703242 0.9159230829177059 0.02094373441396513 0.01899548004987539
0 0.5004578397755611 0.9324832450124689 0.01802135286783041 0.014124844139650872
0 0.49169069513715713 0.9417374532418953 0.016073098503740613 0.015098971321695798
0 0.4758611284289277 0.9609764650872819 0.014611907730673335 0.020456670822942558
0 0.4646586658354115 0.9704742051122195 0.017534289276808 0.018021352867830354
0 0.449803226309227 0.9845990492518704 0.015098971321695742 0.018021352867830354
0 0.5128779613466334 0.9816766677057358 0.014611907730673224 0.021917861596009947
0 0.46758104738154616 0.8664861284289278 0.017534289276808 0.014611907730673335
0 0.46149275249376565 0.8772015274314215 0.021917861596010002 0.02045667082294267
0 0.45199501246882795 0.8879169264339153 0.019482543640897743 0.02045667082294267
0 0.4444455268079801 0.8976581982543641 0.018995480049875335 0.018508416458852817
0 0.41522171134663344 0.9207937188279303 0.02094373441396513 0.01704722568578554
0 0.40913341645885287 0.9317526496259352 0.019482543640897743 0.016560162094763076
0 0.4006098036159601 0.9395456670822944 0.01704722568578554 0.01753428927680789
0 0.3918426589775561 0.9485563435162095 0.015098971321695742 0.019969607231920206
0 0.3767436876558604 0.9653600374064839 0.01802135286783041 0.014611907730673335
0 0.3708989245635911 0.979728413341646 0.020943734413965076 0.021917861596009947
0 0.47634819201995016 0.819484491895262 0.015586034912718205 0.018021352867830465
0 0.4571091801745636 0.7990278210723192 0.020943734413965076 0.022891988778054873
0 0.4349477867830424 0.7810064682044888 0.016560162094763076 0.02094373441396513
0 0.39013793640897754 0.5391793952618453 0.012663653366583538 0.02435317955112215
0 0.3701683291770574 0.560610193266833 0.013637780548628409 0.026301433915212002
0 0.40621103491271826 0.5272463372817955 0.012663653366583538 0.024840243142144725
0 0.38925579896907214 0.7114207474226804 0.01610824742268041 0.016108247422680466
0 0.3126362645348837 0.6732830668604652 0.020439680232558155 0.016805959302325646
0 0.2969658430232558 0.7114371366279071 0.019077034883720922 0.018622819767441956
0 0.2672147529069767 0.7164335029069768 0.01680595930232559 0.020439680232558155
0 0.28810864825581395 0.7575399709302326 0.013172238372093026 0.019985465116279078
0 0.275390625 0.7693495639534884 0.014080668604651125 0.023619186046511587
0 0.2660792151162791 0.7813862645348838 0.009084302325581384 0.020439680232558155
0 0.2574491279069767 0.7891079215116279 0.013626453488372103 0.022256540697674354
0 0.24995457848837208 0.799781976744186 0.012263808139534815 0.021802325581395388
0 0.24064316860465118 0.8093204941860466 0.010901162790697666 0.023619186046511587
0 0.22792514534883723 0.8190861191860466 0.011809593023255821 0.024073401162790775
0 0.24177870639534882 0.746638808139535 0.016805959302325535 0.017260174418604612
0 0.16615188953488372 0.7993277616279071 0.017260174418604668 0.017260174418604612
0 0.1445766715116279 0.8245367005813954 0.01680595930232559 0.01953125
0 0.20226199127906977 0.8125 0.01498909883720928 0.023619186046511698
0 0.20930232558139533 0.8370276162790697 0.01453488372093023 0.021802325581395388
0 0.20294331395348836 0.756858648255814 0.015443313953488386 0.014989098837209336
0 0.22043059593023256 0.7654887354651163 0.017714389534883718 0.02134811046511631
0 0.2004451308139535 0.8531522529069768 0.009538517441860461 0.01771438953488369
0 0.18999818313953487 0.8629178779069768 0.014080668604651153 0.02271075581395343
0 0.1788699127906977 0.8699582122093024 0.011809593023255821 0.02134811046511631
0 0.1693313953488372 0.8794967296511629 0.015443313953488358 0.01953125
0 0.18341206395348839 0.5440588662790697 0.016351744186046513 0.019985465116279078
0 0.20680414244186046 0.5631359011627908 0.015897529069767435 0.017260174418604612
0 0.28106831395348836 0.5899345930232558 0.020893895348837233 0.019077034883720922
0 0.050702494959677415 0.6590851814516129 0.014963457661290328 0.021263860887096753
0 0.07491966985887097 0.628173828125 0.01220703125 0.023232736895161255
0 0.0774940936426117 0.9617697594501718 0.01677942439862544 0.0201353092783505
0 0.754349023929471 0.5270584068010076 0.017218986146095627 0.00934744962216627
0 0.7651723866498741 0.5393576826196473 0.01721898614609574 0.01033139168765751
0 0.8165833595717884 0.5833890900503778 0.016727015113350174 0.011807304785894313
