0 0.20505377182044887 0.41156873441396513 0.01071539900249377 0.02240492518703241
0 0.23038107855361595 0.3833190461346634 0.026301433915211975 0.01656016209476313
0 0.2588742986284289 0.32243609725685785 0.012176589775561075 0.02337905236907728
0 0.29516053615960103 0.343379831670823 0.011689526184538668 0.024353179551122206
0 0.32487141521197005 0.34873753117206985 0.012663653366583538 0.02143079800498754
0 0.33997038653366585 0.3489810629675811 0.010715399002493742 0.02581437032418954
0 0.35312110349127185 0.3540952306733167 0.010715399002493742 0.025327306733167076
0 0.36602828865336656 0.35677408042394015 0.013150716957606001 0.02581437032418954
0 0.37771781483790523 0.3557999532418953 0.010228335411471334 0.02776262468827928
0 0.366515352244389 0.2905334320448878 0.012176589775561075 0.022891988778054873
0 0.38088372817955113 0.29199462281795513 0.011689526184538668 0.0238661159600998
0 0.3915991271820449 0.36018352556109723 0.013637780548628464 0.02678849750623441
0 0.4042627805486284 0.3601835255610973 0.009741271820448871 0.02581437032418954
0 0.3470328086034913 0.39841801745635913 0.01704722568578554 0.019482543640897743
0 0.373090710723192 0.40280158977556113 0.015586034912718205 0.017534289276808
0 0.416926433915212 0.36310590710723195 0.010715399002493742 0.02581437032418954
0 0.42959008728179554 0.36237531172069826 0.010715399002493742 0.026301433915211947
0 0.4429843360349127 0.36505416147132175 0.011202462593516205 0.02484024314214467
0 0.4332430642144639 0.405967503117207 0.020943734413965076 0.013150716957606001
0 0.4705034289276808 0.3691942019950125 0.010715399002493742 0.02143079800498754
0 0.4858459320448878 0.37601309226932667 0.01217658977556113 0.020456670822942613
0 0.49558720386533667 0.310503039276808 0.011202462593516205 0.024840243142144613
0 0.5542783665835411 0.30758065773067333 0.019482543640897743 0.021917861596009947
0 0.5335781639650874 0.38965087281795513 0.01217658977556113 0.028249688279301743
0 0.5289510598503742 0.41887468827930174 0.012663653366583483 0.020456670822942613
0 0.5240804239401498 0.4468808447630923 0.013637780548628409 0.028736751870324206
0 0.47196461970074816 0.4434713996259352 0.013637780548628409 0.02678849750623441
0 0.4690422381546135 0.47756585099750626 0.014611907730673335 0.024840243142144613
0 0.5196968516209477 0.47415640586034913 0.010715399002493742 0.01802135286783041
0 0.5050849438902744 0.5557395573566085 0.010715399002493797 0.02435317955112226
0 0.4536997350374065 0.5586619389027432 0.01217658977556113 0.027275561097256817
0 0.4485855673316709 0.5888598815461347 0.012663653366583538 0.027275561097256817
0 0.41156873441396513 0.5335781639650874 0.01461190773067328 0.02776262468827928
0 0.49997077618453867 0.5847198410224439 0.014124844139650872 0.022891988778054873
0 0.4356783821695761 0.6577793796758105 0.014124844139650872 0.029710879052369132
0 0.4797576371571073 0.701128039276808 0.012663653366583538 0.02581437032418954
0 0.4846282730673317 0.6728783509975063 0.012663653366583538 0.022891988778054873
0 0.5123908977556111 0.7169576059850374 0.02435317955112215 0.01363778054862852
0 0.49534367206982544 0.6134565928927681 0.013637780548628464 0.024840243142144613
0 0.5686467425187032 0.7961054395261846 0.01704722568578554 0.01217658977556113
0 0.5730303148379052 0.7469120168329177 0.011202462593516205 0.019969607231920206
0 0.5839892456359103 0.7547050342892768 0.009741271820448816 0.02094373441396513
0 0.5956787718204489 0.7588450748129676 0.010715399002493742 0.021430798004987484
0 0.6059071072319202 0.7661510286783042 0.010715399002493742 0.02045667082294267
0 0.6195448877805487 0.7698040056109725 0.012663653366583483 0.022891988778054873
0 0.5815539276807979 0.8029243298004989 0.019482543640897743 0.011202462593516205
0 0.5947046446384041 0.8126656016209477 0.02045667082294267 0.011202462593516205
0 0.6037153210723192 0.8224068734413965 0.021917861596009947 0.013150716957606057
0 0.616622506234414 0.8345834632169576 0.021430798004987595 0.014124844139650872
0 0.6324520729426435 0.8523612842892769 0.01217658977556113 0.018508416458852817
0 0.8974146664588529 0.9112959788029926 0.013150716957605946 0.02727556109725693
0 0.8151009195760599 0.46271041147132175 0.021917861596010058 0.02337905236907728
0 0.8399411627182045 0.48292355049875313 0.022891988778054873 0.018995480049875335
0 0.8603978335411472 0.49753545822942646 0.019969607231920206 0.021917861596010002
0 0.9224984413965087 0.4834106140897756 0.02045667082294267 0.018021352867830465
0 0.946851620947631 0.5016754987531172 0.02435317955112226 0.01558603491271815
0 0.9263949501246883 0.5284639962593516 0.021430798004987484 0.019482543640897743
0 0.9203066552369077 0.5462418173316709 0.018021352867830465 0.019969607231920206
0 0.9431986440149627 0.5652372973815462 0.024840243142144613 0.021917861596010058
0 0.96657769638404 0.5832586502493766 0.018021352867830465 0.018021352867830465
0 0.9826507948877806 0.5995752805486285 0.02094373441396513 0.019482543640897743
0 0.9105653834164589 0.591295199501247 0.015098971321695798 0.01558603491271826
0 0.9317526496259352 0.6000623441396509 0.014611907730673335 0.017534289276808
0 0.8313519021739131 0.4053442028985507 0.017549818840579712 0.021512681159420288
0 0.7704936594202898 0.4243093297101449 0.020380434782608647 0.022078804347826053
0 0.7696444746376812 0.354393115942029 0.019814311594202882 0.021512681159420288
0 0.7070878623188406 0.31306612318840576 0.022644927536231818 0.015851449275362306
0 0.703125 0.3657155797101449 0.016983695652173947 0.016983695652173947
0 0.6813292572463767 0.35920516304347827 0.022078804347826053 0.014153079710144956
0 0.677932518115942 0.3091032608695652 0.023211050724637694 0.01698369565217389
0 0.652740036231884 0.30287590579710144 0.020380434782608647 0.01245471014492755
0 0.6286798007246377 0.29919610507246375 0.019814311594202882 0.01641757246376807
0 0.6051856884057971 0.3450520833333333 0.022644927536231818 0.0141530797101449
0 0.6337749094202898 0.35127943840579706 0.023211050724637694 0.01188858695652173
0 0.658118206521739 0.3552423007246377 0.016417572463768182 0.011888586956521785
0 0.9789379222972973 0.030880489864864864 0.01953125 0.0121410472972973
0 0.9504328547297296 0.031408361486486486 0.021642736486486513 0.018475506756756757
0 0.9182326858108107 0.028241131756756757 0.02586570945945943 0.01636402027027027
0 0.8876161317567567 0.019795185810810807 0.023754222972973027 0.014252533783783782
0 0.8577913851351351 0.020586993243243243 0.02639358108108114 0.01583614864864865
0 0.8263830236486487 0.017947635135135136 0.023754222972972916 0.01372466216216216
0 0.7960304054054054 0.014252533783783784 0.024282094594594517 0.01372466216216216
0 0.7654138513513513 0.01319679054054054 0.022170608108108114 0.01583614864864865
0 0.7292546452702702 0.008709881756756757 0.021642736486486513 0.013196790540540541
0 0.4983108108108108 0.1343433277027027 0.01266891891891897 0.01847550675675677
0 0.3850823479729729 0.12510557432432434 0.012141047297297314 0.0242820945945946
0 0.33203125 0.13935810810810811 0.012668918918918914 0.029560810810810814
0 0.2882179054054054 0.13302364864864863 0.013724662162162171 0.02005912162162163
0 0.7049725506756757 0.006334459459459459 0.017419763513513487 0.011613175675675675
0 0.6775232263513513 0.005542652027027027 0.01953125 0.011085304054054054
0 0.7146188699360341 0.2748534115138592 0.01082755863539453 0.02248800639658849
0 0.6981693097014925 0.2740205223880597 0.011244003198294328 0.02165511727078895
0 0.6542344083155649 0.2627765191897654 0.010827558635394419 0.023320895522388085
0 0.6406999600213219 0.26194363006396587 0.010411114072494732 0.02332089552238803
0 0.6294559568230277 0.2640258528784648 0.009578224946695135 0.020822228144989352
0 0.6165461753731343 0.26111074093816633 0.012076892324093813 0.023320895522388085
0 0.6034281716417911 0.25632162846481876 0.012493336886993611 0.02290445095948826
0 0.26176167582417587 0.24298162774725277 0.021462912087912123 0.02682864010989011
0 0.2532765270780857 0.17677503148614612 0.01672701511335012 0.022138696473551656
0 0.27664515113350124 0.2151487720403023 0.011315333753148638 0.022138696473551628
0 0.2618860201511335 0.2161327141057935 0.014267159949622132 0.025090522670025178
0 0.08280856423173805 0.10937500000000001 0.021154754408060458 0.02312263853904281
0 0.05476621536523932 0.0793647670025189 0.02115475440806045 0.018202928211586894
0 0.06288373740554158 0.0911720717884131 0.023614609571788403 0.017218986146095724
0 0.07223118702770782 0.09904360831234257 0.02263066750629722 0.01918687027707809
0 0.027461823047858967 0.13225165302267006 0.018694899244332493 0.021646725440806064
0 0.027461823047858967 0.00581509760705292 0.019678841309823676 0.010823362720403022
0 0.03680927267002521 0.012948677581864004 0.021646725440806047 0.017218986146095717
1 0.06435965050377836 0.007782981738035289 0.023614609571788403 0.012791246851385388
1 0.07616695528967256 0.013932619647355189 0.021646725440806036 0.018202928211586904
1 0.08699031801007559 0.019098315491183904 0.022630667506297233 0.02066278337531486
1 0.09609178211586902 0.029183721662468538 0.02705840680100756 0.022138696473551635
1 0.10617718828715367 0.0375472292191436 0.023614609571788403 0.022138696473551638
1 0.11872244962216627 0.04271292506297232 0.021154754408060472 0.02066278337531486
1 0.05230636020151136 0.03090562027707811 0.022138696473551635 0.019678841309823676
1 0.06337570843828717 0.039023142317380376 0.02263066750629722 0.01721898614609572
1 0.07100125944584385 0.050830447103274584 0.02312263853904281 0.0182029282115869
1 0.0793647670025189 0.058455998110831256 0.026074464735516376 0.017710957178841302
1 0.0916640428211587 0.06977133186397987 0.02705840680100756 0.01967884130982367
0 0.6152418582375478 0.9344019396551725 0.021327227011494254 0.020578903256704972
0 0.6255313098659003 0.9456267959770115 0.01721144636015326 0.01983057950191569
0 0.6500389128352491 0.9654573754789273 0.014592313218390718 0.022075550766283425
0 0.6620120929118773 0.9721922892720307 0.017585608237547956 0.018333931992337127
0 0.6799718630268199 0.9875329262452108 0.01908225574712652 0.01983057950191569
1 0.6537281078296704 0.8495771806318682 0.0262920673076924 0.027365212912087933
1 0.6674107142857142 0.8568209134615385 0.024682348901098883 0.0279017857142857
1 0.6781421703296704 0.8659426510989011 0.025755494505494414 0.026828640109890056
0 0.981750099522293 0.809141122611465 0.014306329617834401 0.026124601910828105
0 0.7605210790094339 0.18057193396226415 0.021189563679245293 0.012897995283018882
