0 0.09221117424242428 0.012902462121212162 0.023674242424242417 0.016571969696969696
0 0.03539299242424246 0.04663825757575761 0.020123106060606057 0.015388257575757569
0 0.05877130681818185 0.05522017045454549 0.01598011363636364 0.013612689393939392
0 0.08540482954545459 0.15258049242424246 0.011245265151515152 0.018939393939393923
0 0.3908025568181818 0.06291429924242428 0.014796401515151492 0.024266098484848488
0 0.37659801136363635 0.17891808712121215 0.012428977272727237 0.023082386363636354
0 0.3928740530303031 0.18927556818181823 0.01420454545454547 0.021306818181818205
0 0.4618252840909091 0.013494318181818222 0.014796401515151492 0.024857954545454544
0 0.3854758522727273 0.24431818181818188 0.014796401515151492 0.022490530303030304
0 0.294625946969697 0.3419744318181819 0.017755681818181823 0.021306818181818177
0 0.24431818181818182 0.43578361742424243 0.016571969696969696 0.021898674242424254
0 0.35736268939393945 0.4029356060606061 0.018939393939393978 0.017755681818181768
0 0.33842329545454547 0.4485085227272727 0.018939393939393923 0.013020833333333315
0 0.323922821969697 0.46803977272727276 0.0183475378787879 0.015388257575757569
0 0.3197798295454546 0.49348958333333326 0.02426609848484851 0.014204545454545359
0 0.4144767992424243 0.451171875 0.021898674242424254 0.013612689393939392
0 0.412109375 0.4766216856060606 0.0183475378787879 0.015980113636363646
0 0.4094460227272727 0.5023674242424242 0.021306818181818177 0.014204545454545359
0 0.41802793560606066 0.5390625 0.021898674242424254 0.018939393939393923
0 0.3733428030303031 0.5870028409090908 0.021306818181818177 0.014204545454545414
0 0.39879261363636365 0.6441169507575757 0.022490530303030276 0.015980113636363646
0 0.3934972426470588 0.6900010605203619 0.020768523755656076 0.01281462104072395
0 0.39681136877828055 0.7074554581447964 0.022094174208144746 0.010605203619909576
0 0.3974741940045249 0.7215957296380091 0.02341982466063347 0.012372737556561098
0 0.44276725113122173 0.6966293127828054 0.011488970588235281 0.020768523755656187
0 0.44608137726244346 0.7483296804298643 0.013698388009049767 0.025187358597285048
0 0.39636948529411764 0.7341894089366516 0.024745475113122195 0.011930854072398245
0 0.4005673783936652 0.7458993212669683 0.020768523755656132 0.01414027149321262
0 0.40167208710407243 0.7598186510180995 0.0220941742081448 0.01281462104072395
0 0.4007883201357466 0.7750636312217194 0.020326640271493224 0.01414027149321273
0 0.405428096719457 0.7922970871040724 0.020768523755656076 0.012372737556561098
0 0.49247914309954754 0.7951693297511312 0.01634968891402716 0.018117222850678738
0 0.4703849688914027 0.8903952205882353 0.025187358597285103 0.015024038461538436
0 0.5329114819004526 0.9330369768099548 0.019442873303167407 0.016349688914027105
0 0.9032098416289593 0.8159378535067874 0.024745475113122084 0.014582154977375583
0 0.7346312924208145 0.8691848133484164 0.027838659502262386 0.015024038461538436
0 0.040874222285067874 0.9770043834841629 0.025187358597285065 0.01679157239819007
0 0.12240172511312218 0.91094280260181 0.013256504524886886 0.021652290723981893
0 0.14206554015837103 0.9014423076923077 0.010163320135746584 0.027396776018099533
0 0.14383307409502263 0.8694057550904977 0.010163320135746612 0.027838659502262497
0 0.12328549208144796 0.8775805995475113 0.010605203619909506 0.024745475113122195
0 0.10450544400452488 0.9038726668552036 0.012814621040723992 0.03137372737556565
0 0.10649391968325791 0.8691848133484164 0.010605203619909506 0.02828054298642535
0 0.1248320842760181 0.8459859304298643 0.012814621040723978 0.027838659502262386
0 0.10892427884615385 0.8325084841628959 0.010163320135746598 0.022977941176470562
0 0.1440540158371041 0.8411252121040724 0.011488970588235309 0.02253605769230771
0 0.11268028846153846 0.8037860576923077 0.011488970588235295 0.02386170814479638
0 0.1299137443438914 0.8097514847285068 0.013256504524886872 0.025187358597285048
0 0.15090320984162897 0.7962740384615384 0.014582154977375555 0.027396776018099533
0 0.13764670531674209 0.7690982041855203 0.01193085407239819 0.02695489253393657
0 0.15819428733031676 0.7624699519230769 0.013256504524886886 0.02695489253393657
0 0.1672528987556561 0.7282239819004526 0.015465921945701344 0.026513009049773717
0 0.18161411199095023 0.6884544683257918 0.014140271493212675 0.026513009049773717
0 0.1977428591628959 0.6469174208144797 0.016349688914027133 0.02386170814479638
0 0.24391968325791855 0.7140837104072398 0.021210407239818985 0.013256504524886914
0 0.22425586821266968 0.7573882918552036 0.024303591628959287 0.01414027149321262
0 0.22646528563348417 0.7827965921945701 0.019000989819004527 0.011930854072398245
0 0.2317678874434389 0.7951693297511313 0.023419824660633498 0.014582154977375583
0 0.23000035350678733 0.8157169117647058 0.023419824660633498 0.01679157239819007
0 0.24104744061085973 0.8243336397058824 0.01634968891402716 0.0154659219457014
0 0.005081660067873303 0.8020185237556561 0.010163320135746607 0.013256504524886803
0 0.006628252262443439 0.7900876696832579 0.012372737556561085 0.013256504524886914
0 0.011488970588235295 0.7799243495475113 0.015907805429864252 0.016791572398189958
0 0.016570630656108597 0.7679934954751131 0.01811722285067873 0.015907805429864252
0 0.021431348981900453 0.7565045248868778 0.019884756787330315 0.015907805429864252
0 0.02783865950226244 0.7470040299773756 0.022094174208144798 0.014582154977375472
0 0.0322574943438914 0.7352941176470589 0.022977941176470586 0.017675339366515774
0 0.036676329185520364 0.7262355062217194 0.018559106334841632 0.014582154977375583
0 0.040874222285067874 0.7158512443438914 0.020768523755656108 0.01679157239819007
0 0.04971189196832579 0.707234516402715 0.017233455882352942 0.0154659219457014
0 0.05368884332579185 0.6959664875565611 0.013698388009049774 0.017675339366515885
0 0.058991445135746605 0.686024109162896 0.016349688914027147 0.01723345588235292
0 0.0653987556561086 0.6769654977375565 0.0220941742081448 0.019442873303167407
0 0.06849194004524886 0.6621624010180995 0.02032664027149321 0.01723345588235292
0 0.07467830882352941 0.6522200226244343 0.02386170814479638 0.020326640271493113
0 0.07975996889140272 0.6429404694570136 0.020768523755656104 0.02121040723981904
0 0.08506257070135746 0.6360912754524888 0.019884756787330315 0.014582154977375583
0 0.08948140554298642 0.6232766544117647 0.022536057692307696 0.016349688914027105
0 0.09456306561085973 0.6122295673076923 0.0220941742081448 0.01723345588235292
0 0.09986566742081449 0.6049384898190044 0.018559106334841632 0.019442873303167407
0 0.10715674490950226 0.5930076357466063 0.019000989819004527 0.015907805429864252
0 0.11356405542986425 0.5835071408371041 0.02032664027149321 0.013698388009049767
0 0.11798289027149321 0.5722391119909502 0.020326640271493196 0.012372737556560987
0 0.12151795814479638 0.5618548501131222 0.025629242081447956 0.016349688914027105
0 0.12814621040723984 0.551912471719457 0.021210407239819012 0.01414027149321262
0 0.13411163744343893 0.5399816176470589 0.01988475678733033 0.013256504524886803
0 0.13897235576923078 0.5280507635746606 0.02253605769230768 0.015907805429864252
0 0.14537966628959276 0.5189921521493213 0.019442873303167407 0.013698388009049767
0 0.15001944287330315 0.5092707154977376 0.02165229072398192 0.01723345588235292
0 0.15642675339366516 0.4988864536199095 0.020326640271493224 0.01414027149321273
0 0.161287471719457 0.48761842477375567 0.021210407239819012 0.0154659219457014
0 0.16703195701357465 0.4785598133484163 0.021210407239819012 0.01414027149321262
0 0.1723345588235294 0.4675127262443439 0.020326640271493224 0.016791572398190013
0 0.1778581023755656 0.45624469739819007 0.01723345588235295 0.012814621040724006
0 0.1851491798642534 0.4467442024886878 0.019442873303167435 0.015024038461538436
0 0.18868424773755654 0.43591805712669685 0.021210407239819012 0.014582154977375583
0 0.1953125 0.4273013291855204 0.02386170814479638 0.015907805429864252
0 0.1990685096153846 0.4144867081447964 0.021652290723981893 0.01679157239819007
0 0.20635958710407243 0.4047652714932127 0.02297794117647059 0.015024038461538436
0 0.13234410350678733 0.40432338800904977 0.020768523755656118 0.014140271493212675
0 0.13830953054298642 0.39504383484162897 0.020326640271493224 0.011488970588235281
0 0.14361213235294118 0.38465957296380093 0.015907805429864252 0.012814621040724006
0 0.29445088532883645 0.7066491884485666 0.019103077571669458 0.01350389966273191
0 0.2982385645025295 0.7176828625632379 0.02009116779089376 0.013174536256323699
0 0.3038377424114671 0.7326688975548061 0.01943244097807756 0.014162626475548112
0 0.27600653456998314 0.732174852445194 0.021079258010118007 0.014491989881956213
0 0.2834172112141653 0.7458434338111299 0.02009116779089376 0.0135038996627318
0 0.28852234401349075 0.7603354236930859 0.02173798482293421 0.01745626053962901
0 0.29066320615514335 0.7736746416526139 0.024702255480607116 0.01778562394603711
0 0.3079547849915683 0.7413970278246207 0.019761804384485715 0.015809443507588505
0 0.3117424641652614 0.7591826517706577 0.021408621416526163 0.015809443507588505
0 0.2988972913153457 0.7894840851602024 0.02206734822934231 0.014491989881956213
0 0.3203059127318718 0.7738393233558178 0.018773714165261357 0.014821353288364203
0 0.3293634064080945 0.7863551327993255 0.018444350758853256 0.015480080101180405
0 0.3064726496627319 0.8028233031197303 0.021408621416526163 0.015480080101180405
0 0.3166829152613828 0.812539523608769 0.018773714165261413 0.015809443507588616
0 0.35225416315345703 0.857826991989882 0.012845172849915654 0.02601970910623952
0 0.33825621838111297 0.8573329468802698 0.012515809443507553 0.02569034569983142
0 0.32096463954468807 0.8713308916526139 0.011527719224283306 0.020091167790893816
0 0.30713137647554806 0.8662257588532885 0.010868992411467104 0.025690345699831307
0 0.29181597807757165 0.8627674430860034 0.014491989881956158 0.02601970910623952
0 0.27435971753794264 0.8596384907251265 0.013833263069139956 0.023055438448566612
0 0.22863051470588236 0.5542279411764706 0.01516544117647059 0.024816176470588203
0 0.06410912481804949 0.5570812863901018 0.022459516011644837 0.014499181222707436
0 0.05771242721979622 0.565752365356623 0.026155385735080063 0.015352074235807756
0 0.05330581331877729 0.578830058224163 0.02245951601164483 0.01762645560407572
0 0.0471934133915575 0.5882118813682677 0.019900836972343523 0.014214883551673885
0 0.04193390647743814 0.5981622998544396 0.019047943959243085 0.016489264919941737
0 0.028003320596797672 0.565752365356623 0.020185134643377 0.015352074235807756
0 0.01577852074235808 0.5842317139737991 0.019047943959243085 0.015920669577874857
0 0.036390101892285295 0.6071176764919942 0.019900836972343523 0.012224799854439583
0 0.033404976346433767 0.6200532205240175 0.02530249272197962 0.012509097525473134
0 0.026866129912663753 0.6300036390101893 0.019616539301310045 0.012509097525473023
0 0.022317367176128092 0.6409490993449782 0.015067776564774383 0.012793395196506574
0 0.016204967248908297 0.6500466248180494 0.015920669577874816 0.012793395196506574
0 0.011229758005822415 0.6605656386462881 0.016773562590975254 0.012224799854439694
0 0.007249590611353712 0.6725061408296943 0.012793395196506551 0.01677356259097529
0 0.016062818413391557 0.5961722161572052 0.019047943959243085 0.013646288209607005
0 0.009097525473071324 0.6056961881368268 0.017057860262008735 0.015636371906841307
0 0.005543804585152838 0.6184895833333333 0.009381823144104804 0.014499181222707436
0 0.2948467548076923 0.5893179086538461 0.024789663461538436 0.01577524038461542
0 0.9355326186131387 0.2904311131386862 0.01211792883211682 0.026374315693430683
0 0.9590556569343065 0.4875256614963504 0.02209739963503654 0.018533302919708006
0 0.9522838731751825 0.5067717837591241 0.01710766423357657 0.021384580291970823
0 0.9291172445255474 0.5384922445255474 0.02209739963503643 0.020671760948905105
0 0.9900632983576643 0.5270871350364964 0.014256386861313808 0.020671760948905105
0 0.939453125 0.6397125912408759 0.028512773722627727 0.013543567518248145
