0 0.03220912388392862 0.06011090959821433 0.02267020089285714 0.0244140625
0 0.07800662878787881 0.06202651515151518 0.02130681818181819 0.023674242424242424
0 0.08984375000000003 0.054332386363636395 0.021306818181818177 0.021306818181818177
0 0.09990530303030307 0.044566761363636395 0.020123106060606064 0.01598011363636364
0 0.3002485795454546 0.25704308712121215 0.01953125 0.021898674242424226
0 0.27953361742424243 0.2756865530303031 0.017163825757575746 0.018939393939393978
0 0.03302556818181822 0.3404947916666667 0.02012310606060606 0.01953125
0 0.05255681818181822 0.3615056818181818 0.020123106060606057 0.020123106060606077
0 0.14311079545454547 0.48490767045454547 0.022490530303030304 0.018347537878787845
0 0.07445549242424246 0.48431581439393945 0.018939393939393936 0.0207149621212121
0 0.05551609848484852 0.5041429924242424 0.020123106060606057 0.018939393939393867
0 0.036280776515151554 0.5239701704545454 0.018347537878787876 0.01716382575757569
0 0.21383759469696972 0.3464133522727273 0.020714962121212127 0.0171638257575758
0 0.23721590909090912 0.32273910984848486 0.024857954545454558 0.021898674242424254
0 0.26976799242424243 0.4923058712121212 0.020123106060606022 0.017755681818181712
0 0.28633996212121215 0.5079900568181819 0.017755681818181823 0.015980113636363646
0 0.3999763257575758 0.11055871212121215 0.018939393939393978 0.022490530303030304
0 0.6198508522727272 0.09043560606060609 0.01953125 0.021306818181818177
0 0.637606534090909 0.10434422348484851 0.0218986742424242 0.019531249999999986
0 0.6450047348484849 0.11618134469696972 0.017755681818181768 0.01716382575757576
0 0.657137784090909 0.12594696969696972 0.015980113636363646 0.02367424242424243
0 0.6586174242424241 0.049893465909090946 0.020123106060606077 0.029000946969696975
0 0.6677911931818181 0.06084280303030306 0.015980113636363535 0.023674242424242417
0 0.6743016098484849 0.0768229166666667 0.023082386363636354 0.02367424242424243
0 0.6781486742424242 0.03450520833333337 0.01775568181818188 0.020714962121212113
0 0.6908735795454545 0.05255681818181822 0.01953125 0.017755681818181816
0 0.7086292613636362 0.07031250000000003 0.0218986742424242 0.023674242424242424
0 0.7503551136363635 0.03361742424242428 0.02367424242424243 0.020123106060606053
0 0.852450284090909 0.06261837121212124 0.013612689393939337 0.016571969696969696
0 0.8926964962121211 0.05758759469696973 0.015980113636363646 0.015980113636363633
0 0.9219933712121211 0.0572916666666667 0.014204545454545414 0.017755681818181816
0 0.8971354166666666 0.11085464015151518 0.016571969696969724 0.01953125
0 0.96875 0.15346827651515155 0.020123106060606077 0.021898674242424226
0 0.9723011363636362 0.18098958333333337 0.021306818181818232 0.021306818181818177
0 0.9332386363636362 0.17240767045454547 0.016571969696969613 0.020714962121212127
0 0.9622395833333333 0.23277698863636365 0.015388257575757569 0.018347537878787873
0 0.9705255681818181 0.24313446969696972 0.015388257575757569 0.022490530303030276
0 0.979403409090909 0.2514204545454546 0.016571969696969613 0.02367424242424243
0 0.9915364583333333 0.25911458333333337 0.012428977272727293 0.02130681818181815
0 0.9157788825757576 0.2638494318181819 0.0171638257575758 0.01657196969696967
0 0.9060132575757576 0.27450284090909094 0.017755681818181768 0.020123106060606077
0 0.9252485795454545 0.29137073863636365 0.01716382575757569 0.0183475378787879
0 0.9175544507575757 0.3017282196969697 0.01953125 0.020123106060606077
0 0.891216856060606 0.2904829545454546 0.020123106060606077 0.018939393939393923
0 0.881747159090909 0.2984730113636364 0.018939393939393923 0.01953125
0 0.901278409090909 0.32066761363636365 0.020123106060606077 0.020123106060606077
0 0.8681344696969697 0.31830018939393945 0.018939393939393923 0.015388257575757625
0 0.8932883522727272 0.3289535984848485 0.018347537878787845 0.018939393939393923
0 0.8864820075757576 0.34227035984848486 0.020123106060606077 0.01953125
0 0.8577769886363635 0.32984138257575757 0.018347537878787845 0.0183475378787879
0 0.8767163825757575 0.34818892045454547 0.01953125 0.020714962121212155
0 0.8675426136363635 0.35588304924242425 0.02367424242424243 0.01953125
0 0.8551136363636362 0.3641690340909091 0.022490530303030387 0.01953125
0 0.8459398674242423 0.33783143939393945 0.018347537878787845 0.017755681818181823
0 0.822561553030303 0.36653645833333337 0.020123106060606077 0.015980113636363646
0 0.812795928030303 0.3757102272727273 0.018347537878787845 0.016571969696969724
0 0.802734375 0.3848839962121212 0.020714962121212044 0.017163825757575746
0 0.7971117424242424 0.3952414772727273 0.017755681818181768 0.018939393939393923
0 0.784386837121212 0.40352746212121215 0.020714962121212155 0.021306818181818177
0 0.8056936553030303 0.42217092803030304 0.0171638257575758 0.023082386363636354
0 0.8125 0.4109256628787879 0.020123106060606077 0.01953125
0 0.8204900568181818 0.40471117424242425 0.02189867424242431 0.018939393939393923
0 0.8302556818181818 0.39494554924242425 0.02367424242424243 0.020714962121212155
0 0.8385416666666665 0.38399621212121215 0.020123106060606077 0.020123106060606077
0 0.7953361742424242 0.46330492424242425 0.01775568181818188 0.018939393939393923
0 0.812795928030303 0.48076467803030304 0.01716382575757569 0.0171638257575758
0 0.8497869318181817 0.45945785984848486 0.01302083333333337 0.015980113636363646
0 0.8595525568181817 0.44584517045454547 0.014796401515151492 0.014796401515151492
0 0.9764441287878787 0.3215553977272727 0.015388257575757569 0.017163825757575746
0 0.9512902462121211 0.34966856060606066 0.018347537878787845 0.017755681818181823
0 0.9421164772727272 0.35795454545454547 0.01775568181818188 0.018939393939393923
0 0.9338304924242423 0.36742424242424243 0.015388257575757569 0.020123106060606077
0 0.9261363636363635 0.3798532196969697 0.015388257575757569 0.01065340909090906
0 0.9175544507575757 0.38843513257575757 0.014796401515151603 0.010061553030303039
0 0.9071969696969696 0.39701704545454547 0.016571969696969724 0.016571969696969724
0 0.8992069128787878 0.4076704545454546 0.012428977272727293 0.013020833333333315
0 0.891808712121212 0.41654829545454547 0.011837121212121104 0.011837121212121215
0 0.882043087121212 0.4286813446969697 0.013612689393939448 0.014796401515151492
0 0.9145951704545454 0.4541311553030303 0.018347537878787845 0.013612689393939392
0 0.9290956439393938 0.4369673295454546 0.017755681818181768 0.012428977272727237
0 0.9569128787878787 0.40796638257575757 0.017755681818181768 0.011245265151515194
0 0.9643110795454544 0.3984966856060606 0.015980113636363646 0.011245265151515138
0 0.9764441287878787 0.3902107007575758 0.015388257575757569 0.013612689393939392
0 0.988577178030303 0.3757102272727273 0.014796401515151492 0.014204545454545414
0 0.7269767992424242 0.4011600378787879 0.020714962121212155 0.018939393939393923
0 0.7692945075757576 0.33901515151515155 0.017755681818181768 0.020123106060606077
0 0.7979995265151514 0.31031013257575757 0.020714962121212044 0.017163825757575746
0 0.8101325757575757 0.32066761363636365 0.01775568181818188 0.017755681818181823
0 0.8562973484848484 0.29077888257575757 0.01065340909090906 0.026633522727272763
0 0.8642874053030303 0.24254261363636365 0.015980113636363646 0.015388257575757541
0 0.7124763257575757 0.3248106060606061 0.02367424242424243 0.017755681818181823
0 0.6973839962121211 0.3046875 0.02426609848484851 0.020123106060606022
0 0.696496212121212 0.27953361742424243 0.01775568181818188 0.0207149621212121
0 0.6686789772727272 0.2821969696969697 0.02367424242424243 0.01302083333333337
0 0.7607125946969696 0.26858428030303033 0.012428977272727293 0.018939393939393923
0 0.6263612689393939 0.23603219696969702 0.01953125 0.013020833333333343
0 0.6535866477272727 0.23632812500000003 0.0218986742424242 0.01953125
0 0.6284327651515151 0.25053267045454547 0.027225378787878785 0.017163825757575774
0 0.587890625 0.2768702651515152 0.01953125 0.020123106060606077
0 0.6139322916666666 0.2999526515151515 0.018347537878787845 0.021306818181818177
0 0.6236979166666666 0.3091264204545455 0.01775568181818188 0.017163825757575746
0 0.6609848484848484 0.34493371212121215 0.015388257575757569 0.018939393939393923
0 0.6674952651515151 0.3555871212121212 0.016571969696969613 0.01657196969696967
0 0.6796283143939393 0.3638731060606061 0.01716382575757569 0.018939393939393923
0 0.686730587121212 0.3718631628787879 0.01716382575757569 0.0171638257575758
0 0.5954940749235473 0.20247993119266056 0.021502293577981724 0.019113149847094807
1 0.5811592125382263 0.22368358180428133 0.04539373088685017 0.037629013761467905
0 0.5483084862385321 0.21293243501529052 0.02030772171253825 0.020905007645259932
0 0.5468152714067278 0.24399130351681958 0.016126720183486265 0.019710435779816488
0 0.5315844801223242 0.22308629587155965 0.017918577981651307 0.01851586391437307
0 0.5226251911314985 0.21293243501529052 0.017918577981651418 0.020905007645259932
0 0.5064984709480123 0.20188264525993882 0.017918577981651362 0.020307721712538224
0 0.4763355313455657 0.22696865443425074 0.019710435779816515 0.020307721712538224
0 0.4927608944954128 0.2424980886850153 0.017918577981651307 0.017918577981651362
0 0.5041093272171254 0.2517560206422018 0.016724006116208 0.01851586391437307
0 0.5133672591743119 0.2628058103975535 0.020905007645259932 0.02030772171253825
0 0.5244170489296636 0.2723623853211009 0.017918577981651418 0.017918577981651362
0 0.538154625382263 0.2938646788990826 0.01911314984709489 0.01911314984709478
0 0.5593582759938838 0.30551175458715596 0.017321292048929626 0.017321292048929626
0 0.5683175649847094 0.31536697247706424 0.014932148318042793 0.021502293577981668
0 0.5790687117737003 0.3258194762996942 0.016126720183486265 0.02209957951070335
0 0.5969872897553516 0.33955705275229353 0.0185158639143731 0.02209957951070335
0 0.6235665137614679 0.36733084862385323 0.017918577981651307 0.0238914373088685
0 0.6522362385321101 0.39361142966360857 0.016724006116207946 0.022696865443425085
0 0.6698561735474007 0.40943950688073394 0.022099579510703404 0.019710435779816515
0 0.444679376911315 0.28132167431192656 0.017321292048929626 0.017918577981651362
0 0.4163082951070336 0.288787748470948 0.015529434250764529 0.016126720183486265
0 0.4527427370030581 0.2896836773700306 0.014334862385321112 0.01911314984709478
0 0.44527666284403666 0.31626290137614677 0.019710435779816515 0.02209957951070335
0 0.46289659785932724 0.2956565366972477 0.014334862385321057 0.0238914373088685
0 0.4709599579510703 0.30431718272171254 0.0185158639143731 0.020905007645259932
0 0.479919246941896 0.3159642584097859 0.0185158639143731 0.021502293577981613
0 0.4533400229357798 0.32462490443425074 0.017918577981651362 0.024488723241590182
0 0.46050745412844035 0.33238962155963303 0.016724006116207946 0.020905007645259932
0 0.4712586009174312 0.3422448394495413 0.021502293577981668 0.0238914373088685
0 0.4894758218654434 0.32402761850152906 0.013737576452599431 0.019710435779816515
0 0.49515003822629966 0.33358419342507645 0.015529434250764529 0.022099579510703404
0 0.5032133983180428 0.34523126911314983 0.017321292048929626 0.02508600917431192
0 0.5184441896024465 0.35000955657492355 0.010751146788990806 0.021502293577981613
0 0.49515003822629966 0.3715118501529052 0.019113149847094835 0.019113149847094835
0 0.5259102637614679 0.35956613149847094 0.014932148318042904 0.01911314984709478
0 0.5378559824159022 0.3649417048929664 0.0185158639143731 0.021502293577981668
0 0.544426127675841 0.37658878058103973 0.016126720183486265 0.017321292048929682
0 0.5566704892966361 0.38375621177370034 0.01911314984709478 0.01612672018348621
0 0.5405437691131498 0.40675172018348627 0.023891437308868557 0.021502293577981668
0 0.5716026376146789 0.4028693616207951 0.015529434250764584 0.0185158639143731
0 0.5871320718654434 0.4112313646788991 0.01911314984709478 0.024488723241590238
0 0.59639000382263 0.4169055810397554 0.022099579510703293 0.0238914373088685
0 0.6196841551987768 0.44647123470948014 0.0185158639143731 0.017321292048929682
0 0.48828125 0.4288512996941896 0.024488723241590238 0.022696865443425085
0 0.4691681001529052 0.5047066131498471 0.019710435779816515 0.02030772171253825
0 0.6970326834862386 0.3798738532110092 0.015529434250764473 0.019113149847094835
0 0.25890261627906974 0.5535746729651163 0.026117369186046513 0.028388444767441845
0 0.29410428779069764 0.5870730377906976 0.026117369186046513 0.022710755813953543
0 0.31142123909883723 0.6058094113372093 0.026685138081395332 0.02271075581395343
0 0.32845430595930236 0.5461936773255814 0.01987191133720928 0.020439680232558155
0 0.3576944040697675 0.5714593931686047 0.01930414244186046 0.018736373546511698
0 0.4618799963662791 0.6114871002906976 0.018736373546511587 0.018168604651162767
0 0.41901344476744184 0.6330623183139535 0.02157521802325585 0.020439680232558155
0 0.43633039607558144 0.648959847383721 0.022142986918604668 0.018168604651162767
0 0.38608284883720934 0.6818904433139534 0.023846293604651125 0.012490915697674354
0 0.3673464752906977 0.7057367369186047 0.021575218023255793 0.014761991279069853
0 0.48317132994186046 0.6929619367732558 0.021575218023255793 0.02327852470930236
0 0.5064498546511628 0.714821039244186 0.01930414244186046 0.019304142441860517
0 0.5107081213662791 0.7891987645348837 0.02327852470930236 0.020439680232558155
0 0.41021302688953487 0.7204987281976745 0.014194222383720922 0.02498183139534882
0 0.39914153343023256 0.7307185683139534 0.012490915697674465 0.02384629360465118
0 0.38948946220930236 0.7380995639534884 0.011355377906976771 0.021575218023255793
0 0.4133357558139535 0.7562681686046512 0.01703306686046513 0.019304142441860517
0 0.4045353379360465 0.764216933139535 0.021007449127906974 0.018168604651162767
0 0.3971543422965116 0.772449582122093 0.018736373546511642 0.013058684593023173
0 0.3877861555232558 0.7798305777616279 0.015897529069767435 0.01532976017441856
0 0.3789857376453488 0.7883471111918605 0.021007449127906974 0.018736373546511698
0 0.36138490188953487 0.8067996002906976 0.018736373546511642 0.018168604651162767
0 0.3559910973837209 0.8161677870639535 0.01930414244186046 0.01760083575581395
0 0.3449196039244186 0.8261037427325582 0.02554960029069764 0.019304142441860517
0 0.33668695494186046 0.8343363917151163 0.020439680232558155 0.01646529796511631
0 0.3307253815406977 0.844272347383721 0.021007449127906974 0.018168604651162767
0 0.4437113917151163 0.7250408793604651 0.022142986918604668 0.02271075581395343
0 0.5288767260174418 0.8059479469476745 0.01760083575581395 0.018736373546511587
0 0.5456259084302326 0.8229810138081395 0.018168604651162767 0.019871911337209336
0 0.5660655886627907 0.8428529251453488 0.020439680232558155 0.02327852470930236
0 0.4831141930835735 0.6305835734870316 0.01970010806916428 0.020825828530259383
0 0.1020382612179487 0.946514423076923 0.02003205128205128 0.021284054487179516
0 0.06510416666666666 0.9753104967948718 0.023788060897435896 0.023788060897435903
0 0.12457431891025642 0.9699894831730769 0.02003205128205128 0.021910056089743613
0 0.14639673477564102 0.986991686698718 0.02361278044871795 0.022110376602564097
0 0.18154046474358976 0.9499574318910255 0.020032051282051294 0.019406049679487114
0 0.2043895232371795 0.9721804887820513 0.01940604967948717 0.02003205128205121
0 0.22629957932692307 0.9900215344551282 0.01940604967948717 0.014398036858974339
0 0.10078625801282051 0.8742112379807692 0.022536057692307696 0.01815404647435892
0 0.12081830929487179 0.8942432892628205 0.02253605769230768 0.01439803685897445
0 0.12363531650641024 0.8566831931089742 0.016902043269230768 0.011894030448717952
0 0.15180538862179488 0.8253831129807692 0.02817007211538461 0.01815404647435892
0 0.16589042467948717 0.8491711738782051 0.018780048076923073 0.02065805288461542
0 0.17684545272435898 0.8404071514423077 0.01940604967948717 0.020658052884615308
0 0.18592247596153846 0.8338341346153846 0.023788060897435903 0.02253605769230771
0 0.20063351362179488 0.8219401041666666 0.02316205929487178 0.025040064102564097
0 0.21221454326923078 0.805351061698718 0.020032051282051294 0.025666065705128194
0 0.22003956330128205 0.79345703125 0.018154046474358976 0.023162059294871806
0 0.2284905849358974 0.7893880208333333 0.02253605769230768 0.017528044871794823
0 0.20063351362179488 0.7740509815705128 0.02566606570512822 0.013146033653846145
0 0.19249549278846154 0.7859450120192308 0.0244140625 0.011894030448717952
0 0.15869140625 0.7399338942307692 0.021910056089743585 0.017528044871794823
0 0.16682942708333331 0.7305438701923077 0.01565004006410256 0.017528044871794823
0 0.17621945112179488 0.7214668469551282 0.018154046474358948 0.016902043269230838
0 0.19030448717948717 0.744941907051282 0.018780048076923073 0.017528044871794934
0 0.20783253205128205 0.7036258012820512 0.013772035256410242 0.023788060897435903
0 0.18467047275641024 0.6770207331730769 0.012520032051282048 0.023162059294871806
0 0.1593174078525641 0.6573016826923077 0.013146033653846145 0.023788060897435903
0 0.10485526842948717 0.6040915464743589 0.023162059294871792 0.021284054487179516
0 0.12801732772435898 0.5690354567307692 0.020658052884615377 0.017528044871794823
0 0.14022435897435898 0.5634014423076923 0.021284054487179488 0.025040064102564097
0 0.45279947916666663 0.48828125 0.020182291666666685 0.01822916666666663
0 0.017712162990196078 0.017712162990196078 0.014361213235294117 0.02585018382352941
0 0.006223192401960784 0.02106311274509804 0.012446384803921568 0.026807598039215688
0 0.9388648343373494 0.011718750000000043 0.023531626506024028 0.01882530120481928
0 0.9471009036144579 0.02201383659638558 0.017648719879518104 0.02059017319277108
0 0.957984280873494 0.02936746987951811 0.015883847891566272 0.018825301204819272
0 0.972691547439759 0.8150296498493976 0.020590173192771122 0.02294333584337349
0 0.9559252635542168 0.8365022590361446 0.01882530120481929 0.022355045180722843
0 0.9347467996987953 0.8588573042168675 0.01882530120481929 0.022355045180722843
0 0.8629753388554218 0.9329819277108433 0.01882530120481929 0.024708207831325324
0 0.814441359186747 0.9544545368975904 0.02294333584337349 0.011177522590361422
0 0.7864975527108433 0.955042827560241 0.01882530120481929 0.013530685240963791
0 0.6800169427710843 0.8800357680722892 0.01882530120481929 0.01647213855421692
0 0.701195406626506 0.8991552146084338 0.02353162650602414 0.015883847891566272
0 0.7244328878012049 0.9188629518072289 0.020590173192771122 0.020001882530120474
0 0.7420816076807228 0.936511671686747 0.015883847891566272 0.015295557228915735
0 0.6638389495481928 0.9329819277108433 0.020590173192771122 0.02117846385542166
0 0.6903120293674698 0.9603374435240963 0.015883847891566272 0.01823701054216864
0 0.7111963478915663 0.9818100527108433 0.01647213855421681 0.017648719879517993
0 0.6000094126506024 0.8726821347891567 0.022355045180722954 0.024119917168674676
0 0.6217761671686748 0.893566453313253 0.02117846385542166 0.02117846385542177
0 0.2280120849609375 0.8696441650390625 0.018310546875 0.01983642578125
0 0.7415012668918919 0.12433136261261266 0.017595720720720687 0.023754222972972985
0 0.7230257601351351 0.1423669763513514 0.021114864864864802 0.021114864864864857
0 0.7058699324324325 0.16128237612612617 0.0184755067567568 0.016715934684684686
0 0.5576259853603605 0.181517454954955 0.02639358108108103 0.014956362612612628
0 0.5765413851351351 0.18811585022522526 0.021994650900900914 0.021114864864864857
0 0.9361323205289672 0.512053290302267 0.016727015113350063 0.016727015113350063
0 0.9462177267002518 0.5054116813602014 0.017218986146095627 0.01721898614609574
0 0.9538432777078085 0.49631021725440805 0.017710957178841413 0.017710957178841247
0 0.9634367128463476 0.48474889798488663 0.018202928211586977 0.0162350440806045
0 0.9708162783375315 0.47540144836272036 0.019186870277078105 0.018202928211586922
0 0.9813936555415617 0.4658080132241813 0.016727015113350063 0.01672701511335012
0 0.9904582218198992 0.45402530698992444 0.015177306360201537 0.013824386020151125
0 0.9567951039042821 0.5319781171284634 0.016727015113350174 0.021154754408060472
0 0.9634367128463475 0.5211547544080604 0.01721898614609574 0.021154754408060472
0 0.9727841624685138 0.5110693482367759 0.0162350440806045 0.020662783375314908
0 0.9796717569269521 0.5007379565491183 0.015251102015113371 0.020662783375314797
0 0.9902122363035264 0.4910215286523929 0.0156692773929471 0.01795694269521414
0 0.9926720914672544 0.9255155856423174 0.010749567065491239 0.01615632871536532
0 0.9840994962216625 0.9408060453400503 0.018202928211586866 0.020170812342569233
0 0.25405092592592593 0.2219509548611111 0.018084490740740727 0.017180266203703692
0 0.4257938102893891 0.931345458199357 0.02009646302250806 0.016328376205787754
