2 0.6340422453703703 0.09440104166666666 0.0600405092592593 0.05714699074074074
2 0.5689380787037037 0.056061921296296294 0.05570023148148151 0.03833912037037037
2 0.5020254629629629 0.018446180555555552 0.05497685185185186 0.03255208333333333
2 0.6083622685185185 0.011212384259259259 0.04629629629629628 0.02097800925925926
0 0.05295444542253521 0.12035101232394367 0.024757922535211266 0.016505281690140844
0 0.06877200704225353 0.13238611355633803 0.022007042253521132 0.015817561619718312
0 0.13135453345070425 0.17502475792253522 0.02888424295774647 0.017193001760563376
0 0.14167033450704225 0.1911861795774648 0.022007042253521125 0.020631602112676062
0 0.16264579665492956 0.24826694542253522 0.021319322183098594 0.020631602112676062
0 0.18877915933098594 0.2644283670774648 0.02544564260563381 0.019943882042253502
0 0.244140625 0.25342484595070425 0.022007042253521125 0.01994388204225353
0 0.27852662852112675 0.27474416813380287 0.022007042253521125 0.01856844190140844
0 0.2922810299295775 0.28196522887323944 0.024757922535211252 0.01650528169014087
0 0.24723536531690143 0.3005336707746479 0.02131932218309862 0.016505281690140816
0 0.27646346830985913 0.32219685299295775 0.020631602112676062 0.015817561619718312
0 0.35314425616197187 0.32150913292253525 0.019943882042253558 0.01856844190140844
0 0.37411971830985913 0.33182493397887325 0.020631602112676062 0.019943882042253502
0 0.3239161531690141 0.35176881602112675 0.024757922535211307 0.021319322183098566
0 0.560147997359155 0.4109127420774648 0.018568441901408383 0.019943882042253502
0 0.6533340669014085 0.5223233934859155 0.023382482394366244 0.015817561619718257
0 0.6653691681338028 0.5377970950704225 0.02269476232394363 0.012378961267605626
0 0.6760288292253521 0.5491444762323944 0.023382482394366244 0.015817561619718257
0 0.7011306117957747 0.570463798415493 0.024070202464788637 0.015817561619718257
0 0.745144696302817 0.6086322623239437 0.024070202464788637 0.013754401408450634
0 0.7585552376760564 0.6213550836267605 0.023382482394366244 0.01306668133802813
0 0.7702464788732395 0.6344217649647887 0.024757922535211252 0.013066681338028241
0 0.9885976012323945 0.8046324823943662 0.017193001760563376 0.024757922535211252
0 0.9945257482394366 0.7863666373239437 0.007042253521126751 0.01711047535211263
0 0.6863446302816901 0.9411449163732395 0.019256161971831 0.02131932218309851
0 0.7083516725352113 0.959713358274648 0.023382482394366133 0.025445642605633867
0 0.6313270246478874 0.887846610915493 0.019256161971831 0.024757922535211252
0 0.5615234375 0.8180430237676057 0.017193001760563376 0.02269476232394363
0 0.5402041153169015 0.837643045774648 0.017193001760563376 0.020631602112676117
0 0.5670251980633803 0.8452079665492958 0.018568441901408383 0.022007042253521125
0 0.5615234375 0.859650088028169 0.019943882042253502 0.01650528169014087
0 0.5790602992957747 0.835236025528169 0.015129841549295864 0.02269476232394363
0 0.5924708406690141 0.8548360475352113 0.018568441901408494 0.023382482394366133
0 0.6199796434859155 0.8049763424295775 0.018568441901408494 0.018568441901408494
0 0.5515514964788732 0.739986795774648 0.02750880281690138 0.02613336267605637
0 0.5735585387323945 0.7599306778169015 0.01788072183098588 0.020631602112676117
0 0.49000055017605637 0.7489271566901409 0.01856844190140844 0.019256161971831
0 0.5099444322183099 0.7692148987676057 0.019943882042253502 0.02269476232394363
0 0.49619003080985924 0.7781552596830986 0.019943882042253558 0.025445642605633756
0 0.4659303477112676 0.7681833186619719 0.024070202464788748 0.019256161971831
0 0.4865619498239437 0.7891587808098592 0.024070202464788748 0.025445642605633867
0 0.3961267605633803 0.7368920554577465 0.01788072183098588 0.02131932218309862
0 0.350737235915493 0.8066956426056338 0.017880721830985935 0.022007042253521125
0 0.24310904489436622 0.8489904269366197 0.022694762323943685 0.014442121478873249
0 0.19290547975352113 0.8407377860915494 0.022694762323943657 0.015817561619718257
0 0.1282597931338028 0.7815938600352113 0.01719300176056336 0.025445642605633867
0 0.10212643045774648 0.7719657790492958 0.021319322183098594 0.03094740316901412
0 0.0955930897887324 0.7564920774647887 0.013754401408450703 0.020631602112676006
0 0.08527728873239437 0.7472078565140845 0.01512984154929578 0.019943882042253502
0 0.045733384683098594 0.7692148987676056 0.014442121478873235 0.029571963028169
0 0.03060354313380282 0.7678394586267605 0.014442121478873238 0.026821082746478875
0 0.014785981514084508 0.7654324383802817 0.017193001760563383 0.030259683098591506
0 0.0381684639084507 0.7179797535211268 0.019943882042253523 0.024757922535211252
0 0.023726342429577465 0.7111025528169015 0.019943882042253523 0.01788072183098588
0 0.014785981514084508 0.7035376320422535 0.021319322183098594 0.01788072183098588
0 0.3101617517605634 0.6241059639084507 0.026133362676056315 0.02269476232394374
0 0.2527371258802817 0.5859375 0.021319322183098594 0.019256161971831
0 0.20906690140845072 0.5573971170774648 0.020631602112676062 0.02131932218309862
0 0.1708984375 0.5322953345070423 0.022694762323943657 0.019256161971831
0 0.14476507482394368 0.5140707526408451 0.025445642605633784 0.018568441901408494
0 0.08218254841549297 0.47383912852112675 0.024070202464788734 0.020631602112676062
0 0.04435794454225352 0.45389524647887325 0.021319322183098594 0.020631602112676062
0 0.05020356514084507 0.4851865096830986 0.024757922535211266 0.02269476232394363
0 0.06808428697183098 0.4036916813380282 0.020631602112676055 0.01650528169014087
0 0.15129841549295775 0.45939700704225356 0.026133362676056343 0.019256161971831
0 0.24964238556338028 0.5240426936619719 0.02338248239436619 0.01788072183098599
0 0.390625 0.5849059198943662 0.022007042253521125 0.019943882042253502
0 0.3975022007042254 0.5714953785211268 0.020631602112676006 0.013754401408450634
0 0.4026601012323944 0.5604918573943662 0.02131932218309862 0.01650528169014087
0 0.40850572183098594 0.5494883362676056 0.01650528169014087 0.019256161971831
0 0.4160706426056338 0.5388286751760564 0.019256161971831 0.019943882042253502
0 0.42329170334507044 0.5309198943661972 0.024070202464788748 0.01788072183098588
0 0.43016890404929575 0.5168216329225352 0.022694762323943685 0.014442121478873249
0 0.43601452464788737 0.5065058318661972 0.022007042253521125 0.018568441901408494
0 0.4439233054577465 0.4937830105633803 0.019943882042253502 0.01788072183098588
0 0.4501127860915493 0.4851865096830986 0.019943882042253502 0.019943882042253502
0 0.4611163072183099 0.4748707086267606 0.02269476232394363 0.019943882042253558
0 0.4683373679577465 0.46042858714788737 0.020631602112676062 0.017193001760563376
0 0.5243865536971831 0.49619003080985913 0.02131932218309851 0.01856844190140844
0 0.5168216329225352 0.5071935519366197 0.019943882042253502 0.01719300176056343
0 0.5085689920774648 0.5185409330985915 0.02131932218309862 0.01788072183098588
0 0.502379511443662 0.5292005941901409 0.022694762323943685 0.014442121478873249
0 0.4948145906690141 0.5446742957746479 0.019943882042253502 0.015129841549295753
0 0.49000055017605637 0.556365536971831 0.01856844190140844 0.01788072183098599
0 0.47830930897887325 0.5635865977112676 0.019943882042253502 0.015817561619718257
0 0.4734952684859155 0.574246258802817 0.021319322183098566 0.01650528169014087
0 0.4666180677816901 0.5886883802816902 0.021319322183098566 0.01650528169014087
0 0.4580215669014085 0.5983164612676057 0.019256161971831 0.01650528169014087
0 0.44873734595070425 0.6113831426056338 0.02131932218309862 0.01788072183098588
0 0.43291978433098594 0.6443937059859155 0.02269476232394363 0.019256161971831
0 0.4597408670774648 0.661586707746479 0.018568441901408494 0.01788072183098588
1 0.10006327024647887 0.804288622359155 0.05570532570422536 0.026821082746478875
