0 0.5551007556675063 0.23581155541561716 0.011315333753148638 0.02312263853904281
0 0.3644619804785894 0.07001731738035266 0.024598551637279642 0.01131533375314861
0 0.3610181832493703 0.08280856423173805 0.02951826196473556 0.013283217884130977
0 0.4193167506297229 0.40185177896725444 0.026074464735516334 0.014759130982367752
0 0.3703656328715365 0.03164357682619649 0.01279124685138544 0.022138696473551635
0 0.3509327770780856 0.033365475440806064 0.020170812342569233 0.021646725440806043
0 0.3981619962216625 0.028199779596977354 0.016235044080604555 0.023122638539042818
0 0.41021528652392947 0.029183721662468538 0.012791246851385385 0.022138696473551635
0 0.42226857682619645 0.02967569269521413 0.012299275818639765 0.023122638539042818
0 0.43309193954659947 0.012702692065491208 0.02312263853904284 0.014759130982367759
0 0.4633481580604534 0.013194663098236801 0.015743073047858935 0.020662783375314863
0 0.8746359414357683 0.27885902078085645 0.027550377833753248 0.020662783375314853
0 0.8852133186397985 0.2916502676322418 0.026074464735516445 0.02164672544080609
0 0.9034162468513853 0.4018517789672544 0.014267159949622132 0.029518261964735504
0 0.9324425377833753 0.40234375 0.015251102015113371 0.027550377833753137
0 0.958025031486146 0.4183328085642317 0.014267159949622243 0.024106580604533967
0 0.8023161996221662 0.39693206863979846 0.017710957178841302 0.03443797229219142
0 0.7595147197732997 0.5339460012594458 0.013775188916876568 0.0280423488664987
0 0.7964125472292191 0.5669080604534005 0.011807304785894202 0.02312263853904284
0 0.8096957651133501 0.5664160894206549 0.014759130982367807 0.026074464735516334
0 0.8244548960957179 0.567400031486146 0.013775188916876568 0.021154754408060472
0 0.842411838790932 0.5654321473551637 0.012299275818639765 0.020170812342569233
0 0.8598768104534005 0.5696139011335013 0.013775188916876568 0.021646725440806036
0 0.8726680573047858 0.5691219301007556 0.011807304785894202 0.020662783375314797
0 0.8874271882871536 0.5617423646095717 0.01377518891687668 0.023614609571788403
0 0.9004644206549118 0.5651861618387909 0.012299275818639765 0.023614609571788403
0 0.9523673646095718 0.5575606108312343 0.013775188916876568 0.025090522670025206
0 0.9703243073047858 0.5548547701511335 0.014267159949622132 0.02656643576826201
0 0.9885272355163728 0.5563306832493702 0.012299275818639765 0.02558249370277077
0 0.8350322732997482 0.4808131297229219 0.013283217884131004 0.02902629093198994
0 0.8544651290931989 0.48376495591939545 0.011807304785894202 0.027058406801007573
0 0.8798016372795969 0.48474889798488663 0.013283217884131004 0.0280423488664987
0 0.9107958123425692 0.48597882556675065 0.013283217884130893 0.024598551637279586
0 0.9415440018891688 0.49065255037783373 0.009839420654911835 0.027058406801007573
0 0.961714814231738 0.4916364924433249 0.011807304785894202 0.021154754408060472
0 0.9767199307304786 0.49040656486146095 0.013283217884131004 0.025582493702770714
0 0.9921801204345089 0.4878237169395466 0.011733509130982367 0.024352566120906805
0 0.7083497323677581 0.5339460012594459 0.015743073047858935 0.026074464735516334
0 0.6581686870277078 0.5317321316120907 0.01967884130982367 0.02656643576826201
0 0.6335701353904282 0.5039357682619647 0.020662783375314797 0.02509052267002515
0 0.6239767002518891 0.4908985358942065 0.02312263853904284 0.025582493702770825
0 0.5115613192695214 0.9575330604534005 0.016727015113350174 0.025090522670025206
0 0.8512673173803527 0.2628699622166247 0.020170812342569344 0.0162350440806045
1 0.9735221190176322 0.4198087216624685 0.015743073047858935 0.041817537783375325
