2 0.1282649253731343 0.014575559701492536 0.050528606965174125 0.025264303482587062
2 0.13118003731343283 0.04324082711442786 0.058302238805970144 0.03789645522388059
2 0.15012826492537312 0.0607314987562189 0.05733053482587064 0.03595304726368159
2 0.16227456467661688 0.08259483830845771 0.054415422885572134 0.0369247512437811
2 0.17344916044776118 0.10591573383084577 0.06121735074626866 0.025264303482587055
2 0.19336909203980096 0.1282649253731343 0.05635883084577112 0.031094527363184063
2 0.19579835199004975 0.1603311567164179 0.06899098258706468 0.03303793532338309
2 0.21668998756218905 0.18656716417910446 0.054415422885572134 0.0349813432835821
2 0.22446361940298504 0.21183146766169153 0.07384950248756217 0.05052860696517411
2 0.23855332711442784 0.24195429104477612 0.06510416666666666 0.044698383084577104
2 0.2696478544776119 0.17150575248756217 0.0417832711442786 0.06316075870646765
2 0.19434079601990045 0.04324082711442785 0.029151119402985065 0.051500310945273624
2 0.2545864427860696 0.017976523631840793 0.04858519900497513 0.035953047263681585
