0 0.38447627314814814 0.4054542824074074 0.02387152777777779 0.02242476851851849
0 0.18410011574074073 0.44307002314814814 0.020978009259259245 0.01953125
0 0.4336295871559633 0.18456135321100914 0.02687786697247707 0.02150229357798164
0 0.8143993692660549 0.17381020642201833 0.01971043577981646 0.019710435779816515
0 0.8063360091743119 0.19486453555045868 0.01971043577981646 0.022398222477064217
0 0.9465488818807339 0.29789635894495414 0.015230791284403744 0.025981938073394495
0 0.886969610091743 0.3032719323394495 0.028669724770642224 0.020606364678899036
0 0.9071280103211008 0.19128081995412843 0.022398222477064134 0.022398222477064217
0 0.9729787844036697 0.44930834288990823 0.023294151376146766 0.0313575114678899
0 0.9291845493562232 0.1726629560085837 0.02430928111587982 0.018441523605150223
