3 0.2649811126373627 0.031035370879120897 0.07512019230769232 0.05580357142857143
3 0.4753176510989011 0.2800051510989011 0.05794986263736268 0.060096153846153855
3 0.5348772321428572 0.02267020089285714 0.0959123883928571 0.04534040178571428
3 0.5069754464285714 0.3635951450892857 0.050571986607142794 0.05405970982142855
3 0.6848493303571428 0.17961774553571427 0.0645228794642857 0.05929129464285715
3 0.7232142857142857 0.26768275669642855 0.0680106026785714 0.07149832589285712
3 0.8008161272321428 0.42114257812499994 0.0732421875 0.06103515625
3 0.9272460937499999 0.6068638392857142 0.08196149553571419 0.0767299107142857
3 0.5540597098214286 0.4377092633928571 0.0714983258928571 0.0523158482142857
3 0.591552734375 0.5231584821428571 0.059291294642857095 0.0732421875
3 0.9787772042410714 0.7528948102678571 0.038539341517857206 0.07233537946428581
1 0.3183776285046729 0.40222966559579443 0.018938011098130814 0.02920560747663553
1 0.3348057827102804 0.43360287675233644 0.01574364778037385 0.02623941296728971
1 0.18671875 0.4265625 0.014453124999999983 0.023046875000000022
1 0.1759765625 0.42861328125 0.014453124999999983 0.02128906250000001
1 0.16943359375 0.43125 0.014257812500000022 0.01953125
1 0.17861328125 0.4515625 0.013476562500000011 0.019140624999999967
1 0.5659716185674548 0.7858679589707928 0.026349530598052895 0.017385257301808066
1 0.5578222792072323 0.7680752347009736 0.02471966272600834 0.01765690194714875
1 0.5527968532684283 0.7578885605006953 0.025534596662030618 0.016841968011126585
1 0.53894297635605 0.7536780684979137 0.0228181502086231 0.016027034075104307
1 0.17096720950704225 0.695009903169014 0.01457966549295775 0.02118177816901412
1 0.10297007255139057 0.8931945284159614 0.0217276299879081 0.01605955259975822
