2 0.40234375 0.9466145833333334 0.03125 0.078125
2 0.4837239583333333 0.9837239583333334 0.05338541666666663 0.02734375
2 0.44986979166666663 0.7610677083333333 0.048177083333333315 0.02473958333333337
2 0.46549479166666663 0.7838541666666667 0.06380208333333331 0.02604166666666663
2 0.498046875 0.8528645833333333 0.06640625 0.02604166666666663
2 0.515625 0.8919270833333334 0.08333333333333331 0.046875
2 0.7115885416666666 0.7584635416666667 0.05078125 0.03255208333333337
2 0.6985677083333334 0.8014322916666667 0.05078125 0.03255208333333337
2 0.7063802083333333 0.8326822916666667 0.06380208333333337 0.02473958333333337
2 0.6569010416666666 0.826171875 0.01953125 0.05078125
2 0.6940104166666667 0.8704427083333333 0.05729166666666663 0.02213541666666663
2 0.8365885416666667 0.6901041666666667 0.05598958333333337 0.02864583333333337
2 0.826171875 0.716796875 0.06380208333333326 0.02473958333333326
2 0.8190104166666666 0.78125 0.0625 0.0234375
2 0.8294270833333334 0.8177083333333334 0.0703125 0.046875
2 0.8151041666666667 0.8626302083333333 0.06770833333333337 0.04036458333333337
2 0.9127604166666667 0.6640625 0.04166666666666663 0.07291666666666674
2 0.8984375 0.74609375 0.04166666666666674 0.078125
2 0.43359375 0.53125 0.03385416666666663 0.0546875
2 0.455078125 0.5279947916666666 0.02213541666666663 0.04296875
2 0.48958333333333337 0.5208333333333333 0.039062500000000056 0.07291666666666663
2 0.5260416666666667 0.513671875 0.02604166666666663 0.06901041666666669
2 0.5963541666666666 0.5110677083333334 0.0234375 0.058593750000000056
2 0.6666666666666667 0.509765625 0.04427083333333337 0.08203125
2 0.708984375 0.48893229166666663 0.01953125 0.035156249999999944
2 0.787109375 0.5377604166666666 0.04296875 0.046875
2 0.82421875 0.529296875 0.02083333333333326 0.05078125
2 0.94921875 0.5260416666666666 0.02864583333333326 0.07812499999999994
2 0.9850260416666667 0.529296875 0.02473958333333337 0.06901041666666669
2 0.9654947916666667 0.6666666666666667 0.06119791666666663 0.08854166666666663
2 0.958984375 0.779296875 0.02734375 0.07161458333333326
2 0.9752604166666667 0.865234375 0.04427083333333337 0.04817708333333326
2 0.9296875 0.9329427083333333 0.07291666666666674 0.04036458333333337
2 0.859375 0.9674479166666667 0.078125 0.05989583333333337
2 0.8229166666666667 0.98046875 0.04947916666666663 0.03385416666666674
2 0.7805989583333333 0.982421875 0.05338541666666663 0.02994791666666674
2 0.5364583333333333 0.40885416666666663 0.05208333333333337 0.026041666666666685
2 0.5638020833333333 0.35872395833333337 0.04947916666666663 0.055989583333333315
2 0.5846354166666666 0.3795572916666667 0.0234375 0.03515625
2 0.6165364583333333 0.3723958333333333 0.03776041666666663 0.046875
2 0.6217447916666666 0.30924479166666663 0.02734375 0.055989583333333315
2 0.6458333333333333 0.314453125 0.01822916666666663 0.04296875
2 0.6595052083333333 0.35416666666666663 0.02473958333333337 0.036458333333333315
2 0.677734375 0.296875 0.02734375 0.05729166666666663
2 0.6803385416666667 0.36783854166666663 0.02994791666666663 0.053385416666666685
2 0.7109375 0.29947916666666663 0.02604166666666674 0.044270833333333315
2 0.7513020833333333 0.28125 0.04427083333333337 0.07291666666666666
2 0.748046875 0.3502604166666667 0.05598958333333326 0.0625
2 0.7330729166666666 0.40494791666666663 0.0546875 0.026041666666666685
2 0.7838541666666667 0.365234375 0.05729166666666663 0.07421875
2 0.8274739583333334 0.36328125 0.04296875 0.05729166666666663
2 0.865234375 0.36328125 0.04296875 0.06510416666666663
2 0.9322916666666666 0.3821614583333333 0.046875 0.06640625
2 0.9446614583333333 0.310546875 0.02473958333333337 0.05078125
2 0.921875 0.30533854166666663 0.02604166666666674 0.055989583333333315
2 0.7591145833333334 0.22916666666666666 0.0859375 0.03125
2 0.7096354166666667 0.08072916666666666 0.05208333333333337 0.10937499999999999
2 0.763671875 0.09505208333333334 0.03515625 0.04947916666666667
2 0.8196614583333334 0.08333333333333334 0.03515625 0.04947916666666667
2 0.8424479166666667 0.029947916666666664 0.03385416666666663 0.046875
2 0.8509114583333334 0.09635416666666666 0.08984375 0.1171875
2 0.88671875 0.12174479166666666 0.02083333333333326 0.05338541666666667
2 0.7890625 0.2864583333333333 0.03645833333333326 0.0546875
2 0.82421875 0.28971354166666663 0.02604166666666674 0.055989583333333315
2 0.8639322916666666 0.29166666666666663 0.04296875 0.059895833333333315
2 0.8971354166666666 0.29622395833333337 0.0234375 0.061197916666666685
2 0.9108072916666666 0.07682291666666667 0.03515625 0.0234375
0 0.031033618804664723 0.07402514577259475 0.01651330174927114 0.013666180758017496
0 0.02334639212827988 0.06149781341107872 0.013666180758017493 0.013666180758017496
0 0.016513301749271136 0.049255193148688044 0.015943877551020405 0.014235604956268216
0 0.010819059766763848 0.03872084548104956 0.013666180758017493 0.01480502915451895
0 0.6818854774052479 0.23118622448979592 0.024485240524781404 0.01480502915451895
0 0.9136411260932944 0.09594797740524781 0.014235604956268189 0.015374453352769685
0 0.8885864613702623 0.485149416909621 0.01309675655976672 0.019360422740524796
0 0.9113634293002915 0.4780316144314869 0.010819059766763783 0.021068695335276943
0 0.9654587281341107 0.4879965379008746 0.010819059766763894 0.023915816326530615
2 0.6626887423547401 0.6486525229357798 0.029267010703363905 0.08362003058103973
2 0.7203268348623852 0.6531321674311926 0.06092316513761464 0.08660646024464835
