2 0.6134923986486487 0.17052012950450457 0.06774352477477485 0.06510416666666666
2 0.6249296171171171 0.1406074042792793 0.06422438063063063 0.058065878378378386
2 0.6539625563063063 0.11905264639639643 0.060705236486486513 0.05014780405405406
2 0.671558277027027 0.09529842342342346 0.05190737612612606 0.04838823198198197
2 0.6913534628378378 0.07330377252252256 0.05102759009009006 0.04838823198198197
2 0.7129082207207207 0.05218890765765769 0.04486908783783783 0.04310951576576576
2 0.7568975225225225 0.019196931306306345 0.05718609234234229 0.033431869369369364
2 0.6838752815315315 0.2259466497747748 0.05190737612612617 0.0439893018018018
2 0.6975119650900901 0.20263231981981986 0.05278716216216217 0.04486908783783783
2 0.717747043918919 0.1788780968468469 0.0387105855855856 0.041349943693693686
2 0.7560177364864865 0.13444890202702706 0.06246480855855863 0.05278716216216216
2 0.7802118524774775 0.11773296734234238 0.04398930180180183 0.03519144144144146
2 0.8008868243243243 0.08782024211711716 0.05190737612612617 0.05102759009009009
2 0.816283079954955 0.06494580518018021 0.05102759009009006 0.047508445945945936
2 0.8369580518018018 0.04691019144144148 0.05366694819819817 0.05014780405405404
2 0.8598324887387387 0.024035754504504545 0.03959037162162171 0.03959037162162162
2 0.8220016891891893 0.34735712274774777 0.05014780405405406 0.04398930180180177
2 0.8422367680180181 0.32272311373873874 0.05366694819819817 0.05278716216216217
2 0.8576330236486487 0.2972093186936937 0.049268018018018056 0.045748873873873885
2 0.8813872466216216 0.27741413288288286 0.0387105855855856 0.04310951576576577
2 0.8967835022522522 0.25453969594594594 0.048388231981981944 0.0448690878378378
2 0.9121797578828829 0.22902590090090094 0.0387105855855856 0.036071227477477485
2 0.9346143018018018 0.2158291103603604 0.05014780405405406 0.05014780405405406
2 0.9500105574324325 0.19691371058558563 0.04398930180180183 0.04047015765765766
2 0.9744686092342343 0.15848465653153154 0.04715653153153154 0.04631193693693689
2 0.9872255067567568 0.1381176097972973 0.021642736486486513 0.028452280405405372
2 0.8747888513513513 0.3966251407657657 0.04486908783783783 0.045748873873873885
2 0.914819115990991 0.3561549831081081 0.04398930180180183 0.045748873873873885
2 0.9354940878378378 0.32932150900900903 0.04662865990990994 0.05718609234234234
2 0.9522100225225225 0.303807713963964 0.04662865990990994 0.04310951576576577
2 0.9728849943693694 0.2826928490990991 0.04398930180180183 0.046628659909909886
2 0.9830025337837838 0.2624577702702703 0.029032939189189255 0.03783079954954949
