0 0.17759076286764708 0.18548943014705882 0.02513212316176472 0.01077090992647059
0 0.17471852022058826 0.19949161305147062 0.02513212316176472 0.012925091911764691
0 0.18369427849264708 0.22282858455882354 0.022977941176470562 0.01507927389705882
0 0.18477136948529416 0.23647173713235295 0.02225988051470587 0.01220703125
0 0.18907973345588236 0.24796070772058826 0.02225988051470587 0.010770909926470645
0 0.1880026424632353 0.2630399816176471 0.02154181985294118 0.010770909926470618
0 0.1880026424632353 0.27452895220588236 0.02154181985294118 0.00933478860294118
0 0.19015682444852944 0.2860179227941177 0.02585018382352941 0.01220703125
0 0.23839962121212124 0.14547821969696972 0.020123106060606077 0.010653409090909088
0 0.24047111742424246 0.15909090909090912 0.0207149621212121 0.010653409090909088
0 0.24550189393939398 0.18187736742424246 0.01893939393939395 0.011245265151515138
0 0.2682883522727273 0.2046638257575758 0.018347537878787845 0.015388257575757569
0 0.24905303030303033 0.2312973484848485 0.024857954545454558 0.014204545454545442
0 0.2756865530303031 0.2632575757575758 0.020123106060606022 0.01065340909090906
0 0.2594105113636364 0.2789417613636364 0.021898674242424226 0.012428977272727293
0 0.2807173295454546 0.27834990530303033 0.01953125 0.012428977272727293
0 0.3194839015151515 0.09812973484848489 0.021306818181818177 0.014204545454545456
0 0.3209635416666667 0.12121212121212124 0.01953125 0.01420454545454547
0 0.3268821022727273 0.14429450757575762 0.020714962121212155 0.011837121212121215
0 0.32776988636363635 0.15642755681818188 0.020123106060606022 0.012428977272727265
0 0.3295454545454546 0.1803977272727273 0.02367424242424243 0.010653409090909088
0 0.3345762310606061 0.21738873106060608 0.023082386363636354 0.012428977272727265
0 0.3440459280303031 0.2821969696969697 0.025449810606060608 0.009469696969697017
0 0.2875236742424243 0.3333925189393939 0.021306818181818177 0.025449810606060608
0 0.2638494318181819 0.3541074810606061 0.026041666666666685 0.015980113636363646
0 0.41240530303030304 0.05492424242424246 0.01065340909090906 0.022490530303030304
0 0.3979048295454546 0.05847537878787882 0.013612689393939392 0.023674242424242417
0 0.6775568181818181 0.17329545454545459 0.014204545454545414 0.02485795454545453
0 0.6988636363636362 0.1724076704545455 0.011837121212121215 0.025449810606060608
0 0.7204663825757576 0.16619318181818185 0.011245265151515249 0.027225378787878785
0 0.6781486742424242 0.23928740530303033 0.015388257575757569 0.025449810606060635
0 0.6962002840909091 0.23366477272727276 0.012428977272727293 0.020123106060606077
0 0.7213541666666665 0.23218513257575762 0.01302083333333337 0.021898674242424226
0 0.734375 0.23248106060606064 0.014204545454545525 0.02485795454545453
0 0.7908972537878787 0.1528764204545455 0.0171638257575758 0.0207149621212121
0 0.7926728219696969 0.13008996212121215 0.020714962121212155 0.020123106060606077
0 0.7947443181818181 0.10493607954545457 0.02367424242424243 0.02426609848484848
0 0.8036221590909091 0.07445549242424246 0.016571969696969724 0.02367424242424243
0 0.8062855113636362 0.05166903409090912 0.01953125 0.01953125
0 0.8089488636363635 0.02710700757575761 0.020123106060606077 0.018939393939393933
0 0.8101325757575757 0.01083096590909095 0.01775568181818188 0.01834753787878788
0 0.7178030303030303 0.024443655303030346 0.024857954545454475 0.008877840909090908
0 0.7186908143939393 0.03835227272727276 0.02189867424242431 0.010653409090909088
0 0.7207623106060606 0.05018939393939398 0.02130681818181812 0.009469696969696968
0 0.7237215909090908 0.061730587121212155 0.022490530303030276 0.010061553030303032
0 0.724905303030303 0.07356770833333337 0.02367424242424243 0.012428977272727279
0 0.7260890151515151 0.08688446969696972 0.02367424242424243 0.009469696969696975
0 0.7287523674242424 0.09783380681818185 0.0218986742424242 0.011245265151515152
0 0.7305279356060606 0.10967092803030307 0.023082386363636354 0.011245265151515152
0 0.734375 0.12298768939393943 0.022490530303030387 0.011837121212121243
0 0.734966856060606 0.1363044507575758 0.021306818181818232 0.012428977272727293
