0 0.20649467719780223 0.06269316620879122 0.01824347527472528 0.018243475274725272
0 0.302004635989011 0.09542410714285715 0.024682348901098883 0.01931662087912088
0 0.30415092719780223 0.12225274725274726 0.022536057692307654 0.01931662087912088
1 0.23761589972527475 0.1286916208791209 0.039706387362637346 0.03434065934065937
0 0.4597570398351648 0.2789320054945055 0.02682864010989011 0.030048076923076927
0 0.508048592032967 0.3170286744505495 0.03112122252747257 0.028974931318681285
1 0.592290521978022 0.30898008241758246 0.0364869505494505 0.03648695054945056
0 0.6132168612637363 0.3567350618131868 0.024682348901098883 0.02038976648351648
0 0.7666766826923077 0.4774639423076923 0.02253605769230771 0.02575549450549447
0 0.8675523695054945 0.5772664835164836 0.024682348901098883 0.02360920329670335
0 0.8680889423076923 0.6024854052197802 0.021462912087912067 0.020389766483516425
0 0.9893543956043955 0.7081902472527473 0.01717032967032972 0.021462912087912178
