0 0.08288524797570854 0.30310602226720645 0.02055921052631579 0.013442560728744946
0 0.08486209514170044 0.3288050354251012 0.0181869939271255 0.012651821862348145
0 0.03939461032388668 0.33789853238866396 0.011070344129554661 0.02134994939271251
0 0.02832426619433202 0.341061487854251 0.01265182186234818 0.019768471659919018
0 0.01330022773279356 0.34422444331983804 0.00948886639676113 0.021349949392712564
0 0.0042778972672064975 0.3415122090080972 0.008555794534412995 0.026774418016194346
0 0.5011861082995951 0.21177568319838058 0.018977732793522273 0.02214068825910931
0 0.491697241902834 0.2872912449392713 0.015814777327935237 0.021349949392712564
0 0.6055636386639676 0.3232698633603239 0.018977732793522217 0.0237221659919028
0 0.6628922064777328 0.37427252024291496 0.018186993927125528 0.02293142712550611
0 0.7388031376518218 0.4482066042510121 0.016605516194332037 0.020559210526315763
0 0.260010754048583 0.5438860070850202 0.02214068825910928 0.0253036437246964
0 0.031091852226720687 0.613075657894737 0.011861082995951417 0.0245129048582996
0 0.6743579200404859 0.5454674848178138 0.0237221659919028 0.014233299595141746
0 0.6700088562753037 0.560096153846154 0.022931427125506 0.011861082995951455
0 0.6834514170040487 0.5711664979757085 0.019768471659919018 0.013442560728744946
0 0.8360640182186234 0.589353491902834 0.019768471659919018 0.01976847165991913
0 0.9443952429149798 0.6617060981781377 0.02293142712550611 0.02055921052631582
0 0.9915825847672064 0.7152984248481782 0.012928580465587092 0.018621900303643746
0 0.9024860829959513 0.8317149544534412 0.022931427125506 0.015814777327935237
0 0.036627024291498014 0.8206446103238867 0.019768471659919025 0.02214068825910931
