0 0.1321072048611111 0.04069010416666667 0.02007378472222221 0.017361111111111112
0 0.09195963541666666 0.10633680555555555 0.02224392361111112 0.018446180555555552
0 0.08382161458333333 0.12044270833333333 0.0244140625 0.018446180555555552
0 0.07893880208333333 0.1372612847222222 0.022243923611111105 0.018446180555555552
1 0.6847528746290801 0.2773205675074184 0.022602930267062282 0.036512425816023764
1 0.6928667470326408 0.32890161350148367 0.024921179525222548 0.04230804896142437
0 0.7079353672106825 0.30427021513353114 0.020284681008902017 0.02781899109792285
0 0.7250324554896141 0.3868578449554896 0.017386869436201713 0.023762054896142415
0 0.7395215133531157 0.45843379080118696 0.017386869436201713 0.025500741839762642
0 0.8084070542279411 0.647561465992647 0.020105698529411686 0.0244140625
0 0.9764766483516483 0.9850618131868132 0.03434065934065933 0.02360920329670324
0 0.6625600961538461 0.007469093406593415 0.02043269230769229 0.01493818681318683
