0 0.26982060185185186 0.36747685185185186 0.018807870370370405 0.014467592592592615
0 0.2723524305555556 0.34866898148148145 0.018084490740740755 0.01591435185185186
0 0.34830729166666663 0.3370949074074074 0.02242476851851849 0.01591435185185186
0 0.34324363425925924 0.3211805555555556 0.02242476851851849 0.013020833333333315
0 0.33854166666666663 0.30779803240740744 0.021701388888888895 0.013744212962962965
0 0.3363715277777778 0.29369212962962965 0.024594907407407385 0.014467592592592615
0 0.3392650462962963 0.28139467592592593 0.02459490740740744 0.013020833333333315
0 0.3305844907407407 0.25318287037037035 0.026041666666666685 0.01591435185185186
0 0.26837384259259256 0.3327546296296296 0.021701388888888895 0.01591435185185186
0 0.2615017361111111 0.32045717592592593 0.02242476851851849 0.018807870370370405
0 0.23473668981481483 0.3197337962962963 0.022424768518518517 0.02025462962962965
0 0.24811921296296294 0.28356481481481477 0.021701388888888895 0.014467592592592615
0 0.24124710648148145 0.26837384259259256 0.02242476851851849 0.013020833333333315
0 0.24377893518518517 0.25318287037037035 0.028935185185185147 0.01591435185185186
0 0.2647569444444444 0.23184317129629628 0.017361111111111105 0.025318287037037035
0 0.27524594907407407 0.22207754629629628 0.01229745370370372 0.021701388888888895
0 0.2886284722222222 0.22171585648148145 0.01446759259259256 0.022424768518518517
0 0.3132233796296296 0.2072482638888889 0.01880787037037035 0.018084490740740727
0 0.3233506944444444 0.18663194444444442 0.02314814814814814 0.013020833333333343
0 0.38773148148148145 0.18410011574074076 0.01157407407407407 0.016637731481481483
0 0.4014756944444444 0.17686631944444442 0.01157407407407407 0.023871527777777762
0 0.4173900462962963 0.17252604166666666 0.01157407407407407 0.01953125
0 0.4347511574074074 0.17180266203703703 0.01446759259259256 0.026765046296296308
0 0.44741030092592593 0.17397280092592593 0.013744212962962965 0.023871527777777762
0 0.49696180555555547 0.15335648148148145 0.017361111111111105 0.020254629629629622
0 0.298755787037037 0.166015625 0.024594907407407385 0.01953125
0 0.25209780092592593 0.19024884259259256 0.022424768518518517 0.014467592592592587
0 0.19205729166666663 0.15371817129629628 0.028211805555555552 0.01519097222222221
0 0.004340277777777777 0.2079716435185185 0.0072337962962962955 0.023871527777777762
0 0.02097800925925926 0.24848090277777776 0.01591435185185185 0.025318287037037035
0 0.03833912037037037 0.244140625 0.01591435185185185 0.02387152777777779
0 0.06727430555555555 0.23835358796296297 0.017361111111111112 0.026765046296296308
0 0.07957175925925926 0.22967303240740738 0.014467592592592587 0.025318287037037035
0 0.06546585648148148 0.18880208333333331 0.02097800925925926 0.017361111111111105
0 0.08861400462962962 0.18084490740740738 0.02097800925925926 0.015914351851851832
0 0.11827256944444445 0.17324942129629628 0.02531828703703705 0.01519097222222221
0 0.15371817129629628 0.16529224537037035 0.02676504629629628 0.016637731481481483
0 0.09910300925925924 0.22352430555555552 0.015914351851851846 0.027488425925925902
0 0.11320891203703703 0.22207754629629628 0.015190972222222224 0.021701388888888895
0 0.12803819444444442 0.21882233796296297 0.014467592592592587 0.026765046296296308
0 0.14250578703703703 0.21665219907407407 0.017361111111111105 0.025318287037037035
0 0.15588831018518517 0.21303530092592593 0.01519097222222221 0.022424768518518517
0 0.16927083333333331 0.21122685185185183 0.01591435185185186 0.033275462962962965
0 0.18265335648148145 0.20580150462962962 0.010850694444444448 0.02387152777777779
0 0.19422743055555552 0.20363136574074073 0.018084490740740727 0.03110532407407407
0 0.21556712962962962 0.19892939814814814 0.01591435185185186 0.02314814814814814
0 0.5747251157407407 0.283203125 0.02531828703703698 0.016637731481481455
0 0.5776186342592593 0.30635127314814814 0.02531828703703709 0.013744212962962965
0 0.6364849251760564 0.4463303257042254 0.024070202464788748 0.01650528169014087
0 0.6320147447183099 0.46868122799295775 0.023382482394366244 0.014442121478873249
0 0.46971280809859156 0.4556145466549296 0.024757922535211252 0.01856844190140844
0 0.46042858714788737 0.4704005281690141 0.028196522887323938 0.019256161971831
0 0.47521456866197187 0.4415162852112676 0.024757922535211252 0.01650528169014087
