0 0.0146484375 0.4299587673611111 0.018446180555555552 0.01573350694444442
0 0.046657986111111105 0.42887369791666663 0.026041666666666664 0.0146484375
0 0.0778537326388889 0.4229058159722222 0.023328993055555566 0.01681857638888884
0 0.10498046875 0.41910807291666663 0.022243923611111105 0.017903645833333315
0 0.15218098958333334 0.4150390625 0.0244140625 0.01844618055555558
0 0.04177517361111111 0.4736328125 0.024956597222222224 0.013020833333333315
0 0.0735134548611111 0.4717339409722222 0.018988715277777776 0.01247829861111116
0 0.1052517361111111 0.46413845486111105 0.02278645833333333 0.016818576388888895
0 0.2251519097222222 0.4511176215277778 0.02495659722222221 0.017903645833333315
0 0.2552625868055555 0.44759114583333337 0.023328993055555552 0.017361111111111105
0 0.2840169270833333 0.4451497395833333 0.02332899305555558 0.01790364583333337
1 0.45930989583333337 0.4235026041666667 0.042317708333333315 0.017578125
