0 0.7017750459558822 0.5657025505514706 0.015079273897058765 0.0244140625
0 0.7168543198529411 0.5653435202205882 0.016515395220588314 0.02369600183823528
0 0.7340877757352942 0.568215762867647 0.016515395220588203 0.022259880514705954
0 0.7491670496323528 0.568215762867647 0.016515395220588203 0.020823759191176516
0 0.7678366268382353 0.5646254595588235 0.01795151654411764 0.026568244485294157
0 0.7839929917279411 0.5653435202205882 0.014361213235294157 0.022259880514705843
0 0.7965590533088235 0.5678567325367647 0.015079273897058876 0.022977941176470673
0 0.8098431755514706 0.5685747931985294 0.014361213235294157 0.021541819852941235
0 0.8382065716911764 0.5707289751838235 0.016515395220588314 0.020105698529411686
0 0.85400390625 0.5725241268382353 0.015079273897058765 0.020823759191176405
0 0.868365119485294 0.6834644990808822 0.01220703125 0.028722426470588203
0 0.7498851102941176 0.6773609834558824 0.01220703125 0.02369600183823528
0 0.734087775735294 0.679156135110294 0.01220703125 0.021541819852941124
0 0.721880744485294 0.6791561351102942 0.013643152573529438 0.020105698529411797
0 0.7046472886029411 0.6798741957720588 0.015079273897058876 0.020105698529411686
0 0.8191779641544117 0.7821978400735294 0.011488970588235281 0.02944048713235292
0 0.8069709329044117 0.7800436580882353 0.011488970588235281 0.02369600183823528
0 0.6866957720588235 0.776812385110294 0.01220703125 0.0244140625
0 0.6314051011029411 0.7875832950367646 0.02513212316176472 0.012925091911764719
0 0.6328412224264706 0.8058938419117647 0.022259880514705843 0.013643152573529327
0 0.6332002527573529 0.825640510110294 0.021541819852941124 0.014361213235294157
0 0.6317641314338235 0.8471823299632353 0.027286305147058876 0.014361213235294046
0 0.5667796415441175 0.8425149356617647 0.028004365808823484 0.013643152573529327
0 0.5714470358455882 0.7875832950367647 0.022977941176470562 0.01723345588235292
0 0.30548878205128205 0.9728064903846154 0.023370726495726524 0.014189369658119677
0 0.9184337797619048 0.2875434027777778 0.015500992063492092 0.02945188492063494
0 0.8951822916666667 0.2933562748015873 0.012400793650793607 0.02247643849206349
0 0.9352792456268222 0.5762572886297376 0.010819059766763783 0.028471209912536377
0 0.9515078352769679 0.5776808491253644 0.010249635568513105 0.0279017857142857
0 0.9631810313411078 0.5771114249271136 0.009680211370262426 0.02676293731778423
0 0.9771319241982508 0.5759725765306123 0.011388483965014573 0.0279017857142857
0 0.9893745444606413 0.577396137026239 0.014235604956268189 0.028471209912536377
2 0.4157110091743119 0.7286888379204893 0.043004587155963336 0.06689602446483178
2 0.5091862576452599 0.8962275420489296 0.09616303516819569 0.03285072629969421
2 0.2645976681957186 0.787521502293578 0.05733944954128439 0.05076930428134552
2 0.27266102828746175 0.9416212729357798 0.08660646024464833 0.03165615443425074
