0 0.1846465680100756 0.4367817222921914 0.024106580604534023 0.010823362720403074
0 0.18440058249370278 0.45006494017632237 0.02361460957178843 0.012791246851385385
0 0.18759839420654914 0.4628561870277078 0.025090522670025206 0.012791246851385385
0 0.18661445214105796 0.4749094773299748 0.021154754408060472 0.012299275818639765
0 0.25376849811083124 0.42153062027707805 0.018694899244332458 0.013775188916876568
0 0.25795025188916876 0.43259996851385385 0.029026290931989912 0.010331391687657454
0 0.2618860201511335 0.4451452298488665 0.027058406801007545 0.00983942065491189
0 0.26409988979848864 0.4571985201511335 0.02558249370277077 0.012299275818639765
0 0.2687736146095718 0.4714656801007556 0.026074464735516334 0.011315333753148582
0 0.2702495277078085 0.48450291246851385 0.02509052267002515 0.013775188916876568
0 0.18735240869017633 0.4877007241813602 0.022630667506297247 0.013283217884131004
0 0.1900582493702771 0.5009839420654911 0.024106580604534023 0.013283217884131004
0 0.19178014798488668 0.5122992758186398 0.02361460957178843 0.012299275818639765
0 0.19399401763224183 0.5268124212846348 0.022138696473551656 0.013775188916876568
0 0.27492325251889166 0.4968021882871536 0.02558249370277077 0.011807304785894202
0 0.278121064231738 0.5086094930730478 0.02607446473551639 0.01279124685138533
0 0.28230281801007556 0.5186948992443325 0.023614609571788403 0.012299275818639877
0 0.28746851385390426 0.5322241026448362 0.024106580604534023 0.01279124685138544
0 0.2744312814861461 0.5718277707808563 0.013775188916876568 0.0221386964735516
0 0.2882064704030226 0.5698598866498741 0.010823362720403018 0.0221386964735516
0 0.30075173173803527 0.5669080604534005 0.015251102015113371 0.017218986146095627
0 0.2709874842569269 0.6343080919395465 0.013775188916876568 0.027058406801007462
0 0.28328676007556675 0.6303723236775818 0.010823362720403018 0.027058406801007462
0 0.29534005037783373 0.6286504250629723 0.014267159949622188 0.023614609571788403
0 0.30714735516372793 0.6279124685138538 0.009347449622166215 0.02312263853904284
0 0.3147729061712846 0.6261905698992443 0.012791246851385385 0.023614609571788403
0 0.23753345403022672 0.6780935138539043 0.015743073047858935 0.025090522670025095
0 0.25229258501259444 0.6800613979848866 0.012791246851385385 0.02115475440806036
0 0.2387633816120907 0.7142533847607053 0.012299275818639793 0.024598551637279642
0 0.25204659949622166 0.7113015585642317 0.012299275818639765 0.022630667506297275
0 0.26262397670025184 0.706135862720403 0.008855478589420651 0.020170812342569233
0 0.2719714263224181 0.706135862720403 0.010823362720403018 0.02312263853904284
0 0.2827947890428212 0.7012161523929471 0.010823362720403018 0.027058406801007573
0 0.29337216624685136 0.7009701668765742 0.013283217884131004 0.02558249370277077
0 0.3039495434508816 0.6994942537783375 0.011807304785894202 0.022630667506297275
0 0.31354297858942065 0.697526369647355 0.010331391687657399 0.02558249370277077
0 0.32461232682619645 0.697526369647355 0.010823362720403018 0.02558249370277077
0 0.031140581232493032 0.6252844887955182 0.026260504201680673 0.016412815126050417
3 0.2415403106508876 0.817076553254438 0.04391642011834321 0.05547337278106512
0 0.8892993495475112 0.32280472285067874 0.018559106334841702 0.02562924208144801
0 0.90741657239819 0.3590391685520362 0.017675339366515774 0.025629242081447956
0 0.8831129807692307 0.5945630656108596 0.020326640271493224 0.02828054298642535
0 0.990733703337104 0.5260667067307692 0.014626343325791935 0.022085336538461564
