0 0.07779947916666666 0.02734375 0.011067708333333329 0.02473958333333333
0 0.064453125 0.027994791666666668 0.009114583333333336 0.020833333333333336
0 0.05208333333333333 0.0302734375 0.009114583333333336 0.020182291666666668
0 0.039713541666666664 0.032552083333333336 0.01171875 0.023437500000000003
0 0.027994791666666664 0.033203125 0.011718749999999997 0.022135416666666668
0 0.015950520833333332 0.033854166666666664 0.011067708333333334 0.022135416666666668
0 0.005208333333333333 0.036458333333333336 0.009114583333333334 0.019531250000000003
0 0.01171875 0.09049479166666667 0.01171875 0.0234375
0 0.024088541666666664 0.091796875 0.013020833333333332 0.0234375
0 0.037109375 0.091796875 0.01171875 0.0234375
0 0.050130208333333336 0.08984375 0.01171875 0.0234375
0 0.05859375 0.09049479166666667 0.013020833333333336 0.0234375
0 0.06998697916666667 0.08235677083333333 0.013671875 0.021484375
0 0.0830078125 0.08072916666666666 0.011067708333333343 0.02213541666666667
0 0.10709635416666667 0.04817708333333333 0.021484375 0.014322916666666664
0 0.16373697916666666 0.009765625 0.025390625 0.013020833333333334
0 0.2255859375 0.04947916666666667 0.016276041666666685 0.026041666666666664
0 0.19986979166666669 0.04622395833333333 0.013020833333333343 0.022135416666666664
0 0.34993489583333337 0.05989583333333333 0.020182291666666685 0.016927083333333336
0 0.35026041666666663 0.07779947916666666 0.024739583333333315 0.01627604166666667
0 0.35026041666666663 0.0927734375 0.022135416666666685 0.013671875
0 0.35188802083333337 0.107421875 0.016276041666666685 0.01171875
0 0.36458333333333337 0.12337239583333334 0.022135416666666685 0.014973958333333329
0 0.357421875 0.1376953125 0.01953125 0.014973958333333315
0 0.35579427083333337 0.15201822916666666 0.016276041666666685 0.013671875
0 0.3603515625 0.16731770833333331 0.021484375 0.014322916666666657
0 0.3610026041666667 0.18033854166666669 0.017578125 0.013020833333333343
0 0.3629557291666667 0.19759114583333331 0.025390625 0.020182291666666657
0 0.3623046875 0.228515625 0.02278645833333337 0.018229166666666685
0 0.380859375 0.22200520833333331 0.02083333333333337 0.013020833333333343
0 0.19694010416666669 0.197265625 0.024088541666666657 0.013020833333333315
0 0.197265625 0.2255859375 0.020833333333333315 0.013671875
0 0.20149739583333331 0.2542317708333333 0.020182291666666657 0.013671874999999972
0 0.20442708333333334 0.2692057291666667 0.0234375 0.013671875
0 0.40494791666666663 0.06868489583333333 0.022135416666666685 0.014973958333333336
0 0.4072265625 0.0830078125 0.02278645833333337 0.012369791666666657
0 0.41048177083333337 0.0986328125 0.022786458333333315 0.017578125
0 0.41080729166666663 0.11295572916666666 0.022135416666666685 0.014973958333333329
0 0.4108072916666667 0.130859375 0.0234375 0.01692708333333333
0 0.39453125 0.14192708333333331 0.01953125 0.014322916666666657
0 0.4404296875 0.140625 0.01497395833333337 0.02734375
0 0.4345703125 0.07389322916666666 0.013671875 0.02278645833333333
0 0.41796875 0.15852864583333331 0.02083333333333337 0.016276041666666657
0 0.4215494791666667 0.17610677083333331 0.021484375 0.012369791666666657
0 0.4212239583333333 0.18977864583333331 0.01953125 0.016276041666666657
0 0.42252604166666663 0.20475260416666669 0.020833333333333315 0.018880208333333343
0 0.423828125 0.23079427083333331 0.01953125 0.016276041666666657
0 0.4228515625 0.25911458333333337 0.02018229166666663 0.014322916666666685
0 0.42513020833333337 0.27604166666666663 0.024739583333333315 0.016927083333333315
0 0.50390625 0.20052083333333334 0.022135416666666685 0.015625
0 0.7125651041666667 0.24967447916666669 0.01627604166666663 0.027994791666666657
0 0.4248046875 0.3030598958333333 0.02408854166666663 0.017578125
0 0.4287109375 0.3349609375 0.02799479166666663 0.01888020833333337
0 0.40299479166666663 0.36263020833333337 0.014322916666666685 0.026041666666666685
0 0.43522135416666663 0.4228515625 0.024088541666666685 0.017578125
0 0.4599609375 0.4189453125 0.009765625 0.025390625
0 0.21028645833333331 0.4013671875 0.022135416666666657 0.01497395833333337
0 0.18033854166666669 0.396484375 0.024739583333333343 0.01302083333333337
0 0.18391927083333334 0.2985026041666667 0.025390625 0.013671875
0 0.11197916666666666 0.38639322916666663 0.02473958333333333 0.012369791666666685
0 0.07877604166666666 0.47135416666666663 0.02083333333333333 0.013020833333333315
0 0.2109375 0.48046875 0.01171875 0.0234375
0 0.26627604166666663 0.5201822916666667 0.024739583333333315 0.01302083333333337
0 0.18001302083333331 0.5397135416666666 0.012369791666666657 0.01953125
0 0.16666666666666666 0.5397135416666667 0.01171875 0.02083333333333337
0 0.3326822916666667 0.5026041666666667 0.01171875 0.02473958333333337
0 0.36360677083333337 0.5048828125 0.011067708333333315 0.024088541666666685
0 0.3779296875 0.505859375 0.01236979166666663 0.024739583333333315
0 0.390625 0.5149739583333333 0.01171875 0.02213541666666663
1 0.1318359375 0.4931640625 0.02018229166666667 0.044921875
0 0.673828125 0.7223307291666666 0.01302083333333326 0.021484375
0 0.5846354166666667 0.7044270833333334 0.02083333333333337 0.015625
0 0.5042317708333334 0.62109375 0.013671875000000056 0.02473958333333326
0 0.38802083333333337 0.7581380208333333 0.014322916666666685 0.02799479166666663
0 0.3564453125 0.5794270833333333 0.01627604166666663 0.01692708333333337
0 0.34993489583333337 0.6383463541666667 0.020182291666666685 0.01888020833333337
0 0.349609375 0.6536458333333334 0.01953125 0.01953125
0 0.3447265625 0.6656901041666667 0.017578125 0.01497395833333337
0 0.40266927083333337 0.8557942708333334 0.016276041666666685 0.025390625
0 0.35286458333333337 0.875 0.013020833333333315 0.02473958333333326
0 0.8684895833333333 0.7692057291666667 0.01302083333333337 0.02799479166666663
0 0.8818359375 0.7763671875 0.01627604166666674 0.025390625
0 0.023111979166666664 0.9231770833333333 0.011067708333333332 0.02083333333333337
0 0.0341796875 0.9202473958333333 0.011067708333333332 0.02278645833333337
0 0.04752604166666667 0.9248046875 0.013020833333333336 0.025390625
0 0.07552083333333333 0.9306640625 0.015625 0.02408854166666674
0 0.17447916666666666 0.9469401041666667 0.015625 0.02669270833333337
0 0.19563802083333331 0.9554036458333333 0.012369791666666657 0.02018229166666663
0 0.3326822916666667 0.9873046875 0.015625 0.021484375
