0 0.3038967611336032 0.07735007591093121 0.015024038461538491 0.023722165991902827
0 0.28926809210526316 0.10502593623481785 0.01423329959514169 0.02214068825910931
0 0.22086918016194335 0.24498671558704455 0.0118610829959514 0.030048076923076872
0 0.2054497722672065 0.31536247469635625 0.01423329959514169 0.023722165991902855
0 0.3303865131578947 0.33513094635627527 0.020559210526315763 0.020559210526315763
0 0.8499019483805668 0.14733046558704457 0.0253036437246964 0.019768471659919018
0 0.9915825847672064 0.29046606148785425 0.012928580465587092 0.02453662702429149
0 0.9416276568825911 0.508302758097166 0.02214068825910931 0.014233299595141635
0 0.935301745951417 0.5256990131578947 0.02372216599190291 0.014233299595141635
0 0.6103080718623481 0.46243990384615385 0.02055921052631582 0.017396255060728782
0 0.5375600961538461 0.48378985323886636 0.017396255060728727 0.018977732793522273
0 0.19121647267206482 0.41341409412955465 0.014233299595141718 0.02214068825910931
0 0.23905617408906887 0.4489973431174089 0.015024038461538464 0.02214068825910931
0 0.3703188259109311 0.4078789220647773 0.022931427125506054 0.017396255060728727
0 0.6280996963562753 0.6553801872469636 0.016605516194332037 0.02530364372469629
0 0.851088056680162 0.6502403846153846 0.015024038461538436 0.02134994939271262
0 0.8060159412955465 0.7071735829959515 0.015024038461538436 0.02134994939271251
0 0.5861905364372471 0.7170578188259109 0.015024038461538436 0.0253036437246964
0 0.3228744939271255 0.6348209767206479 0.0118610829959514 0.018977732793522217
0 0.3118041497975709 0.6312626518218624 0.0118610829959514 0.02293142712550611
0 0.2991523279352227 0.6245413714574899 0.013442560728744946 0.02688512145748989
0 0.2837329200404858 0.6209830465587045 0.01423329959514169 0.02609438259109309
0 0.26910425101214575 0.6146571356275303 0.013442560728744946 0.0245129048582996
0 0.251707995951417 0.6107034412955465 0.013442560728744918 0.02609438259109309
0 0.23787006578947373 0.6063543775303644 0.01581477732793521 0.02688512145748989
0 0.170657262145749 0.6107034412955465 0.01581477732793521 0.02609438259109309
0 0.10937500000000004 0.6399607793522267 0.016605516194331982 0.02609438259109309
0 0.09949076417004052 0.6676366396761133 0.01739625506072874 0.0245129048582996
0 0.1323064271255061 0.6664505313765182 0.01502403846153845 0.02530364372469629
0 0.15444711538461542 0.6617060981781376 0.015024038461538436 0.02688512145748989
0 0.097909286437247 0.7882243168016194 0.01581477732793521 0.02214068825910931
0 0.07616396761133606 0.7830845141700405 0.018186993927125514 0.030838815789473673
0 0.5095653044871795 0.5875025040064102 0.013772035256410242 0.021910056089743613
0 0.4970452724358974 0.5849984975961539 0.010016025641025661 0.02065805288461542
0 0.958251953125 0.2163973721590909 0.02108487215909083 0.01997514204545453
