0 0.4385127314814815 0.4838883627946128 0.015782828282828287 0.02235900673400676
0 0.4256891835016835 0.4904645412457912 0.017755681818181823 0.023674242424242375
0 0.41286563552188554 0.49769833754208753 0.021043771043771087 0.024989478114478048
0 0.38491687710437716 0.5072337962962963 0.021701388888888895 0.02433186026936024
0 0.3582833543771044 0.5226878156565656 0.017098063973064015 0.022359006734006703
0 0.3415140993265994 0.5263047138047138 0.019070917508417495 0.024331860269360295
0 0.3277041245791246 0.5305792297979797 0.01644044612794615 0.026304713804713775
0 0.30534511784511786 0.5315656565656566 0.01644044612794615 0.02564709595959591
0 0.28890467171717177 0.533867319023569 0.015125210437710424 0.02498947811447816
0 0.26917613636363635 0.5355113636363635 0.017755681818181823 0.02170138888888895
0 0.22380050505050508 0.529592803030303 0.024331860269360267 0.020386153198653112
0 0.1679029882154882 0.5430739688552189 0.02564709595959594 0.017098063973063904
1 0.3458151496259352 0.40888988466334164 0.03117206982543641 0.027762624688279336
1 0.20213139027431423 0.49436954488778057 0.04286159600997508 0.025327306733167076
1 0.15467944587628868 0.5167794243986255 0.02886060996563572 0.026847079037800703
1 0.4385127314814815 0.17034556878306878 0.042369378306878314 0.024801587301587297
1 0.38374255952380953 0.15846147486772488 0.05063657407407407 0.025834986772486773
1 0.02718467194570135 0.39659926470588236 0.037118212669683265 0.026513009049773717
1 0.07137302036199095 0.4301824095022625 0.03535067873303167 0.026513009049773772
1 0.011276866515837095 0.46243990384615385 0.021210407239819005 0.03093184389140269
1 0.02409148755656108 0.47481264140271495 0.025629242081447963 0.03269937782805432
1 0.07093113687782805 0.5092795531674208 0.025629242081447963 0.03269937782805421
0 0.14516756221719457 0.6201923076923077 0.01679157239819004 0.026513009049773717
