0 0.679412748470948 0.01761993501529052 0.020905007645259932 0.02090500764525994
0 0.8227613723241589 0.11079654051987767 0.0185158639143731 0.020905007645259946
0 0.8009604357798166 0.13259747706422018 0.017918577981651418 0.020307721712538238
0 0.668262177230047 0.3555787852112676 0.01650528169014076 0.014671361502347435
0 0.6082012910798122 0.3803367077464789 0.015588321596244126 0.02017312206572769
0 0.5953638497652582 0.44177303403755863 0.019256161971831 0.02384096244131456
0 0.5481404049295775 0.507794160798122 0.018339201877934252 0.023840962441314617
0 0.5041263204225352 0.5238409624413146 0.020173122065727744 0.024757922535211252
0 0.4248092723004695 0.6833920187793427 0.021090082159624435 0.026591842723004633
0 0.38721390845070425 0.740243544600939 0.024757922535211307 0.02292400234741787
0 0.3349471830985915 0.8424845950704226 0.019256161971830943 0.025674882629107998
0 0.29460093896713613 0.9208846830985916 0.02292400234741787 0.024757922535211252
0 0.26892605633802813 0.974068368544601 0.019256161971831 0.024757922535211252
0 0.2386663732394366 0.9809455692488264 0.019256161971831 0.023840962441314506
1 0.47814002403846156 0.6032151442307692 0.04281850961538464 0.04807692307692302
1 0.7729584316037736 0.04836748231132075 0.10318396226415094 0.058040978773584904
1 0.7420953714622641 0.07001768867924528 0.09120725235849059 0.07370283018867924
0 0.3665580568720379 0.0439684537914692 0.02221563981042657 0.010182168246445501
0 0.37026066350710907 0.05692757701421801 0.02221563981042657 0.013884774881516591
