3 0.03343665081521739 0.19796620244565216 0.06687330163043478 0.08173403532608697
3 0.12843919836956522 0.26590098505434784 0.07218070652173914 0.08173403532608695
3 0.22662618885869565 0.32746688179347827 0.0350288722826087 0.03927479619565216
3 0.28076171875 0.030252207880434784 0.05625849184782611 0.058381453804347824
3 0.3752335258152174 0.0992484714673913 0.0626273777173913 0.07111922554347826
3 0.4691745923913043 0.1677139945652174 0.05519701086956519 0.07005774456521738
3 0.5456012228260869 0.28023097826086957 0.05944293478260865 0.07430366847826089
3 0.6687330163043479 0.32162873641304346 0.07218070652173914 0.07430366847826086
3 0.7653277853260869 0.3922172214673913 0.05944293478260865 0.0732421875
3 0.6416652513586956 0.6639563519021738 0.06262737771739124 0.08173403532608703
3 0.7292374320652173 0.7255222486413043 0.06793478260869568 0.07961107336956519
3 0.9341032608695652 0.7074770720108695 0.0636888586956521 0.07961107336956519
3 0.5020805027173912 0.5164104959239131 0.048828124999999944 0.054135529891304324
3 0.9803866092289719 0.5777599299065421 0.035320531542056166 0.07885514018691586
