3 0.15347782258064516 0.2196320564516129 0.08348034274193548 0.08663054435483869
3 0.18734248991935484 0.3070501512096774 0.08820564516129031 0.08190524193548387
3 0.2645224294354839 0.46141003024193544 0.09135584677419353 0.06615423387096775
3 0.3133505544354839 0.5677293346774194 0.08820564516129031 0.0834803427419355
3 0.3637537802419355 0.6590851814516129 0.07560483870967744 0.06772933467741926
3 0.43620841733870963 0.8260458669354839 0.09135584677419356 0.0834803427419355
3 0.4803112399193548 0.9032258064516129 0.07875504032258063 0.077179939516129
3 0.5227917086693548 0.9691437752016129 0.07551033266129037 0.057806199596774244
1 0.3848787783375315 0.4793372166246851 0.025090522670025206 0.028042348866498756
1 0.46777589735516373 0.6052818010075567 0.017710957178841302 0.031978117128463435
1 0.4083133326802508 0.21162323667711597 0.01653115203761757 0.024796728056426326
1 0.4208647629310345 0.23718529584639497 0.01714341692789967 0.02387833072100315
