0 0.7114438657407407 0.3251591435185185 0.0166377314814814 0.02387152777777779
0 0.783058449074074 0.49442997685185186 0.02387152777777779 0.025318287037037035
0 0.7298900462962963 0.5562789351851851 0.02748842592592593 0.02748842592592593
0 0.9819380733944953 0.8206708715596329 0.023294151376146877 0.023294151376146766
0 0.9720828555045871 0.831869982798165 0.016126720183486265 0.01881450688073394
0 0.9895445097477065 0.8799186496559632 0.017004730504587173 0.02531895068807344
0 0.44482869839449535 0.6567158830275228 0.024190080275229342 0.017918577981651418
0 0.469466743119266 0.6141592603211009 0.023294151376146766 0.022398222477064245
0 0.16798666857798164 0.6464127006880733 0.01881450688073394 0.022398222477064245
0 0.14469251720183485 0.6791141055045871 0.01881450688073394 0.02508600917431192
0 0.1863532110091743 0.6697068520642201 0.023294151376146793 0.022398222477064245
0 0.8578404017857142 0.5906808035714286 0.033482142857142905 0.02929687499999989
