3 0.4871117140718563 0.6116672904191618 0.06900261976047906 0.07718937125748504
3 0.557868637724551 0.5526057260479043 0.07485029940119758 0.07835890718562877
3 0.6151758982035929 0.45144086826347307 0.07718937125748504 0.07718937125748504
3 0.7063997005988024 0.41810909431137727 0.07251122754491024 0.07835890718562877
3 0.7841738398203593 0.3689885853293413 0.07134169161676651 0.08303705089820362
3 0.8601936751497006 0.28595153443113774 0.07601983532934142 0.08069797904191614
3 0.9531717814371258 0.22396613023952094 0.06549401197604787 0.07835890718562874
3 0.9636976047904192 0.7058149326347306 0.06783308383233533 0.07601983532934131
3 0.7555202095808384 0.9028817365269461 0.07251122754491013 0.07251122754491024
3 0.6292103293413174 0.9800711077844312 0.06783308383233533 0.032747005988023936
