3 0.49086817052980136 0.09248240894039735 0.07114031456953646 0.08924875827814568
3 0.3324192880794702 0.11253104304635761 0.07502069536423839 0.09312913907284769
3 0.18949192880794702 0.13646005794701987 0.07890107615894038 0.07372723509933773
3 0.5400196605960265 0.5063896937086092 0.07890107615894038 0.08924875827814571
3 0.3970923013245033 0.5432533112582781 0.07502069536423839 0.07760761589403975
3 0.2865014486754967 0.5387262003311258 0.07372723509933776 0.07631415562913912
3 0.1791442466887417 0.4559447433774835 0.07631415562913907 0.08148799668874168
3 0.09830298013245034 0.20501345198675497 0.0724337748344371 0.07114031456953643
3 0.11382450331125828 0.3253052566225165 0.09054221854304637 0.09183567880794702
3 0.6538441639072847 0.5833505794701987 0.0711403145695364 0.07243377483443714
3 0.6842404801324503 0.7036423841059603 0.07760761589403975 0.07760761589403975
3 0.7599079056291391 0.8213472682119205 0.07372723509933776 0.07243377483443703
3 0.8446295529801324 0.9481063741721854 0.07243377483443703 0.07243377483443714
