0 0.1349609375 0.0130859375 0.024218749999999997 0.021093749999999998
0 0.2625 0.13525390625 0.025781250000000006 0.02285156249999999
0 0.33989448051948057 0.16402867965367968 0.02536525974025977 0.023674242424242403
0 0.4095080266955267 0.23505140692640694 0.024801587301587324 0.024237914862914878
0 0.4238816738816739 0.2914186507936508 0.028747294372294396 0.02367424242424243
0 0.5089962121212122 0.32819827741702745 0.02480158730158727 0.023956078643578682
0 0.5926724137931034 0.40733276690981435 0.027457725464191007 0.025644479442970824
0 0.6686992291114058 0.48374813494694957 0.025126409151193685 0.023572198275862044
0 0.7335875331564987 0.5443623590848807 0.021240881962864777 0.020981846816976124
0 0.8699695374668435 0.6765998010610079 0.02460833885941649 0.02279509283819625
1 0.9791450804045092 0.7810427718832891 0.03780358919098148 0.039476956233421734
