3 0.05868996305418718 0.6200931342364531 0.07504618226600984 0.0914024014778324
3 0.1765509544334975 0.5214747536945812 0.0721597906403941 0.07697044334975373
3 0.24053263546798026 0.4344019396551724 0.07889470443349753 0.07793257389162561
3 0.4464285714285714 0.26891548645320196 0.0692733990147783 0.07023552955665027
3 0.5844943041871921 0.1520166256157635 0.07985683497536944 0.07889470443349753
3 0.6402978756157635 0.06927339901477832 0.08755387931034475 0.08851600985221675
1 0.734765625 0.39228515625 0.022265624999999956 0.022070312500000022
1 0.74404296875 0.40449218750000004 0.0224609375 0.02265624999999999
1 0.7548828125 0.41162109375 0.02304687499999991 0.024023437500000022
1 0.93388671875 0.38486328125 0.025195312500000067 0.0244140625
1 0.95556640625 0.409765625 0.025585937500000044 0.024999999999999967
1 0.97783203125 0.43388671875 0.024023437500000022 0.024804687499999978
1 0.971484375 0.36337890625 0.020312500000000067 0.02558593749999999
1 0.99072265625 0.397265625 0.0146484375 0.021874999999999978
1 0.951953125 0.34843749999999996 0.021484375 0.02070312499999999
1 0.94658203125 0.34208984375 0.0224609375 0.0224609375
1 0.93994140625 0.33447265625 0.0205078125 0.0205078125
1 0.93427734375 0.32978515625000004 0.021679687499999933 0.02128906250000001
1 0.9268554687499999 0.32353515625 0.022851562499999978 0.020117187500000022
1 0.92001953125 0.3169921875 0.021289062499999956 0.021093749999999967
1 0.9141601562499999 0.31142578125 0.022851562499999978 0.02324218750000001
1 0.9068359374999999 0.3087890625 0.023828124999999978 0.023046875000000022
