0 0.9434678819444444 0.9857855902777777 0.014105902777777679 0.02278645833333337
0 0.8995225694444444 0.41585286458333337 0.014105902777777679 0.022243923611111105
0 0.8559511685248713 0.41021655231560894 0.024120926243567764 0.013735527444253826
0 0.8514284948542024 0.5005025192967409 0.023115887650085765 0.01608061749571188
0 0.8428856668096055 0.5135680210120068 0.022110849056603765 0.01675064322469988
0 0.9124008361921098 0.49078714622641506 0.01708565608919388 0.026801029159519707
0 0.9249638186106346 0.49614735205831906 0.01675064322469988 0.023450900514579764
0 0.9398718910806175 0.49983249356775306 0.013065501715265881 0.02144082332761582
0 0.9556174957118353 0.5011725450257289 0.01507557890222988 0.025460977701543708
0 0.9157509648370498 0.4128966552315609 0.01440555317324188 0.021105810463121766
0 0.9281464408233275 0.4180893546312178 0.018425707547169767 0.024790951972555764
0 0.9552824828473414 0.42311454759862777 0.018425707547169767 0.026801029159519707
0 0.9710280874785592 0.4834168632075472 0.01708565608919388 0.025460977701543763
