0 0.3658465485074626 0.12583566542288555 0.020405783582089554 0.018462375621890542
0 0.4032571517412935 0.12437810945273631 0.02526430348258707 0.019434079601990062
0 0.27207711442786064 0.2749922263681591 0.019434079601990006 0.015547263681592038
0 0.29685556592039797 0.21571828358208953 0.01846237562189057 0.019434079601990062
0 0.2817941542288557 0.21377487562189051 0.013603855721393054 0.01749067164179105
0 0.2001710199004975 0.24244014303482583 0.019434079601990062 0.028179415422885545
0 0.19288324004975121 0.3454407649253731 0.02623600746268656 0.0204057835820895
0 0.8249782986111112 0.7745225694444444 0.02061631944444442 0.01519097222222221
0 0.8309461805555556 0.7924262152777778 0.02387152777777768 0.02061631944444442
0 0.802734375 0.7859157986111112 0.02387152777777779 0.01627604166666663
0 0.7913411458333334 0.7625868055555556 0.01627604166666674 0.02387152777777768
0 0.8119574652777778 0.7408854166666667 0.02712673611111116 0.01736111111111105
0 0.7175564236111112 0.7457682291666667 0.02061631944444442 0.02495659722222221
0 0.9378255208333333 0.9682074652777778 0.02495659722222221 0.01844618055555558
0 0.9416232638888888 0.98828125 0.02604166666666663 0.01519097222222221
0 0.8672960069444444 0.9736328125 0.02278645833333337 0.01844618055555558
