0 0.47362096885336274 0.6574128307607496 0.014858393054024255 0.01981119073869897
0 0.487079658213892 0.6490146085997794 0.01248966372657112 0.01722712238147739
0 0.4996769914553473 0.6420160901323042 0.01313568081587646 0.02045720782800442
0 0.5116283076074972 0.6394320217750826 0.015504410143329705 0.018734495589856737
0 0.5247639884233737 0.6300647739801544 0.015504410143329594 0.02110322491730987
0 0.5328392020396913 0.6183287968577729 0.014858393054024255 0.019595851708930523
0 0.5490972987872105 0.6126223125689085 0.016365766262403603 0.026702039691289925
0 0.5618023015435502 0.610576591786108 0.013781697905181911 0.021318563947078317
0 0.5745073042998896 0.6047624379823594 0.012920341786108014 0.019595851708930523
0 0.5897963754134509 0.6028243867144432 0.013781697905181911 0.02433331036383679
0 0.60325506477398 0.599055953693495 0.010982290518191884 0.021964581036383657
1 0.5496384142685851 0.7030313249400479 0.034659772182254245 0.02014013788968827
1 0.5890990332733813 0.6890971597721822 0.029741831534772167 0.019905950239808123
0 0.5342991232014389 0.7671987410071943 0.012880320743405282 0.026229016786570747
0 0.5168521432853717 0.7698918989808153 0.010772631894484408 0.018500824340527577
0 0.5609965152877698 0.7636859262589928 0.01709569844124703 0.02669739208633093
0 0.5935485986211031 0.7611098621103117 0.01475382194244601 0.021545263788968816
0 0.615445143884892 0.7243424010791367 0.022950389688249362 0.013582883693045611
0 0.6142742056354916 0.7454192895683454 0.022950389688249473 0.012646133093525247
0 0.6167331759592326 0.7636859262589928 0.017564073741007213 0.009835881294964044
0 0.6166160821342925 0.7778542790767387 0.023887140287769726 0.011006819544364554
0 0.6436647556954436 0.8928404151678657 0.02318457733812951 0.013817071342925757
0 0.6472946642685852 0.920357464028777 0.02248201438848918 0.013114508393285429
0 0.6209485536570744 0.8033807329136691 0.02131107613908867 0.01007006894484408
0 0.6374587829736211 0.8504524505395683 0.023887140287769837 0.01428544664268594
0 0.6367562200239809 0.8663772107314149 0.02435551558753002 0.011943570143884918
0 0.6416741606714629 0.8806626573741008 0.023418764988009655 0.011006819544364554
0 0.629964778177458 0.8331225644484412 0.021545263788968816 0.011006819544364443
0 0.629730590527578 0.8146217401079137 0.019203387290167795 0.011475194844124736
0 0.7017565684713376 0.7104647691082802 0.02711982484076436 0.01219148089171973
0 0.7309912420382165 0.683469347133758 0.027368630573248343 0.014430732484076447
0 0.7209146098726114 0.6942923964968153 0.02960788216560506 0.013186703821656098
0 0.7537569665605095 0.6747611464968153 0.025129378980891737 0.010449840764331197
0 0.7642068073248407 0.6616988455414012 0.02164609872611467 0.013186703821655987
0 0.7082255175159236 0.5953921178343948 0.02413415605095548 0.02537818471337583
0 0.72937400477707 0.5930284633757961 0.018162818471337605 0.022143710191082744
0 0.14645500469924816 0.9486313439849623 0.0129718828320802 0.02055921052631582
0 0.15110530231829578 0.9748198621553884 0.015419407894736836 0.02202772556390986
