0 0.3626373626373627 0.1791294642857143 0.015024038461538491 0.025755494505494497
0 0.5509744162087913 0.18664148351648352 0.01180460164835162 0.027901785714285726
0 0.4586838942307693 0.3218578296703297 0.011804601648351676 0.023609203296703296
0 0.6201923076923077 0.33527214972527475 0.025755494505494525 0.01395089285714285
0 0.6475575206043955 0.3213212568681319 0.013950892857142905 0.02253605769230771
0 0.3626373626373627 0.6405820741758241 0.019316620879120838 0.025755494505494414
0 0.3637105082417582 0.6615084134615384 0.017170329670329665 0.02253605769230771
0 0.5863882211538461 0.6974587912087913 0.013950892857142794 0.02360920329670335
0 0.8214071085164836 0.2955657623626374 0.013950892857142905 0.024682348901098883
0 0.8782838255494505 0.0562542925824176 0.02253605769230771 0.02253605769230769
0 0.6759958791208791 0.061620020604395614 0.015024038461538436 0.024682348901098904
0 0.9930978548728814 0.42564883474576276 0.00989804025423724 0.023702330508474534
