0 0.7857881433823529 0.20602596507352944 0.012637867647058876 0.02498851102941177
0 0.8030215992647058 0.19855813419117646 0.014361213235294157 0.02498851102941177
0 0.8307387408088235 0.1987017463235294 0.012350643382353033 0.0247012867647059
0 0.8192497702205882 0.20703125 0.013499540441176405 0.020105698529411742
0 0.8505572150735293 0.1987017463235294 0.012925091911764719 0.0241268382352941
0 0.863625919117647 0.19597311580882354 0.012063419117647078 0.02269071691176469
0 0.8788488051470588 0.19769646139705882 0.012637867647058876 0.02326516544117646
0 0.8937844669117647 0.19367532169117646 0.01378676470588236 0.02269071691176469
0 0.7998621323529411 0.2404928768382353 0.02355238970588236 0.0146484375
0 0.7306410845588235 0.2748161764705882 0.018382352941176405 0.02068014705882354
0 0.7428481158088235 0.2809914981617647 0.020967371323529438 0.024988511029411797
0 0.8359315724582701 0.6410636380880121 0.016893493930197234 0.02311741274658574
0 0.9458874715477997 0.9408490610773901 0.013929723065250421 0.025784806525038007
