2 0.3947231755780347 0.2600930274566474 0.07168984826589597 0.06435151734104053
2 0.37214369580924855 0.2911398121387283 0.07394779624277459 0.06660946531791906
2 0.3478707550578035 0.3140015354046243 0.07959266618497113 0.07168984826589597
2 0.29226878612716767 0.4119400289017341 0.04854588150289013 0.0440299855491329
2 0.3691789215686274 0.47392003676470584 0.07352941176470584 0.07391237745098045
2 0.39656096813725483 0.4314108455882353 0.07927389705882354 0.06855085784313725
2 0.42183670343137253 0.4023054534313725 0.07008272058823528 0.060125612745098034
2 0.43907015931372545 0.37568933823529405 0.07467830882352944 0.0635723039215686
2 0.4584099264705882 0.34734987745098034 0.06510416666666669 0.06050857843137253
2 0.48406862745098034 0.324563419117647 0.06663602941176472 0.06089154411764708
2 0.5279181985294117 0.2711397058823529 0.06395526960784309 0.058210784313725505
2 0.567172181372549 0.22001378676470584 0.06204044117647056 0.05629595588235295
2 0.6148514093137254 0.1706112132352941 0.06318933823529416 0.06165747549019607
2 0.6786151960784313 0.08367800245098038 0.06740196078431371 0.06089154411764705
2 0.7236136642156862 0.041743259803921566 0.07161458333333326 0.06280637254901959
2 0.5731081495098038 0.04787071078431372 0.07621017156862742 0.06433823529411764
2 0.9541225187768241 0.11063237660944206 0.07586172210300435 0.07376609442060084
2 0.8340430525751072 0.25544024946351934 0.07628084763948506 0.07167046673819746
2 0.9300228004291846 0.276606089055794 0.06789833690987124 0.06454533261802581
2 0.8834998658798283 0.3310924087982833 0.06370708154506444 0.06370708154506438
2 0.8264987929184548 0.41009757242489275 0.05783932403433478 0.05825844957081544
2 0.7076767033261803 0.41009757242489275 0.060773202789699665 0.04987593884120173
2 0.7236034737124464 0.38013009656652363 0.06580270922746778 0.05532457081545061
2 0.6439696217811159 0.4775767837982833 0.05742019849785407 0.05322894313304721
2 0.6261567864806867 0.5062868830472103 0.052809817596566555 0.0469420600858369
2 0.7280042918454935 0.5178128353004292 0.05616282188841204 0.04987593884120178
2 0.6883969286480687 0.5570010729613735 0.05574369635193133 0.0469420600858369
2 0.6058291979613735 0.5278718481759657 0.05658194742489264 0.054067194206008584
2 0.5859207349785408 0.5532289431330473 0.05616282188841204 0.050295064377682386
2 0.5664313975321889 0.5785860380901288 0.05909670064377681 0.051552440987124415
2 0.5446368696351931 0.6012188170600858 0.05909670064377692 0.05322894313304727
2 0.5314344152360515 0.6255280981759657 0.054486319742489187 0.04819943669527893
2 0.492036614806867 0.6523521325107297 0.059515826180257525 0.07669997317596566
2 0.5746043454935623 0.7034854479613735 0.07125134120171672 0.06580270922746789
2 0.6106491416309013 0.6477417516094421 0.04526555793991416 0.040655177038626644
2 0.6984559415236051 0.8273370439914163 0.07250871781115875 0.04191255364806867
2 0.7586004560085837 0.7684499061158798 0.04778031115879833 0.0431699302575107
2 0.7451884388412017 0.7891966201716738 0.04191255364806867 0.036883047210300446
2 0.7757846030042919 0.7468649409871244 0.04945681330472107 0.04778031115879833
2 0.8220979747854078 0.8032373256437768 0.047361185622317614 0.0431699302575107
2 0.8367673685622317 0.7782993562231759 0.03646392167381973 0.03185354077253211
2 0.8591905847639485 0.7621630230686696 0.04861856223175964 0.044846432403433445
2 0.8359877411575563 0.6783561093247588 0.050555164790996754 0.04615906350482313
2 0.851374095659164 0.6584166499196141 0.044275020096463 0.044589027331189746
2 0.8926660470257235 0.7227881330385852 0.04521704180064312 0.03768086816720262
2 0.8735116057073955 0.7419425743569131 0.04270498392282962 0.03768086816720251
2 0.8890549638263665 0.6146126406752411 0.04804310691318325 0.04867112138263674
2 0.9228107415594855 0.563429461414791 0.0508691720257235 0.04615906350482313
2 0.9287768790192925 0.6803971563504823 0.04521704180064312 0.03642483922829576
2 0.9482453275723473 0.5471010852090032 0.04396101286173626 0.038622889871382626
2 0.9642596965434084 0.519154441318328 0.04961314308681675 0.04490303456591632
2 0.9659867363344051 0.6395762158360128 0.04553104903536975 0.04144895498392287
2 0.978798231511254 0.6180510198954984 0.038497286977491996 0.037335460209003246
2 0.9598664314516129 0.8722908266129032 0.03717237903225801 0.035912298387096864
2 0.9751449092741935 0.852602066532258 0.03874747983870974 0.03433719758064513
2 0.978016651459854 0.5001354356751825 0.040060447080292105 0.046604128649635035
2 0.8856517650462963 0.896728515625 0.04792390046296291 0.02486617476851849
2 0.8397623697916667 0.8913031684027778 0.05108868634259267 0.0302915219907407
2 0.9493995949074074 0.9091616030092593 0.05244502314814814 0.02712673611111116
