0 0.271875 0.145703125 0.01835937500000001 0.033593750000000006
0 0.6596647350993377 0.1880367860099338 0.027162665562913912 0.02295891970198674
0 0.5417981684602649 0.2468892280629139 0.023605649834437137 0.019078538907284753
0 0.4874728373344371 0.2737285285596026 0.02425237996688745 0.019725269039735094
0 0.2365234375 0.413671875 0.019140624999999994 0.02265624999999999
0 0.28798828125 0.41728515624999996 0.0224609375 0.02558593749999999
0 0.25566406249999996 0.14267578125 0.01679687499999999 0.03300781250000001
0 0.2392578125 0.13818359375 0.01679687499999999 0.03261718749999999
0 0.22353515625 0.133984375 0.013867187499999989 0.030468750000000017
0 0.209765625 0.13125 0.015625 0.03203125000000001
0 0.19404296875 0.13124999999999998 0.015429687499999983 0.032812499999999994
0 0.17822265625 0.1248046875 0.013085937499999978 0.031640625000000006
0 0.14470690578158457 0.11710385438972162 0.016310894004282678 0.025511911134903642
0 0.038736979166666664 0.10205078125 0.024088541666666668 0.0244140625
0 0.023274739583333332 0.20263671875 0.025716145833333336 0.013997395833333315
0 0.021809895833333332 0.21826171875 0.024739583333333336 0.013997395833333315
0 0.0944346005154639 0.2578326353092783 0.026578608247422683 0.031209729381443257
0 0.10722052190721648 0.2635711984536082 0.025169136597938152 0.024967783505154606
0 0.11980509020618554 0.27152464561855666 0.0273840206185567 0.029196198453608213
0 0.13923566365979378 0.273840206185567 0.020739368556701027 0.02577319587628868
0 0.1555452641752577 0.2753503543814433 0.01993395618556701 0.023961018041237125
0 0.1702440399484536 0.2781692976804123 0.0227528994845361 0.028390786082474195
0 0.18816446520618554 0.28118959407216493 0.020336662371134018 0.024766430412371143
0 0.20084971005154637 0.28582071520618557 0.02275289948453607 0.027182667525773196
0 0.21977690077319584 0.2878342461340206 0.02194748711340208 0.02637725515463918
0 0.23779800257731956 0.28481394974226804 0.01973260309278352 0.024363724226804162
0 0.2512886597938144 0.2935728092783505 0.02053801546391751 0.025370489690721643
0 0.27565238402061853 0.2831024484536082 0.020538015463917536 0.02214884020618557
0 0.2872301868556701 0.2935728092783505 0.024363724226804107 0.028189432989690733
0 0.3009221971649484 0.30444587628865977 0.015906894329896948 0.016510953608247392
0 0.3131040592783505 0.30978173324742264 0.024162371134020588 0.026779961340206215
0 0.32729945231958757 0.31390947164948446 0.015504188144329911 0.02295425257731959
0 0.34743476159793807 0.31038579252577314 0.028793492268041232 0.027988079896907214
0 0.66572265625 0.03388671875 0.021289062500000067 0.020507812500000003
0 0.84150390625 0.2740234375 0.023242187500000067 0.021484375
2 0.5727361351819757 0.2293314016464471 0.032495667244367366 0.026741226169844007
