3 0.04981541895604397 0.02513307005494507 0.06009615384615384 0.04829155219780219
3 0.011182177197802214 0.13083791208791212 0.021462912087912088 0.06438873626373628
1 0.5718749999999999 0.5951171875 0.023828124999999978 0.021484375
1 0.62255859375 0.53916015625 0.025195312499999956 0.023242187499999956
1 0.629296875 0.5464843749999999 0.024609375000000044 0.021874999999999978
1 0.4798828125 0.64140625 0.025390625 0.023828124999999978
1 0.48642578125 0.64716796875 0.0263671875 0.024023437500000022
1 0.908203125 0.755859375 0.018750000000000044 0.01992187500000009
1 0.8993164062500001 0.76376953125 0.018164062500000022 0.019335937499999956
1 0.893359375 0.77080078125 0.017578125 0.018164062500000022
1 0.8857421875 0.776171875 0.01914062499999991 0.018749999999999933
1 0.9700629159733778 0.6343594009983361 0.02079866888519144 0.022748544093178058
