0 0.274169921875 0.04259535845588238 0.0387752757352941 0.0251321231617647
0 0.2752470128676471 0.07347196691176473 0.0466739430147059 0.028004365808823532
0 0.26950252757352944 0.10111730238970591 0.045237821691176516 0.02297794117647059
0 0.2698615579044118 0.12445427389705885 0.03733915441176472 0.02082375919117646
0 0.2716567095588236 0.14922736672794118 0.03662109375 0.02297794117647059
0 0.2666302849264706 0.18010397518382354 0.05529067095588236 0.03303079044117649
0 0.2691434972426471 0.2088264016544118 0.0445197610294118 0.02585018382352941
0 0.26806640625 0.2368307674632353 0.042365579044117696 0.0244140625
0 0.26196289062500006 0.2666302849264707 0.03733915441176475 0.0265682444852941
0 0.40629308363970595 0.08496093750000003 0.020105698529411742 0.04667394301470588
0 0.1050666360294118 0.2723747702205883 0.022259880514705885 0.03949333639705882
0 0.08172966452205885 0.2727338005514707 0.02297794117647059 0.04451976102941174
0 0.05659754136029414 0.26950252757352944 0.018669577205882353 0.04236557904411764
0 0.0325425091911765 0.2687844669117647 0.02225988051470588 0.05816291360294121
0 0.010641659007352975 0.2698615579044118 0.01866957720588235 0.04164751838235295
0 0.47594496783088236 0.2655531939338236 0.03303079044117646 0.04164751838235298
0 0.554931640625 0.22498276654411767 0.04308363970588236 0.02513212316176472
0 0.9854449103860294 0.3002714269301471 0.025203929227941235 0.04789464613970584
0 0.9627900965073529 0.30396943933823534 0.03733915441176472 0.04380170036764708
0 0.9437614889705881 0.3186896829044118 0.039493336397058765 0.0531364889705882
0 0.9107306985294117 0.3215619255514706 0.0409294577205882 0.05026424632352944
0 0.6820283777573529 0.33664119944852944 0.022977941176470562 0.05457261029411764
0 0.6116584329044117 0.352438534007353 0.020105698529411797 0.033030790441176516
1 0.8181008731617647 0.5606761259191176 0.11273552389705876 0.21398207720588225
1 0.775735294117647 0.5653435202205882 0.11560776654411764 0.21613625919117635
1 0.965527895480226 0.6267655367231639 0.06400070621468923 0.15007062146892658
1 0.6664901129943502 0.9059410310734464 0.05075918079096042 0.017655367231638408
1 0.9086996822033898 0.7790430790960452 0.06510416666666674 0.026483050847457612
1 0.4391772598870056 0.704007768361582 0.024276129943502867 0.07062146892655374
0 0.43549408783783783 0.8282305743243243 0.0200591216216216 0.04539695945945954
0 0.4397170608108108 0.905299831081081 0.0200591216216216 0.04539695945945943
0 0.18845016891891891 0.8540962837837838 0.022170608108108114 0.05278716216216217
0 0.16311233108108109 0.8588471283783783 0.02005912162162163 0.05384290540540537
0 0.13935810810810811 0.8514569256756757 0.021114864864864885 0.0390625
0 0.06387246621621621 0.855152027027027 0.017947635135135143 0.0401182432432432
0 0.03800675675675676 0.8493454391891891 0.019003378378378375 0.049619932432432456
0 0.01689189189189189 0.850929054054054 0.021114864864864864 0.0570101351351352
0 0.4465793918918919 0.5996621621621622 0.021114864864864857 0.04434121621621623
0 0.4523859797297297 0.5067567567567567 0.022170608108108114 0.05489864864864863
0 0.45872043918918914 0.39907094594594594 0.020059121621621656 0.04434121621621623
0 0.4676942567567567 0.3272804054054054 0.0295608108108108 0.0485641891891892
0 0.15308277027027026 0.40276604729729726 0.021114864864864857 0.0496199324324324
0 0.12827280405405406 0.41649070945945943 0.017947635135135143 0.041173986486486513
0 0.07865287162162163 0.405933277027027 0.01794763513513513 0.05384290540540543
0 0.05437077702702702 0.4075168918918919 0.020059121621621614 0.05067567567567566
0 0.02956081081081081 0.40434966216216217 0.02322635135135135 0.052787162162162116
0 0.007918074324324323 0.4038217905405405 0.015836148648648646 0.04539695945945943
0 0.6909839527027026 0.5247043918918919 0.04539695945945943 0.021114864864864913
0 0.6899282094594594 0.551097972972973 0.05173141891891886 0.02533783783783783
0 0.6872888513513513 0.5753800675675675 0.04645270270270263 0.01900337837837829
0 0.6820101351351351 0.601245777027027 0.05067567567567566 0.0200591216216216
0 0.6825380067567568 0.625 0.041173986486486513 0.023226351351351315
0 0.9776182432432432 0.8530405405405405 0.0380067567567568 0.016891891891891886
0 0.8055320945945945 0.7622466216216216 0.0190033783783784 0.0380067567567568
0 0.8861940298507462 0.8927530317164178 0.020405783582089554 0.039354011194029814
