0 0.37534590982721383 0.04525512958963282 0.016873650107991356 0.037543871490280774
0 0.41225701943844495 0.049051700863930875 0.02151390388768898 0.03501282397408207
0 0.4419968277537797 0.05073906587473001 0.020248380129589683 0.03670018898488122
0 0.476587810475162 0.051371827753779686 0.017717332613390924 0.03543466522678187
0 0.40592940064794814 0.08701741360691144 0.04007491900647947 0.02067022138228941
0 0.46646362041036715 0.10093817494600431 0.038809395248380174 0.02151390388768898
0 0.38504825863930886 0.11949919006479479 0.04218412526997839 0.021513903887688965
0 0.38863390928725705 0.14712979211663066 0.049355426565874716 0.021935745140388763
0 0.4723693979481642 0.13763836393088552 0.040496760259179254 0.021513903887689007
0 0.37138671874999996 0.18593749999999998 0.01972656249999999 0.045312500000000006
0 0.3984375 0.18837890625 0.019140625000000022 0.03691406250000001
0 0.423828125 0.1802734375 0.019140625000000022 0.04375000000000001
0 0.44892578125000004 0.18623046875 0.01933593750000001 0.0400390625
0 0.4759765625 0.19306640625 0.02226562500000001 0.038476562500000006
0 0.5375272925764192 0.2717445073689957 0.04818845524017468 0.024520674126637554
0 0.5487215133733624 0.3125767603711791 0.01982976255458513 0.04349754366812225
0 0.5228148881004366 0.31417593477074235 0.020469432314410563 0.03731406932314413
0 0.49882727210698685 0.3076726255458515 0.017697530021833996 0.04520332969432311
0 0.4749462677401747 0.30745940229257646 0.023667781113537123 0.046482669213973815
0 0.44850658433406115 0.3119370906113538 0.018123976528384267 0.042218204148471605
0 0.4264379776200874 0.30564700463973804 0.020042985807860292 0.0475487854803493
0 0.3989321779475983 0.30649989765283847 0.01876364628820959 0.044137213427947575
0 0.3026618790938865 0.30106270469432317 0.020256209061135344 0.04520332969432317
0 0.3272891648471616 0.30383460698689957 0.019190092794759805 0.04179175764192139
0 0.3509569459606987 0.3035147721069869 0.020042985807860236 0.044563659934497846
0 0.37547762008733626 0.30554039301310043 0.018337199781659375 0.0447768831877729
1 0.5193401185015291 0.5414396980122325 0.038823585626911294 0.10213589449541283
