0 0.458984375 0.576171875 0.036892361111111105 0.04123263888888884
0 0.6494140625 0.8767361111111112 0.04014756944444442 0.04665798611111105
0 0.7419162326388888 0.9404839409722222 0.04503038194444442 0.04720052083333326
0 0.7866753472222222 0.8067491319444444 0.05533854166666674 0.04340277777777768
0 0.21592881944444442 0.1907009548611111 0.04231770833333334 0.050455729166666685
0 0.15028211805555555 0.2194552951388889 0.045572916666666685 0.04720052083333334
0 0.8973524305555556 0.2419704861111111 0.03146701388888895 0.03580729166666666
0 0.9318033854166667 0.23763020833333331 0.03851996527777779 0.0390625
0 0.9627278645833333 0.20670572916666666 0.0341796875 0.0390625
0 0.9835069444444444 0.1943359375 0.02907986111111116 0.037109375
0 0.034006662912912926 0.0630396021021021 0.03988363363363363 0.0392971096096096
