0 0.5165667981391586 0.14774853357605178 0.045193669093851085 0.04140119336569578
0 0.49112560679611655 0.17145150687702265 0.04424555016181231 0.040769114077669893
0 0.5339489785598706 0.07774575242718447 0.043297431229773475 0.025915250809061485
0 0.5581260113268609 0.106347340210356 0.03982099514563109 0.03444832119741101
0 0.44719521862483314 0.23076080607476634 0.03755006675567418 0.0365070093457944
0 0.4857883427903872 0.26974507676902537 0.04015771028037379 0.03624624499332446
0 0.5276410213618157 0.31146737316421896 0.04719834779706267 0.04615529038718291
0 0.4354608227636849 0.40690712616822433 0.02033961949265689 0.04250458945260349
0 0.7310165379799667 0.33012051335559267 0.02543301335559267 0.029671848914858134
0 0.34835642688679247 0.2547538325471698 0.039431014150943355 0.04459021226415097
0 0.1482664233576642 0.20410393856447687 0.04752128953771288 0.03849224452554745
0 0.6803561373873874 0.27635838963963966 0.03483952702702697 0.03413569819819823
2 0.7239935247747749 0.2705518018018018 0.04047015765765771 0.04082207207207211
0 0.3417252686472819 0.015669445322376747 0.0503713653603034 0.030370970290771175
