3 0.08755387931034482 0.13084975369458127 0.07119766009852216 0.07697044334975368
1 0.8849609375 0.22216796875 0.021484375 0.020898437499999978
1 0.76279296875 0.429296875 0.025195312499999956 0.019921875000000033
1 0.7359374999999999 0.55205078125 0.025781249999999978 0.022851562499999978
1 0.7462890625 0.5638671875000001 0.021874999999999978 0.019921874999999978
1 0.75361328125 0.5724609375 0.021679687499999933 0.021093750000000022
1 0.7611328125000001 0.5806640624999999 0.021093750000000022 0.019921874999999978
1 0.77421875 0.59189453125 0.020312500000000067 0.021679687500000044
1 0.78642578125 0.60654296875 0.0224609375 0.0224609375
1 0.8009765625 0.6484375 0.020703124999999933 0.022656250000000044
1 0.823828125 0.6501953125 0.0234375 0.021484375
1 0.81806640625 0.6407226562499999 0.022070312500000022 0.022851562499999978
1 0.8091796874999999 0.63046875 0.023828124999999978 0.022656250000000044
1 0.8021484375000001 0.623046875 0.021874999999999978 0.022265624999999956
1 0.79521484375 0.61708984375 0.022851562499999978 0.023242187499999956
1 0.7533203125000001 0.6666015625 0.025000000000000022 0.021484375
1 0.7392578125 0.69853515625 0.02304687499999991 0.020117187500000022
1 0.6854492187500001 0.5873046875 0.022851562499999978 0.021484375
1 0.69228515625 0.59697265625 0.0224609375 0.021289062500000067
1 0.69892578125 0.6065429687499999 0.023632812499999933 0.020898437499999978
1 0.705078125 0.61494140625 0.02187500000000009 0.020117187500000022
1 0.7166015625 0.628515625 0.020703124999999933 0.020312499999999956
1 0.7259765625 0.634765625 0.022656250000000044 0.02109374999999991
1 0.73271484375 0.64287109375 0.022070312500000022 0.021679687499999933
1 0.7390625 0.6504882812499999 0.019921874999999978 0.016992187499999978
1 0.746875 0.6587890624999999 0.022265625000000067 0.019921874999999978
