2 0.3685964497840173 0.016359003779697612 0.08521193304535635 0.03205993520518358
2 0.06866731911447083 0.030068844492440593 0.11474082073434123 0.03416914146868251
0 0.04441144708423325 0.6364656452483801 0.044293331533477316 0.021092062634989195
0 0.20471112311015116 0.6254977726781857 0.0426059665226782 0.021935745140388763
0 0.18340813984881207 0.6615651997840173 0.0497772678185745 0.02235758639308849
1 0.45043365280777536 0.601663741900648 0.08436825053995683 0.036700188984881255
1 0.6771733261339092 0.5736112985961124 0.09997637688984884 0.036278347732181415
0 0.7959216387688985 0.5573704103671706 0.04893358531317493 0.02657599892008633
0 0.8788890228776185 0.5423141193495038 0.04543653528114666 0.023471954244763005
0 0.2439438927829699 0.7542307567497404 0.053137980269989615 0.025149273104880576
0 0.3366311331775701 0.7788729880581516 0.04543094496365524 0.02170138888888884
0 0.7588843642365097 0.734218032433984 0.04776298794489087 0.025787528702640672
