2 0.5692178914835164 0.6534598214285714 0.037560096153846145 0.09014423076923073
2 0.7698961195054944 0.8138950892857144 0.03541380494505497 0.0890710851648352
2 0.9845788976648352 0.8625944368131868 0.02693595467032961 0.12637362637362637
2 0.053571428571428575 0.9067221840659341 0.06653502747252743 0.06653502747252749
2 0.2279575892857143 0.1780563186813187 0.03326751373626369 0.07082760989010989
2 0.3293698489010989 0.19093406593406592 0.049364697802197766 0.09872939560439561
2 0.3781979739010989 0.20220209478021978 0.03970638736263732 0.0955099587912088
2 0.42235769450800914 0.21006149885583525 0.040224542334096114 0.09832665903890161
2 0.47733123569794045 0.21140231693363842 0.03396739130434784 0.1036899313501144
2 0.5235894593821511 0.2185533466819222 0.03262657322654461 0.09743278032036612
2 0.5731997282608695 0.2252574370709382 0.04514087528604116 0.09743278032036615
2 0.6690682208237986 0.23419622425629288 0.05005720823798632 0.1153103546910755
2 0.717337671624714 0.24536970823798626 0.037542906178489766 0.09653890160183065
2 0.7072815360411899 0.37073619851258577 0.040671481693363765 0.09251644736842107
2 0.658118206521739 0.3597861842105263 0.04424699656750575 0.10279605263157893
2 0.6040385440503433 0.3626912900457666 0.0415653604118994 0.10145523455377575
2 0.5609088958810069 0.3423555491990846 0.031285755148741434 0.08491847826086957
2 0.5052649456521738 0.3405677917620137 0.031732694508009085 0.0813429633867277
2 0.4619118278032036 0.3226902173913043 0.033520451945080076 0.06346538901601834
2 0.40604440789473684 0.32961777745995424 0.02994493707093826 0.09162256864988555
2 0.3150922482837529 0.31039938501144165 0.034861270022883306 0.08357766018306634
2 0.25944829805491987 0.30861162757437066 0.03530820938215101 0.09072868993135014
2 0.7720877431350114 0.2534146167048055 0.037989845537757416 0.09832665903890159
2 0.8143235125858124 0.24559317791762011 0.028604118993134975 0.07374499427917619
2 0.8704144021739131 0.26615238844393596 0.037095966819222004 0.09787971967963388
2 0.9182369136155606 0.2791136298627002 0.04424699656750575 0.09877359839816935
2 0.9720931064073226 0.27017484267734554 0.03307351258581237 0.0853654176201373
2 0.9566736985125858 0.39777602974828374 0.03888372425629294 0.09922053775743711
2 0.9028175057208238 0.3899545909610984 0.03933066361556059 0.09341032608695649
2 0.8558888729977117 0.37900457665903886 0.03664902745995424 0.0813429633867277
2 0.8009153318077803 0.3850382580091533 0.0294979977116705 0.06123069221967958
