0 0.5390625 0.490234375 0.04557291666666663 0.030381944444444475
0 0.5954861111111112 0.3784722222222222 0.04991319444444442 0.02821180555555558
0 0.6497395833333334 0.4858940972222222 0.03689236111111116 0.03038194444444442
0 0.724609375 0.28190104166666663 0.05208333333333326 0.030381944444444475
0 0.7322048611111112 0.31662326388888884 0.04123263888888895 0.034722222222222265
0 0.7994791666666667 0.2840711805555555 0.03255208333333337 0.03038194444444442
0 0.8656684027777778 0.2504340277777778 0.0390625 0.04123263888888887
0 0.9741753472222222 0.19618055555555558 0.04340277777777768 0.03689236111111113
0 0.9112413194444444 0.36002604166666663 0.05208333333333326 0.0390625
0 0.1115451388888889 0.49023437499999994 0.041232638888888895 0.02604166666666663
1 0.05837673611111112 0.63671875 0.06510416666666666 0.03689236111111116
1 0.3285590277777778 0.6063368055555556 0.08029513888888884 0.04123263888888895
1 0.24934895833333331 0.44900173611111105 0.09548611111111108 0.052083333333333315
1 0.3936631944444445 0.4055989583333333 0.10199652777777779 0.05208333333333337
1 0.5054253472222223 0.3621961805555556 0.09548611111111105 0.056423611111111105
1 0.9090711805555556 0.1755642361111111 0.1519097222222221 0.08246527777777776
