2 0.018821022727272766 0.28693181818181823 0.030776515151515145 0.08877840909090909
2 0.06261837121212124 0.29285037878787884 0.03551136363636364 0.0935132575757576
2 0.1206202651515152 0.28811553030303033 0.03551136363636366 0.10061553030303028
2 0.16915246212121215 0.30646306818181823 0.035511363636363646 0.09232954545454547
2 0.22182765151515155 0.30823863636363635 0.0390625 0.0864109848484848
2 0.2685842803030304 0.31356534090909094 0.03314393939393939 0.08759469696969696
2 0.31593276515151514 0.3218513257575758 0.03314393939393939 0.09943181818181818
2 0.3709753787878788 0.32303503787878796 0.036695075757575746 0.08759469696969696
2 0.41536458333333337 0.33072916666666674 0.0402462121212121 0.10298295454545453
2 0.4656723484848485 0.343158143939394 0.036695075757575746 0.09706439393939392
2 0.5147964015151515 0.34552556818181823 0.037878787878787845 0.11126893939393939
2 0.5603693181818181 0.3490767045454546 0.03669507575757569 0.10416666666666669
2 0.6094933712121211 0.36446496212121215 0.037878787878787956 0.09469696969696967
2 0.6598011363636364 0.36742424242424243 0.0390625 0.08641098484848486
2 0.36803209459459457 0.02623521959459459 0.0395903716216216 0.04750844594594595
2 0.42477829391891886 0.029534417229729725 0.039590371621621656 0.05674619932432432
2 0.48020481418918914 0.03811233108108108 0.04222972972972977 0.07390202702702704
2 0.5349714949324325 0.034153293918918914 0.03563133445945954 0.06598395270270271
2 0.5912426097972974 0.04017103040540541 0.04186021959459463 0.08034206081081081
2 0.648463893581081 0.048009923986486486 0.05410684121621623 0.08841849662162163
2 0.6946526604729729 0.05064928209459459 0.04091005067567566 0.09105785472972973
2 0.647144214527027 0.4887827280405405 0.038270692567567544 0.10161528716216217
2 0.5969964104729729 0.4808646537162162 0.038270692567567544 0.09633657094594594
2 0.5468486064189189 0.4689875422297297 0.03563133445945943 0.08313978040540543
2 0.501979518581081 0.46766786317567566 0.032991976351351315 0.0778610641891892
2 0.44523331925675674 0.46172930743243246 0.04091005067567566 0.09501689189189194
2 0.4003642314189189 0.45249155405405406 0.04091005067567566 0.08182010135135137
2 0.34493771114864863 0.44523331925675674 0.03563133445945943 0.09105785472972971
2 0.3013883023648648 0.4419341216216216 0.035631334459459485 0.09237753378378377
2 0.25453969594594594 0.43599556587837834 0.0395903716216216 0.09897592905405406
2 0.20637141047297297 0.43137668918918914 0.040910050675675685 0.10557432432432429
2 0.14896537162162163 0.4247782939189189 0.04486908783783783 0.10029560810810811
2 0.1040962837837838 0.4129011824324324 0.04486908783783784 0.08973817567567566
2 0.055927998310810814 0.4122413429054054 0.03827069256756758 0.08577913851351349
2 0.015677787162162157 0.4082823057432432 0.02903293918918919 0.09633657094594594
2 0.4993401604729729 0.7725137246621621 0.062024915540540515 0.12009079391891897
2 0.4333562077702703 0.7718538851351351 0.035631334459459485 0.09501689189189189
2 0.37397065033783783 0.7672350084459458 0.046188766891891886 0.10953336148648651
2 0.3244826858108108 0.7606366131756757 0.042229729729729715 0.1095333614864864
2 0.2690561655405405 0.7474398226351351 0.03959037162162157 0.12273015202702708
2 0.2162690033783784 0.7428209459459459 0.04486908783783786 0.11349239864864868
2 0.10871516047297297 0.7283044763513513 0.038270692567567585 0.09237753378378377
2 0.33108108108108103 0.889965160472973 0.039590371621621656 0.08577913851351349
2 0.2802734375 0.891284839527027 0.035631334459459485 0.09897592905405406
2 0.22418707770270271 0.8919446790540541 0.04486908783783783 0.12668918918918926
2 0.17074007601351351 0.8840266047297297 0.046188766891891886 0.12668918918918926
2 0.109375 0.8754486908783784 0.0607052364864865 0.13592694256756754
0 0.9638671875 0.2710356841216216 0.0303526182432432 0.038270692567567544
0 0.9625475084459459 0.41158150337837834 0.032991976351351315 0.04486908783783783
0 0.9460515202702702 0.3614336993243243 0.03167229729729726 0.05014780405405406
0 0.9863017314189189 0.4148807010135135 0.02243454391891897 0.051467483108108114
0 0.9288956925675675 0.5435494087837838 0.0369510135135136 0.03959037162162171
0 0.964527027027027 0.5046188766891891 0.036951013513513487 0.03563133445945943
0 0.9585884712837838 0.5455289273648648 0.038270692567567544 0.04091005067567566
0 0.8206820101351351 0.6167915962837838 0.02639358108108103 0.04091005067567566
0 0.9830025337837838 0.6860747466216217 0.02639358108108114 0.04750844594594594
0 0.939453125 0.8088048986486487 0.0395903716216216 0.05014780405405406
