1 0.8694993622448979 0.5552455357142857 0.03667091836734693 0.18574617346938777
1 0.9161352040816326 0.4356664540816326 0.03746811224489788 0.16820790816326525
0 0.8814572704081631 0.3276466836734694 0.02869897959183676 0.05580357142857145
0 0.8607302295918366 0.7310267857142857 0.023915816326530615 0.052614795918367374
0 0.9001913265306122 0.7059151785714286 0.023118622448979442 0.04065688775510201
0 0.893016581632653 0.8872767857142857 0.021524234693877542 0.04783163265306123
0 0.8471779336734693 0.9478635204081631 0.022321428571428492 0.05739795918367341
1 0.8902264030612244 0.20248724489795916 0.027104591836734748 0.08450255102040816
0 0.934470663265306 0.1494738520408163 0.024713010204081565 0.047034438775510196
0 0.9404496173469387 0.01953125 0.022321428571428603 0.0390625
