2 0.6541049494219653 0.34702402456647397 0.17047507225433522 0.057577673410404595
2 0.6711703090200445 0.12220733574610246 0.12962834075723828 0.047849387527839626
2 0.38820643095768376 0.4543255846325167 0.1396332126948775 0.05002435968819596
2 0.37298162583518935 0.5796039810690423 0.12658337973273942 0.036974526726057944
2 0.35840931236080176 0.7022724109131403 0.08264894209354118 0.02479468262806228
2 0.35057941258351893 0.7692615534521158 0.11744849665924273 0.03958449331848546
2 0.631585815701559 0.8038436108017817 0.12440840757238303 0.0382795100222717
2 0.34949192650334077 0.8299432767260579 0.1013537026726058 0.035669543429844075
2 0.35427686525612473 0.9628340757238307 0.17878271158129178 0.061334214922049046
2 0.6618923611111112 0.48556857638888884 0.12013268849206349 0.037977430555555525
2 0.6603422619047619 0.5508665054563493 0.09223090277777779 0.03371465773809523
2 0.6388346354166667 0.6789434523809523 0.14609685019841268 0.05347842261904756
0 0.590394035218254 0.6190708705357142 0.0523158482142857 0.022088913690476164
0 0.5945930050188205 0.5731502901505645 0.03896447616060228 0.018134410288582203
2 0.03346904342723005 0.3229991930751174 0.060519366197183094 0.136168573943662
0 0.19557787024456522 0.6034519361413043 0.049889605978260865 0.03874405570652173
0 0.1941183338994565 0.6326426630434783 0.049624235733695676 0.03874405570652173
0 0.19199537194293478 0.6606392238451086 0.041663128396739135 0.033702021059782594
0 0.1832381538722826 0.6854513417119565 0.033702021059782594 0.027067764945652217
0 0.1894743546195652 0.7176938264266304 0.04564368206521738 0.035824983016304324
0 0.18081480704697986 0.8578544463087249 0.04325713087248323 0.03145973154362425
0 0.21866479656040266 0.1359191484899329 0.04227401426174496 0.044567953020134235
0 0.2189925020973154 0.24144033137583892 0.04620648070469799 0.04325713087248326
0 0.20998059983221476 0.29829724203020136 0.03473678691275167 0.03899695889261745
0 0.20932518875838926 0.36564072986577184 0.043912541946308725 0.04260171979865768
0 0.20621198615771813 0.3967727558724833 0.03440908137583895 0.032770553691275184
0 0.21555159395973156 0.09806915897651006 0.023594798657718102 0.02588873741610738
0 0.3011738135856079 0.13227454249379655 0.021324441687344875 0.05088787220843673
0 0.8806854124493926 0.04131610576923077 0.0225360576923076 0.042304529352226714
0 0.8401600455465587 0.13837930161943318 0.02372216599190291 0.047444331983805654
0 0.8318572874493927 0.25501328441295545 0.02214068825910931 0.05139802631578949
0 0.8599285172064777 0.3510880566801619 0.02214068825910931 0.04665359311740891
0 0.8194031503036436 0.42581287955465585 0.02174531882591091 0.04428137651821862
0 0.8486604883603238 0.653545673076923 0.017791624493927127 0.04269989878542502
0 0.8071466978744939 0.7175955212550607 0.02174531882591091 0.04586285425101211
0 0.8389739372469635 0.8682312753036436 0.02214068825910931 0.05377024291497978
0 0.9334672317813765 0.6527549342105263 0.017396255060728727 0.04507211538461531
0 0.9314903846153846 0.546400556680162 0.02134994939271262 0.04586285425101211
0 0.9441422064777327 0.3641352479757085 0.02293142712550611 0.045862854251012164
0 0.4324431466584159 0.7418490872524752 0.05753016707920794 0.028523360148514865
2 0.02785885989010989 0.5018887362637363 0.05571771978021978 0.13684752747252749
4 0.46797352828746175 0.5241184059633027 0.038823585626911294 0.042407301223241545
4 0.43124044342507645 0.5205346903669724 0.03822629969418956 0.04121272935779813
4 0.3951046444954128 0.5166523318042814 0.03643444189602446 0.04181001529051992
4 0.35747563073394495 0.5121726873088686 0.03882358562691135 0.03882358562691135
4 0.32044390290519875 0.5118740443425076 0.03762901376146793 0.03703172782874614
2 0.6411198796452703 0.9858200485641893 0.10838524070945943 0.0244536528716216
