0 0.4100614381067962 0.03729267799352751 0.02117465614886732 0.04108515372168285
2 0.6298670105177994 0.05957347289644013 0.10492516181229772 0.0350804004854369
0 0.6328693871359223 0.09828832928802589 0.052146541262135915 0.02338693365695793
2 0.6252844356796117 0.18693744943365698 0.10018456715210355 0.03318416262135923
2 0.6205438410194175 0.3131952872168285 0.10271288430420711 0.03413228155339809
0 0.16947922261009668 0.05157844387755105 0.03650308807733618 0.027691997851772295
0 0.18973214285714285 0.4397750686813187 0.020175137362637346 0.04249656593406592
0 0.2146291208791209 0.44557005494505497 0.024038461538461536 0.0433550824175824
0 0.2931833791208791 0.45372596153846156 0.022750686813186816 0.04421359890109888
0 0.3185372994306418 0.44975656702898553 0.01961212474120083 0.035382699275362306
0 0.25318287037037035 0.5780081463675213 0.020032051282051294 0.03533431267806264
0 0.2964465366809117 0.5834334935897436 0.02476184116809116 0.04729789886039881
0 0.3433271011396011 0.5956753027065527 0.01947560541310539 0.04507211538461542
0 0.3662804932336182 0.598457532051282 0.02086672008547008 0.04507211538461542
0 0.3918770032051282 0.5998486467236467 0.01864093660968663 0.03895121082621089
0 0.09529493220899474 0.625041335978836 0.02170138888888888 0.04417782738095233
0 0.08534846230158732 0.6838159308862435 0.02247643849206349 0.04701967592592593
0 0.06713479662698416 0.8195787863756614 0.022218088624338612 0.048311425264550234
0 0.05137545469576722 0.951337218915344 0.02273478835978835 0.051928323412698374
0 0.16982886904761907 0.876028232473545 0.03901083002645503 0.040302579365079305
0 0.19734312996031747 0.8788700810185186 0.035652281746031744 0.03875248015873012
0 0.22343646660052913 0.8822286292989419 0.035652281746031717 0.04133597883597884
0 0.19088438326719578 0.923693783068783 0.032552083333333315 0.03591063161375663
0 0.2470754794973545 0.9314442791005291 0.03642733134920634 0.04521122685185175
0 0.2721354166666667 0.9344153025793651 0.03332713293650791 0.04081927910052907
0 0.30352492559523814 0.890625 0.031518683862433894 0.03694403108465605
0 0.29409515542328046 0.9425533234126984 0.037977430555555525 0.042111028439153375
0 0.3271639384920635 0.8988921957671958 0.03229373346560849 0.04004422949735453
0 0.3509321263227513 0.9475911458333334 0.0328104332010582 0.04081927910052907
0 0.3776713376322751 0.9534040178571428 0.03668568121693122 0.03952752976190477
0 0.40815662202380953 0.9097428902116402 0.038752480158730174 0.04417782738095233
0 0.43205398478835977 0.9177517361111112 0.033327132936507964 0.04056092923280419
0 0.5477947255291006 0.8968253968253969 0.021959738756613723 0.04521122685185186
0 0.8111884124087592 0.26628894030239836 0.019551616266944682 0.040936196558915505
0 0.7711686978623566 0.3372653806047967 0.02056992961418147 0.04928636600625652
0 0.8223898592283629 0.08716762252346194 0.02077359228362885 0.04439846193952032
1 0.7833884580291971 0.11761519160583941 0.023013881647549583 0.060487812825860285
1 0.7248117257882882 0.9483829532657657 0.03084529842342343 0.09932784346846846
0 0.6982981280687397 0.7703815466448445 0.01885996317512273 0.042195171849427116
0 0.7462471869885434 0.693822882569558 0.021417246317512295 0.04251483224222585
0 0.7660661313420621 0.9252570069558101 0.023335208674304386 0.04890804009819971
0 0.9051184022094926 0.7125230155482816 0.01885996317512273 0.037080605564648095
0 0.9236587049918166 0.4224312090834697 0.020138604746317568 0.04251483224222585
0 0.7557450129161882 0.520966382032147 0.01995730482204361 0.041932764064293915
0 0.5250333778371161 0.5456337616822429 0.03833235981308403 0.01955732643524699
0 0.5981777787049399 0.5531959279038718 0.052152870493991976 0.02268649866488659
0 0.38330795226969294 0.675103262683578 0.03911465287049398 0.043286882510013336
0 0.3254182660213618 0.669105682576769 0.035463951935914506 0.04015771028037385
0 0.29464807242990654 0.6597181658878504 0.028684078771695598 0.03546395193591445
0 0.2671374332443258 0.6591966371829105 0.03416013017356473 0.04172229639519365
0 0.23441150700934582 0.6610219876502001 0.03442089452603472 0.04224382510013347
0 0.2095085113484646 0.6509825600801067 0.03833235981308411 0.04198306074766356
0 0.18004213951935916 0.6466799482643524 0.03885388851802404 0.04380841121495327
0 0.4340266188251002 0.819436331775701 0.02738025700934582 0.039896945927903826
0 0.4136869993324433 0.7714556909212282 0.028944843124165565 0.046676819092122845
0 0.38148260180240323 0.7654581108144192 0.025033377837116122 0.03937541722296389
0 0.4067767439919894 0.8239997079439252 0.031813251001335086 0.04432993991989309
0 0.3778319008678238 0.8110918724966623 0.028684078771695598 0.04563376168224298
0 0.33467540053404543 0.7684569008678237 0.029466371829105498 0.045894526034713
0 0.35318966955941256 0.8151337199599467 0.02842331441922563 0.043286882510013336
0 0.3207245076769025 0.8013132092790387 0.028162550066755665 0.043286882510013336
0 0.3022102386515354 0.7547667723631508 0.03181325100133514 0.04563376168224298
0 0.2728742489986649 0.753462950600801 0.029466371829105498 0.0477198765020026
0 0.2945176902536716 0.8020955023364486 0.032595544058744985 0.04954522696929242
0 0.26622475801068096 0.7971409796395192 0.030770193591455275 0.046937583444592756
0 0.21407188751668893 0.747074223965287 0.027119492656875827 0.043286882510013336
0 0.23532418224299065 0.7890572847129506 0.02842331441922563 0.039636181575433804
0 0.20611857476635514 0.7876230807743658 0.03050942923898531 0.04250458945260338
0 0.18851698097463285 0.7423804656208277 0.02972713618157541 0.045894526034713
0 0.18004213951935916 0.785797730307076 0.03050942923898531 0.04563376168224298
0 0.08662109374999999 0.747265625 0.023632812500000003 0.03867187500000002
0 0.5676129862700228 0.39017806064073224 0.049163329519450794 0.03664902745995424
