0 0.8215450546116505 0.333421824433657 0.022438814724919043 0.04234931229773464
0 0.7415870246763754 0.2992895428802589 0.020542576860841488 0.042981391585760476
0 0.7063486043689321 0.29375884911003236 0.024019012944983764 0.04140119336569581
0 0.7550187095469256 0.14395605784789645 0.01769822006472488 0.03824079692556635
1 0.7204123685275081 0.05941545307443366 0.03128792475728148 0.11567050970873788
0 0.72451171875 0.465234375 0.021289062499999956 0.04179687500000001
0 0.8205078125 0.43134765625 0.021484375 0.04628906249999998
0 0.6566569010416667 0.6869351256127452 0.027525658700980338 0.057444852941176516
0 0.6912434895833334 0.7300187653186274 0.024892769607843146 0.04404105392156865
0 0.6516304764093137 0.9292805989583333 0.02752565870098045 0.05768420649509809
0 0.6052054610906863 0.9706648284313726 0.035682827818627416 0.05476409313725494
0 0.174828506097561 0.05978467987804878 0.028582317073170743 0.040491615853658534
0 0.20257717225609756 0.06502477134146342 0.02786775914634146 0.04192073170731708
0 0.23139767530487806 0.06919302591463415 0.029296875 0.04311166158536586
0 0.26021817835365857 0.0721703506097561 0.02834413109756098 0.04239710365853659
0 0.2661728277439025 0.02512862042682927 0.030725990853658514 0.04692263719512195
0 0.2398532774390244 0.028939596036585368 0.025247713414634138 0.043111661585365856
0 0.29511242378048785 0.03298875762195122 0.027153201219512202 0.04358803353658537
0 0.3270293445121951 0.04215891768292683 0.02191310975609756 0.03191692073170732
0 0.3800257240853659 0.039896150914634144 0.03263147865853655 0.04835175304878049
0 0.5428258384146342 0.032869664634146346 0.020007621951219523 0.04144435975609757
0 0.12016482469512196 0.060975609756097573 0.028344131097560968 0.03906250000000001
0 0.4391280376165113 0.19037117177097204 0.03302887816245009 0.04057090545938746
0 0.2709928428761651 0.1695655792276964 0.032248668442077244 0.03849034620505992
0 0.15123065079893475 0.16319386651131826 0.03823027629826897 0.04551223368841545
0 0.19128141644474034 0.15643204893475365 0.0377101364846871 0.04239139480692408
0 0.10077708888149135 0.15019037117177098 0.03823027629826897 0.04031083555259651
0 0.10103715878828229 0.1938821155126498 0.040830975366178426 0.04395181424766975
0 0.10506824234354195 0.3149446571238349 0.028607689747003992 0.04317160452729696
0 0.18842064747003995 0.32690787283621836 0.028347619840213056 0.0436917443408788
0 0.3700794773635153 0.3210562999334221 0.030168109187749703 0.04551223368841545
0 0.12015229693741677 0.4655251331557923 0.03588964713715047 0.04109104527296936
0 0.17853799101198403 0.47423747503328895 0.035109437416777634 0.037189996671105174
0 0.2119569740346205 0.43171604527296936 0.03745006657789615 0.04213132490013316
0 0.21039655459387485 0.47670813914780297 0.035369507323568555 0.04161118508655126
0 0.15942285286284955 0.41806237516644473 0.031208388814913446 0.04031083555259657
0 0.08946404793608523 0.46591523801597867 0.03016810918774966 0.037189996671105174
0 0.061246463049267647 0.46552513315579225 0.033028878162450065 0.03953062583222372
0 0.07919128661784289 0.41078041777629826 0.03927055592543276 0.03875041611185087
0 0.27220065130260523 0.4405060120240481 0.025441508016032066 0.029355586172344683
0 0.08564453125 0.5576171875 0.029882812499999994 0.045703124999999956
0 0.14755859375 0.5751953125 0.02753906249999999 0.04296875
0 0.130859375 0.6076171875 0.02695312500000001 0.04062500000000002
0 0.052734375 0.60126953125 0.033593750000000006 0.0556640625
0 0.06237170866364666 0.6923264085503964 0.0331787938844847 0.03804501698754248
0 0.08979951160815403 0.6969714396942241 0.038045016987542465 0.041141704416761016
0 0.0872558040770102 0.7427581752548131 0.0342847536806342 0.043353624009060066
0 0.02587890625 0.96435546875 0.0349609375 0.04160156249999991
0 0.18154296875 0.01806640625 0.0263671875 0.035742187499999994
