0 0.8290361771058316 0.08406452483801294 0.03416914146868244 0.03670018898488121
0 0.8011946544276458 0.06487074784017277 0.04091860151187898 0.03880939524838013
0 0.7355983396328294 0.17539315604751618 0.03796571274298066 0.040496760259179254
0 0.6898285637149029 0.17560407667386607 0.03585650647948169 0.038387553995680335
0 0.6860319924406048 0.31017143628509725 0.036700188984881255 0.04007491900647947
0 0.6449024703023758 0.380829846112311 0.032903617710583144 0.03796571274298055
0 0.5470352996760259 0.49114133369330454 0.03796571274298066 0.04513701403887682
1 0.5679164416846653 0.5440824109071275 0.07382221922246224 0.10292926565874733
1 0.47426768358531324 0.44705892278617715 0.13794208963282945 0.1991090712742981
0 0.5495663471922246 0.39264140118790497 0.036278347732181526 0.04302780777537796
0 0.15032762096774194 0.7061950146627566 0.033220307917888575 0.04753940615835783
0 0.3427763013196481 0.6852891312316716 0.03608412756598239 0.04925769794721413
0 0.4335593841642229 0.7722060575513197 0.02691990469208211 0.04037985703812319
0 0.3218704178885631 0.8085765670821115 0.0303564882697947 0.051835135630498574
0 0.27118081011730205 0.8270482038123167 0.028065432551319658 0.04467558651026393
0 0.26688508064516125 0.9609317723607038 0.0303564882697947 0.05298066348973607
0 0.6950731464460784 0.8315046721813726 0.02202052696078427 0.04978553921568629
