0 0.01214958639705881 0.14484719669117646 0.019818474264705885 0.0439453125
0 0.24235983455882354 0.03168083639705881 0.04825367647058823 0.02211626838235295
0 0.23503561580882354 0.06126493566176469 0.04164751838235295 0.020967371323529403
0 0.23101447610294118 0.08697150735294117 0.02786075367647059 0.01665900735294118
0 0.37706801470588236 0.1352251838235294 0.0482536764705882 0.023552389705882373
0 0.43982651654411764 0.08366842830882351 0.05026424632352944 0.02383961397058823
0 0.4783145680147059 0.028664981617647047 0.03762637867647056 0.020680147058823532
0 0.49353745404411764 0.08553538602941174 0.052562040441176405 0.021829044117647065
0 0.5492589613970588 0.06370634191176469 0.05198759191176472 0.020105698529411763
0 0.543801700367647 0.1240234375 0.05026424632352933 0.021254595588235295
0 0.5370519301470588 0.1554744944852941 0.05342371323529416 0.02211626838235295
0 0.5590245863970589 0.03239889705882352 0.03647748161764708 0.018382352941176475
0 0.7996814715849844 0.02739262904066736 0.042565497914494266 0.03971422054223149
0 0.8551795490093848 0.030142075078206466 0.04521311261730976 0.0452131126173097
0 0.9038549270072993 0.03594646115745568 0.04358381126173094 0.043380148592283625
0 0.9539559436913452 0.036251955161626694 0.042361835245047 0.04562043795620438
0 0.8045858503717473 0.18379704925650558 0.03666647304832715 0.035214335501858735
0 0.8503281830855018 0.17998518819702602 0.037392541821561376 0.03557736988847582
0 0.8984302393122677 0.18252642890334575 0.03630343866171004 0.03702950743494424
0 0.9478029158921933 0.18397856644981414 0.04138592007434938 0.04065985130111524
0 0.8755590729553904 0.2674764753717472 0.047920539033457166 0.021782063197026025
0 0.7788104089219332 0.3491592123605948 0.04320109200743494 0.04792053903345728
0 0.8187441914498141 0.3600502439591078 0.04029681691449816 0.04646840148698883
0 0.8751960385687733 0.3502483155204461 0.045016263940520496 0.04211198884758366
0 0.9131331319702602 0.35605686570631967 0.04102288568773238 0.038481644981412655
0 0.9614167053903346 0.3636805878252788 0.037392541821561265 0.03339916356877326
2 0.4448821504237288 0.5036414194915254 0.0456832627118644 0.03806938559322037
2 0.3718882415254237 0.5741525423728814 0.049324682203389814 0.05131091101694918
2 0.3531845868644068 0.6603879766949152 0.04369703389830509 0.05429025423728817
0 0.009939567430025446 0.6546447598600509 0.0178912213740458 0.04348560750636132
0 0.007951653944020356 0.7090638915394402 0.015903307888040712 0.05094028307888032
1 0.013753255208333365 0.7337420428240742 0.02667462384259259 0.22153501157407407
