0 0.021484375 0.17708333333333331 0.02213541666666667 0.04166666666666666
0 0.04427083333333333 0.177734375 0.018229166666666664 0.037760416666666685
0 0.0703125 0.177734375 0.0234375 0.045572916666666685
0 0.240234375 0.1953125 0.022135416666666657 0.046875
0 0.018880208333333336 0.34505208333333337 0.027343750000000003 0.049479166666666685
0 0.041015625 0.3430989583333333 0.022135416666666668 0.04296875
0 0.06640625 0.34700520833333337 0.0234375 0.045572916666666685
0 0.091796875 0.34309895833333337 0.01953125 0.045572916666666685
0 0.11653645833333334 0.34049479166666663 0.01692708333333333 0.045572916666666685
0 0.13606770833333334 0.34375 0.02473958333333333 0.04427083333333337
0 0.166015625 0.34635416666666663 0.022135416666666685 0.041666666666666685
0 0.15299479166666669 0.39713541666666663 0.04557291666666666 0.026041666666666685
0 0.15364583333333331 0.42317708333333337 0.04166666666666666 0.020833333333333315
0 0.150390625 0.447265625 0.04296875 0.02473958333333337
0 0.15625 0.4713541666666667 0.0546875 0.0234375
0 0.158203125 0.49609375 0.053385416666666685 0.028645833333333315
0 0.158203125 0.5423177083333333 0.05078125 0.02213541666666663
0 0.3235677083333333 0.3880208333333333 0.04296875 0.0234375
0 0.318359375 0.41341145833333337 0.04036458333333337 0.022135416666666685
0 0.30989583333333337 0.4609375 0.044270833333333315 0.02604166666666663
0 0.29947916666666663 0.48763020833333337 0.049479166666666685 0.024739583333333315
0 0.30208333333333337 0.5384114583333334 0.044270833333333315 0.02734375
0 0.9322916666666667 0.474609375 0.04427083333333337 0.03515625
0 0.9322916666666666 0.41796875 0.046875 0.03385416666666663
0 0.9368489583333333 0.36588541666666663 0.04817708333333337 0.036458333333333315
0 0.9381510416666666 0.33723958333333337 0.04296875 0.033854166666666685
0 0.9368489583333333 0.30859375 0.04817708333333337 0.03125
0 0.9381510416666667 0.28059895833333337 0.05338541666666663 0.037760416666666685
0 0.943359375 0.24934895833333331 0.04817708333333326 0.04036458333333334
0 0.9453125 0.19466145833333331 0.04166666666666674 0.04036458333333334
0 0.9505208333333334 0.15690104166666669 0.0390625 0.04036458333333334
0 0.94921875 0.11848958333333334 0.04427083333333326 0.03645833333333333
0 0.953125 0.0859375 0.0390625 0.0390625
0 0.9544270833333334 0.020182291666666668 0.0390625 0.037760416666666664
0 0.5735677083333333 0.014322916666666668 0.04557291666666663 0.0234375
0 0.91796875 0.720703125 0.04947916666666674 0.04296875
0 0.9153645833333334 0.8079427083333333 0.0390625 0.03255208333333337
0 0.27213541666666663 0.83203125 0.044270833333333315 0.0234375
0 0.2734375 0.8795572916666667 0.04166666666666663 0.02213541666666663
0 0.27278645833333337 0.92578125 0.045572916666666685 0.02083333333333326
0 0.2708333333333333 0.94921875 0.04687499999999997 0.0234375
0 0.2708333333333333 0.9912109375 0.04427083333333334 0.013671875
0 0.140625 0.955078125 0.05729166666666667 0.02213541666666674
0 0.13606770833333334 0.9264322916666667 0.050781250000000014 0.02213541666666663
0 0.138671875 0.9036458333333333 0.04817708333333333 0.02083333333333337
0 0.13606770833333331 0.8782552083333334 0.04557291666666666 0.01953125
0 0.14192708333333334 0.8522135416666667 0.05208333333333333 0.02473958333333337
0 0.142578125 0.828125 0.04557291666666667 0.02083333333333326
0 0.14322916666666666 0.7571614583333333 0.046874999999999986 0.02213541666666663
0 0.1484375 0.7122395833333333 0.05208333333333333 0.02083333333333337
0 0.15299479166666666 0.6608072916666667 0.04296875 0.02213541666666663
0 0.15364583333333331 0.638671875 0.04427083333333334 0.02213541666666674
4 0.5772664835164835 0.9737937843406594 0.03863324175824179 0.037560096153846145
