0 0.5466818337912087 0.16034941620879123 0.05687671703296704 0.02468234890109891
0 0.5413161057692307 0.21132383241758243 0.04614526098901095 0.023609203296703296
0 0.3052240728021978 0.11956988324175825 0.04399896978021978 0.02253605769230768
1 0.3041509271978022 0.5659984546703297 0.03970638736263743 0.09765625
1 0.34224759615384615 0.5520475618131868 0.03434065934065944 0.08477850274725274
0 0.30859375 0.06689453125 0.051562499999999956 0.025585937499999996
0 0.3056640625 0.09462890625 0.045703124999999956 0.017382812499999997
0 0.1333984375 0.09189453125 0.05390624999999999 0.02285156249999999
0 0.1390625 0.0640625 0.04335937499999999 0.019531249999999993
0 0.133203125 0.119140625 0.0546875 0.02070312499999999
0 0.5606278437815975 0.03828046006066737 0.04937120829120323 0.022513270980788674
0 0.09601282768542202 0.5187320172634271 0.05120084718670076 0.023477461636828623
0 0.13185342071611256 0.575052949168798 0.05244964833759588 0.028722426470588314
0 0.12985533887468031 0.6774546435421995 0.054447730179028125 0.02572530370843995
0 0.9157725321888412 0.012766563841201731 0.052809817596566444 0.021375402360515022
0 0.9069708959227467 0.04000972371244637 0.043589055793991416 0.022213653433476397
0 0.9105334629828326 0.07123457618025753 0.04819943669527904 0.020956276824034337
0 0.9031987660944206 0.12991215128755365 0.046103809012875585 0.01927977467811158
0 0.9048752682403434 0.2416091067596567 0.0544863197424893 0.028081410944206048
0 0.9008935756437768 0.38201616148068673 0.05658194742489275 0.02221365343347642
0 0.8948162553648069 0.7497988197424893 0.0544863197424893 0.021794527896995763
0 0.8962831947424892 0.7780897934549356 0.03981692596566522 0.020537151287553734
0 0.8925110649141631 0.8053329533261803 0.04568468347639487 0.02137540236051505
0 0.8914632510729614 0.8298517972103004 0.04778031115879833 0.021794527896995763
0 0.8956545064377682 0.8539515155579399 0.03855954935622319 0.019698900214592197
0 0.8925110649141631 0.8795181732832618 0.05658194742489275 0.022213653433476366
0 0.8935588787553648 0.9038274543991416 0.0544863197424893 0.02137540236051494
0 0.8916728138412018 0.9270889216738197 0.044846432403433556 0.021794527896995763
0 0.8933493159871244 0.9545416443133047 0.04568468347639476 0.020537151287553623
0 0.8941875670600858 0.9801083020386265 0.051552440987124415 0.023051904506437793
