0 0.8662740982587064 0.3609880286069651 0.05150031094527363 0.0204057835820895
0 0.8696750621890545 0.3352378731343283 0.048585199004975155 0.027207711442786053
0 0.8755052860696517 0.29685556592039797 0.05052860696517414 0.022349191542288538
0 0.8755052860696517 0.2696478544776119 0.05052860696517414 0.024292599502487522
0 0.8779345460199004 0.24049673507462682 0.0553871268656716 0.022349191542288538
0 0.8808496579601989 0.21037391169154226 0.04955690298507465 0.022349191542288538
0 0.8832789179104477 0.18170864427860695 0.04664179104477606 0.02526430348258707
0 0.884736473880597 0.15401508084577115 0.05150031094527363 0.022349191542288566
0 0.884736473880597 0.12972248134328357 0.057330534825870694 0.024292599502487564
0 0.882307213930348 0.10008550995024874 0.05052860696517414 0.021377487562189046
0 0.8769628420398009 0.07336365049751242 0.04761349502487566 0.02040578358208954
0 0.8832789179104477 0.05004275497512437 0.044698383084577076 0.020405783582089554
0 0.8818213619402984 0.027207711442786067 0.04955690298507465 0.023320895522388058
0 0.8857081778606964 0.007773631840796019 0.04761349502487566 0.013603855721393034
4 0.9432091346153846 0.1329842032967033 0.042925824175824356 0.04292582417582416
