0 0.03635275900900905 0.36495284346846846 0.041349943693693686 0.03343186936936937
0 0.038992117117117156 0.4199394707207207 0.057186092342342336 0.04134994369369366
0 0.03151393581081085 0.5404701576576576 0.049268018018018014 0.0395903716216216
0 0.024035754504504545 0.5989759290540541 0.04662865990990991 0.0404701576576576
0 0.024915540540540584 0.6315280123873874 0.039590371621621614 0.03167229729729737
0 0.03151393581081085 0.7327034065315315 0.049268018018018014 0.0369510135135136
0 0.027994791666666706 0.7709740990990992 0.051027590090090086 0.03431165540540537
0 0.02491554054054058 0.7986873592342343 0.044869087837837836 0.03343186936936937
0 0.02491554054054058 0.8286000844594594 0.044869087837837836 0.0387105855855856
0 0.02271607545045049 0.8571931306306306 0.0439893018018018 0.03431165540540548
0 0.01831714527027031 0.889745213963964 0.033431869369369364 0.030792511261261257
0 0.017420694269521423 0.9211985398299748 0.034841388539042846 0.03380332965994959
0 0.023772040302267025 0.9427739294710327 0.04378542191435768 0.031978117128463546
0 0.30988198138297873 0.8843916223404256 0.028050199468085124 0.05298371010638292
4 0.5241457760989011 0.4441964285714286 0.14916723901098905 0.15024038461538464
4 0.4801468063186813 0.7731155563186813 0.21355597527472525 0.21570226648351642
4 0.9405262706043956 0.508048592032967 0.11482657967032961 0.2564817994505495
4 0.9835057520604396 0.849856198489011 0.029082245879120894 0.12450635302197799
4 0.7226777129120879 0.1802026098901099 0.031121222527472403 0.030048076923076927
4 0.7672132554945055 0.1850317651098901 0.042925824175824356 0.039706387362637374
4 0.7607743818681318 0.23707932692307693 0.042925824175824356 0.04292582417582416
