1 0.5736959804832714 0.24714654972118957 0.0315839916356877 0.14957016728624534
0 0.4747691101301115 0.3359084572490706 0.05663336431226773 0.03303612918215615
0 0.4831189010223048 0.3742085850371747 0.0399337825278811 0.03267309479553904
0 0.4754951789033457 0.43955477462825276 0.04283805762081783 0.021782063197026025
0 0.4764027648698884 0.46914207713754646 0.04973571096654278 0.022145097583643136
0 0.638860652881041 0.5295873025092938 0.02032992565055769 0.05155088289962828
0 0.47712883364312264 0.5165180645910781 0.04465322955390333 0.022508131970260248
0 0.4773103508364312 0.5506432969330856 0.04356412639405205 0.022508131970260248
0 0.47712883364312264 0.5795045306691451 0.05554426115241634 0.022145097583643136
0 0.4843895213754647 0.6232501742565056 0.047557504646840276 0.02323420074349447
0 0.48075917750929364 0.658646026951673 0.04392716078066922 0.024323303903345805
0 0.5971116984200744 0.7158239428438662 0.04356412639405205 0.022508131970260248
0 0.48075917750929364 0.7575728973048328 0.04174895446096655 0.02032992565055769
0 0.47676579925650553 0.7808070980483273 0.041022885687732324 0.01815171933085502
0 0.5844054948884758 0.7793549605018588 0.04429019516728616 0.02032992565055769
0 0.5824088057620818 0.8078531598513011 0.04392716078066916 0.02577544144981414
0 0.5834979089219332 0.8368959107806693 0.042475023234200715 0.02287116635687736
0 0.5798675650557621 0.8644865241635689 0.04174895446096649 0.022145097583643136
0 0.4813037290892193 0.80549343633829 0.039933782527881045 0.02032992565055769
0 0.4789440055762082 0.8307243262081785 0.046105367100371775 0.021419028810408913
0 0.4753136617100372 0.8793709340148699 0.04247502323420077 0.021419028810408913
0 0.4764027648698884 0.9033312035315986 0.04537929832713755 0.019966891263940578
0 0.5840424605018588 0.9000638940520447 0.05082481412639406 0.02577544144981414
0 0.4727724210037174 0.9260208526951673 0.041022885687732324 0.019603856877323356
0 0.5862206668215614 0.9291066449814127 0.047920539033457166 0.02287116635687736
0 0.47331697258364314 0.9761195980483272 0.04429019516728622 0.02032992565055758
0 0.5907585966542752 0.9568787755576209 0.04320109200743494 0.02032992565055769
0 0.5883988731412639 0.9799314591078068 0.04646840148698883 0.022145097583643136
