1 0.04782196969696974 0.6751893939393938 0.08167613636363635 0.03432765151515149
0 0.23070549242424246 0.7231297348484849 0.052083333333333315 0.02840909090909094
0 0.3165246212121212 0.6947206439393938 0.050899621212121215 0.021306818181818232
0 0.3845880681818182 0.734375 0.05445075757575757 0.027225378787878785
0 0.4491003787878788 0.6994554924242423 0.04379734848484845 0.02367424242424243
0 0.5574100378787878 0.7527225378787878 0.04971590909090906 0.02840909090909094
0 0.6716382575757576 0.6740056818181818 0.0414299242424242 0.024857954545454586
1 0.8551136363636362 0.6953125 0.22372159090909094 0.05563446969696961
1 0.833214962121212 0.6231060606060606 0.078125 0.0390625
1 0.7633759469696969 0.22715435606060608 0.02840909090909083 0.08285984848484848
0 0.29213408119658124 0.062182825854700856 0.02670940170940167 0.017528044871794865
0 0.7716513087606838 0.018362713675213676 0.04256810897435892 0.01836271367521368
0 0.7699819711538463 0.11727096688034189 0.05091479700854695 0.022536057692307696
0 0.7783286591880343 0.14815371260683763 0.05592280982905973 0.025874732905982883
0 0.8572048611111112 0.5300146901709402 0.05508814102564097 0.023370726495726468
0 0.7845886752136753 0.5321013621794872 0.04173344017094016 0.019197382478632452
0 0.7061298076923077 0.5333533653846154 0.048410790598290565 0.028378739316239354
0 0.5738348023504274 0.5229200053418803 0.04423744658119655 0.019197382478632563
0 0.43830422794117646 0.5170036764705883 0.04710477941176472 0.022977941176470673
0 0.283203125 0.4986213235294118 0.04710477941176472 0.020680147058823595
0 0.1418887867647059 0.49172794117647056 0.04250919117647059 0.02068014705882354
0 0.21886488970588236 0.6083409926470589 0.04250919117647059 0.02182904411764708
0 0.3412224264705882 0.6146599264705883 0.04595588235294118 0.022977941176470673
0 0.3814338235294118 0.5859375 0.0436580882352941 0.022977941176470562
0 0.5261948529411765 0.5951286764705883 0.04365808823529416 0.018382352941176516
0 0.5514705882352942 0.6313189338235294 0.04365808823529416 0.017233455882353033
0 0.6198299632352942 0.6060431985294117 0.0494025735294118 0.02182904411764708
0 0.7295496323529411 0.612936580882353 0.045955882352941235 0.02182904411764708
0 0.7387408088235294 0.6462545955882353 0.0390625 0.02182904411764708
0 0.9093520220588236 0.6272977941176471 0.03561580882352944 0.020680147058823595
0 0.9616268382352942 0.634765625 0.048253676470588314 0.02182904411764708
0 0.9363511029411764 0.6623391544117647 0.0482536764705882 0.024126838235294157
4 0.1308379120879121 0.22527472527472528 0.25970123626373626 0.28760302197802196
4 0.8954541552197802 0.2574690934065934 0.15989869505494503 0.16311813186813184
