0 0.33952883790737565 0.5301511578044598 0.023785913379073764 0.04991691680960553
0 0.32663084262435677 0.8505909626929674 0.024790951972555764 0.052262006861063526
0 0.31978317967409947 0.9797635479202401 0.024496140651801057 0.03656665415951976
0 0.14119282581453635 0.5249647556390977 0.05433505639097744 0.023985745614035103
0 0.045494595864661674 0.907268170426065 0.017622180451127817 0.03377584586466165
0 0.1340950031328321 0.3893718671679198 0.052866541353383464 0.023985745614035103
0 0.13189223057644112 0.4172736528822055 0.0484609962406015 0.024964755639097724
0 0.1260181704260652 0.44395167606516295 0.04846099624060152 0.023496240601503737
0 0.12357064536340853 0.47136395676691734 0.0484609962406015 0.021538220551378495
0 0.16273104636591482 0.22612194548872183 0.04552396616541354 0.022517230576441116
0 0.1634653038847118 0.25402373120300753 0.04699248120300753 0.023496240601503765
0 0.15832550125313288 0.16933936403508776 0.04650297619047619 0.02251723057644109
0 0.15514371867167923 0.13923480576441105 0.046013471177944854 0.023006735588972427
1 0.3592673088972431 0.08416549185463662 0.030349310776942362 0.09888001253132833
