0 0.3177472014925373 0.07919387437810944 0.02526430348258707 0.04372667910447761
0 0.3211481654228855 0.16470382462686567 0.02623600746268656 0.04372667910447761
0 0.31628964552238803 0.23272310323383083 0.030122823383084585 0.05733053482587061
0 0.31191697761194026 0.30025652985074625 0.02720771144278611 0.05052860696517414
0 0.31240282960199006 0.3726484763681591 0.02623600746268656 0.04567008706467662
0 0.31143112562189046 0.4411536069651741 0.02623600746268656 0.044698383084577076
0 0.306572605721393 0.5106304415422884 0.026236007462686617 0.043726679104477584
0 0.3056009017412935 0.5815648320895521 0.024292599502487577 0.05538712686567171
0 0.30219993781094523 0.6534709266169153 0.031094527363184077 0.05150031094527363
1 0.47102506868131866 0.952867445054945 0.16526442307692313 0.038633241758241677
