0 0.2213924632352941 0.2502585018382353 0.02182904411764705 0.04739200367647062
0 0.21320421144121365 0.3799976295828066 0.022963416561314787 0.05333438685208597
0 0.1294988542983565 0.5053087468394438 0.0219757427307206 0.04518607774968403
0 0.19900640012642223 0.5792608249051834 0.018271965865992418 0.03802544247787609
0 0.13135074273072062 0.6506202591656132 0.020247313527180788 0.04839601769911506
0 0.19135192793931732 0.6904975900758534 0.020247313527180788 0.046667588495575174
0 0.19382111251580278 0.7606224320480406 0.02419800884955753 0.05012444690265483
0 0.1588821507585335 0.7695114965233881 0.020988068900126416 0.04469224083438683
0 0.1556722108091024 0.8556860382427307 0.02148190581542353 0.046667588495575285
0 0.19530262326169406 0.8529699352085968 0.019753476611883702 0.046667588495575174
0 0.15200772849462368 0.941448252688172 0.021841397849462374 0.05166330645161299
0 0.19086021505376347 0.9460685483870968 0.021421370967741937 0.0390625
