1 0.3752170138888889 0.7159288194444444 0.1996527777777778 0.05642361111111116
1 0.4533420138888889 0.771267361111111 0.22135416666666663 0.05859375
1 0.1994357638888889 0.40993923611111105 0.034722222222222265 0.16927083333333331
1 0.19401041666666669 0.19835069444444445 0.036892361111111105 0.18012152777777773
1 0.18641493055555555 0.04210069444444446 0.03472222222222221 0.0802951388888889
1 0.1072048611111111 0.07899305555555557 0.032552083333333315 0.15407986111111113
1 0.15494791666666669 0.17513020833333334 0.026041666666666657 0.08984375
0 0.15364583333333334 0.08203125 0.0234375 0.046875
0 0.15248451576576583 0.02007671734234238 0.02023507882882883 0.03695101351351351
0 0.09837767454954958 0.23958333333333337 0.017595720720720714 0.0395903716216216
0 0.15556376689189194 0.27301520270270274 0.022874436936936943 0.04310951576576577
0 0.14632601351351357 0.3425182995495496 0.02375422297297297 0.04310951576576577
0 0.14676590653153157 0.40850225225225223 0.021114864864864857 0.046628659909909886
0 0.1472057995495496 0.48592342342342343 0.021994650900900914 0.041349943693693714
0 0.12125211148648651 0.5083579673423424 0.024634009009009014 0.04926801801801811
0 0.3214034346846847 0.25102055180180183 0.05190737612612617 0.023754222972972944
0 0.3231630067567568 0.2778540259009009 0.051907376126126115 0.024634009009009028
0 0.3205236486486487 0.3029279279279279 0.05718609234234234 0.02375422297297297
0 0.32096354166666663 0.3275619369369369 0.05454673423423423 0.016715934684684686
0 0.32536247184684686 0.3605539132882883 0.05278716216216217 0.035191441441441484
0 0.3403188344594595 0.3803490990990991 0.04750844594594594 0.03431165540540537
0 0.3513161599099099 0.39838471283783783 0.05014780405405406 0.035191441441441484
0 0.36759220157657657 0.42125914977477474 0.04574887387387383 0.04222972972972977
0 0.3794693130630631 0.4414942286036036 0.039590371621621656 0.029912725225225256
0 0.39838471283783783 0.47008727477477474 0.04574887387387383 0.03431165540540543
0 0.4190596846846847 0.4942813907657657 0.0395903716216216 0.031672297297297314
0 0.45601069819819817 0.46084952139639634 0.0395903716216216 0.04047015765765766
0 0.44765273085585583 0.5043989301801802 0.0387105855855856 0.04134994369369377
0 0.47712556306306303 0.5211148648648649 0.021994650900900914 0.04310951576576583
0 0.5030792511261262 0.5347515484234234 0.024634009009009028 0.05102759009009006
0 0.5290329391891893 0.5431095157657658 0.02551379504504503 0.04662865990990994
0 0.5541068412162162 0.5554265202702703 0.022874436936936915 0.048388231981981944
0 0.5848993524774775 0.5576259853603605 0.022874436936936915 0.05278716216216217
0 0.49032235360360366 0.4577702702702703 0.023754222972973082 0.05542652027027023
0 0.41642032657657657 0.39090653153153154 0.055426520270270285 0.03431165540540543
0 0.40234375 0.36583262950450446 0.04486908783783783 0.026393581081081086
0 0.3829884572072072 0.33504011824324326 0.05366694819819817 0.028153153153153143
0 0.36187359234234234 0.24662162162162163 0.03431165540540537 0.05542652027027023
0 0.38518792229729726 0.24662162162162166 0.03695101351351354 0.04838823198198197
0 0.4129011824324324 0.24618172860360363 0.030792511261261257 0.052787162162162116
0 0.4436936936936937 0.25058065878378377 0.025513795045045085 0.04398930180180177
0 0.4683277027027027 0.24926097972972977 0.021994650900900914 0.037830799549549515
0 0.4969207488738739 0.25190033783783783 0.028153153153153254 0.03959037162162157
0 0.5180356137387387 0.2453019425675676 0.022874436936936915 0.029912725225225173
0 0.547508445945946 0.24266258445945948 0.023754222972972916 0.05102759009009006
0 0.5717025619369369 0.24222269144144146 0.022874436936937026 0.050147804054054
0 0.6139322916666667 0.24706151463963966 0.022874436936936915 0.05278716216216214
0 0.6376865146396398 0.24750140765765768 0.024634009009009028 0.046628659909909886
0 0.6640800957207207 0.24222269144144146 0.022874436936937026 0.04486908783783777
0 0.6895938907657657 0.24442215653153154 0.021114864864864802 0.047508445945945915
0 0.7291842623873874 0.30600717905405406 0.0404701576576576 0.036951013513513487
0 0.720826295045045 0.3438379786036036 0.04662865990990994 0.021114864864864913
0 0.7234656531531531 0.37419059684684686 0.0395903716216216 0.02551379504504503
0 0.720386402027027 0.403223536036036 0.042229729729729715 0.025513795045045085
0 0.7195066159909911 0.43049690315315314 0.049268018018017945 0.021994650900900914
0 0.719946509009009 0.5118771114864865 0.041349943693693714 0.03519144144144143
0 0.547508445945946 0.3165646114864865 0.04662865990990983 0.024634009009008973
0 0.6121727195945945 0.32316300675675674 0.04750844594594594 0.02551379504504503
0 0.5523472691441442 0.3389991554054054 0.04750844594594594 0.02199465090090086
0 0.6099732545045046 0.3504363738738739 0.05366694819819817 0.027273367117117142
0 0.5523472691441442 0.36671241554054057 0.05278716216216217 0.021114864864864857
0 0.5505876970720721 0.3931059966216216 0.05278716216216206 0.022874436936936915
0 0.5466286599099099 0.41686021959459457 0.055426520270270174 0.024634009009009028
0 0.5466286599099099 0.44061444256756754 0.05190737612612617 0.024634009009009028
0 0.5338717623873874 0.4648085585585585 0.04574887387387383 0.02375422297297297
0 0.5356313344594594 0.49076224662162166 0.04574887387387394 0.022874436936937026
0 0.6068940033783784 0.3812288851351351 0.04574887387387383 0.02375422297297297
0 0.6077737894144144 0.4124612894144144 0.05278716216216217 0.026393581081081086
0 0.6046945382882882 0.4384149774774775 0.05014780405405406 0.021994650900900914
0 0.6002956081081081 0.46568834459459457 0.05190737612612617 0.021994650900900914
0 0.6033748592342343 0.49120213963963966 0.049268018018018056 0.020235078828828856
0 0.6077737894144144 0.5193552927927929 0.05454673423423417 0.021994650900900914
0 0.6517630912162162 0.3728709177927928 0.021114864864864913 0.04750844594594594
0 0.646044481981982 0.5004398930180181 0.02551379504504503 0.04926801801801811
0 0.6306482263513513 0.5549866272522523 0.04750844594594594 0.024634009009009028
0 0.6302083333333334 0.5835796734234234 0.055426520270270174 0.02551379504504503
0 0.6772768862612613 0.6024950731981982 0.0404701576576576 0.022874436936937026
0 0.7410613738738738 0.6055743243243243 0.04662865990990983 0.036071227477477485
0 0.8206820101351351 0.6073338963963965 0.03871058558558549 0.041349943693693714
0 0.8593925957207207 0.6090934684684686 0.04047015765765771 0.04310951576576583
0 0.8857861768018018 0.6183312218468469 0.042229729729729715 0.04398930180180183
0 0.9205377252252251 0.620970579954955 0.0378307995495496 0.036951013513513487
0 0.9715653153153153 0.6297684403153154 0.030792511261261257 0.04047015765765771
0 0.9911845439189189 0.6368507179054055 0.013724662162162171 0.038798564189189144
0 0.7868102477477478 0.7217060810810811 0.05366694819819817 0.02551379504504503
0 0.9222972972972974 0.7406214808558559 0.055426520270270285 0.02639358108108114
0 0.9231770833333334 0.7758129222972974 0.048388231981981944 0.02639358108108103
0 0.0816617398648649 0.9434121621621622 0.024634009009009 0.05190737612612617
0 0.13400900900900903 0.9165786880630631 0.02023507882882883 0.04750844594594594
0 0.35923423423423423 0.8338788006756757 0.0395903716216216 0.0193552927927928
0 0.36143369932432434 0.7960480011261262 0.03519144144144143 0.024634009009009028
0 0.43797508445945943 0.8044059684684685 0.042229729729729715 0.030792511261261257
0 0.41730011261261263 0.8413569819819819 0.04486908783783783 0.023754222972972916
0 0.5105574324324325 0.8140836148648649 0.04486908783783794 0.021994650900900914
0 0.4960409628378379 0.8492750563063063 0.04574887387387394 0.021994650900900914
0 0.6253695101351352 0.8220016891891893 0.049268018018018056 0.027273367117117142
0 0.7643757038288288 0.8347585867117118 0.049268018018017945 0.024634009009009028
0 0.6878343186936937 0.8717096002252251 0.04574887387387383 0.024634009009009028
0 0.9280159065315315 0.8910648930180181 0.0369510135135136 0.024634009009009028
0 0.9473711993243243 0.24178279842342343 0.05278716216216217 0.024634009009009
0 0.9803631756756757 0.2677364864864865 0.03431165540540537 0.02375422297297297
1 0.10645604395604397 0.0761504120879121 0.03708791208791207 0.1523008241758242
