0 0.8699100378787878 0.19026199494949497 0.04471801346801352 0.026962331649831667
0 0.894570707070707 0.22149884259259262 0.04537563131313138 0.026304713804713803
0 0.8942418981481481 0.24846117424242425 0.046033249158249245 0.028935185185185203
0 0.8205459412350598 0.7999252988047808 0.02100971115537853 0.05291334661354585
0 0.8650605366492147 0.5766933900523561 0.0327225130890052 0.05317408376963351
0 0.8901137107329843 0.6114610602094241 0.03783540575916233 0.05317408376963351
0 0.916700752617801 0.630890052356021 0.039880562827225186 0.03885798429319365
0 0.937663612565445 0.6564545157068062 0.042948298429319354 0.044993455497382207
0 0.9642506544502618 0.6769060863874345 0.0327225130890052 0.03885798429319376
0 0.9816344895287958 0.7014479712041886 0.030677356020942348 0.0409031413612565
1 0.07288804945054947 0.7854567307692308 0.143801510989011 0.042925824175824134
1 0.5761933379120878 0.49946342719780223 0.15024038461538447 0.046145260989011005
