0 0.7765499665775402 0.2685982063279857 0.06092635918003564 0.026807598039215674
0 0.9020582664884136 0.28304645721925137 0.020889037433155067 0.05082999108734404
0 0.925558433600713 0.28513536096256686 0.019148284313725505 0.038296568627450955
0 0.9516697303921569 0.284439059714795 0.019148284313725505 0.045955882352941124
0 0.9749958221925134 0.28617981283422456 0.021237188057041 0.04665218360071305
0 0.7054975076687117 0.45167114008179954 0.023565311860940685 0.05032592024539878
0 0.7408454754601228 0.518372955010225 0.021568251533742422 0.047130623721881426
0 0.7939672801635993 0.5229661937627812 0.023964723926380382 0.045932387525562446
0 0.9537321063394684 0.5629074003067485 0.020769427402862917 0.04513356339468311
0 0.9818906569529653 0.5595123977505113 0.021967663599182008 0.04074003067484666
0 0.9251741436605317 0.5605109279141105 0.019571191206543936 0.03714532208588961
0 0.8657571445167287 0.08795597118959106 0.018877788104089244 0.04828357342007435
0 0.4848059582743989 0.7962838136492221 0.042543316831683164 0.046134635785007094
0 0.4035868988684583 0.7932450053041018 0.03204561527581329 0.04447710396039595
0 0.3754088578500707 0.7958694306930693 0.0348081683168317 0.04917344413012725
1 0.32942488386824326 0.6190944362331081 0.07885082347972971 0.028703019425675658
1 0.33387880067567566 0.6517564928209459 0.06994298986486486 0.024743982263513598
0 0.34773543074324326 0.6786449535472974 0.04354940878378377 0.017815667229729715
0 0.32843512457770274 0.5918760557432432 0.03992029138513514 0.017815667229729715
0 0.1354320629222973 0.7825696790540541 0.020784945101351343 0.03893053209459452
0 0.164794921875 0.7858688766891893 0.0273833403716216 0.04354940878378388
0 0.19283810177364863 0.779930320945946 0.024743982263513514 0.04750844594594594
0 0.22912927576013514 0.7840543179898649 0.023424303209459457 0.045199007601351426
0 0.17007363809121623 0.9430756440033784 0.058395798141891886 0.022104624155405483
0 0.23209855363175674 0.9782120988175675 0.044539168074324315 0.02045502533783783
0 0.38996516047297297 0.9886045713682432 0.0428895692567568 0.018805426520270285
1 0.5531424906716418 0.9564482276119403 0.1938549440298507 0.03381529850746268
0 0.024915540540540588 0.022073154885654932 0.02233303014553014 0.041011564449064446
0 0.019433796777546825 0.07973297817047821 0.022739085239085237 0.04669633575883575
0 0.016794438669438718 0.12967775467775472 0.01989669958419958 0.03857523388773389
0 0.016794438669438718 0.1899769360706861 0.023145140332640327 0.04791450103950104
0 0.012530860187110237 0.24966703482328484 0.02111486486486486 0.047102390852390846
0 0.012530860187110237 0.30407841735966734 0.020302754677754675 0.044666060291060294
