1 0.45572916666666663 0.09425528606965174 0.029151119402985093 0.06413246268656717
1 0.4066581156716418 0.09474113805970148 0.02623600746268656 0.05733053482587064
1 0.1732271634615385 0.21604567307692307 0.15174278846153846 0.04807692307692307
0 0.3800115067829457 0.0953700339147287 0.018168604651162823 0.03936531007751938
0 0.3512445494186046 0.09423449612403102 0.018168604651162823 0.041636385658914726
0 0.3258842054263566 0.09309895833333334 0.02346778100775193 0.04087936046511627
0 0.301280886627907 0.08969234496124032 0.021196705426356544 0.044664486434108516
0 0.27667756782945735 0.09461300872093026 0.021953730620155043 0.03633720930232558
0 0.2528312742248062 0.09044937015503877 0.022710755813953487 0.04466448643410853
0 0.22595687984496124 0.08250060562015504 0.021953730620155043 0.04542151162790699
0 0.20059653585271317 0.08287911821705428 0.0211967054263566 0.04012233527131784
0 0.17485767926356588 0.08515019379844962 0.022710755813953487 0.03860828488372092
0 0.12678657945736435 0.08439316860465117 0.021953730620155043 0.05526283914728682
0 0.07379481589147288 0.08136506782945738 0.02043968023255814 0.046178536821705425
0 0.04843447189922481 0.0832576308139535 0.022710755813953487 0.04087936046511628
0 0.025345203488372103 0.07909399224806203 0.020439680232558138 0.04920663759689923
1 0.580140282443423 0.014492353253182471 0.09387431488684583 0.028984706506364942
