0 0.24620106456043958 0.04820570054945056 0.05258413461538464 0.03004807692307692
0 0.19415350274725277 0.09757039835164837 0.07082760989010989 0.030048076923076927
0 0.24459134615384617 0.12815504807692307 0.051510989010988995 0.02468234890109891
0 0.24512791895604397 0.14854481456043958 0.04829155219780221 0.024682348901098883
0 0.3642470810439561 0.1517642513736264 0.05473042582417581 0.035413804945054916
0 0.4227335164835165 0.15659340659340662 0.05365728021978022 0.030048076923076927
0 0.3626373626373627 0.05410800137362638 0.05365728021978017 0.026828640109890105
0 0.4189775068681319 0.0321085164835165 0.04399896978021978 0.021462912087912085
0 0.5445355425824177 0.03747424450549452 0.06760817307692302 0.023609203296703293
0 0.6008756868131868 0.16464199862637363 0.072973901098901 0.02468234890109891
0 0.7157022664835164 0.16678828983516486 0.0643887362637362 0.028974931318681313
0 0.8176510989010989 0.1807391826923077 0.03863324175824179 0.041852678571428575
0 0.8949175824175823 0.1748368818681319 0.0643887362637362 0.023609203296703296
0 0.8965273008241759 0.15069110576923078 0.05258413461538469 0.02682864010989011
0 0.9550137362637363 0.10132640796703297 0.05794986263736257 0.02682864010989011
0 0.9555503090659341 0.05410800137362639 0.048291552197802234 0.022536057692307696
0 0.7210679945054945 0.047669127747252765 0.06224244505494503 0.02897493131868132
0 0.7661401098901099 0.09596067994505496 0.05580357142857151 0.028974931318681313
0 0.7677498282967032 0.14639852335164838 0.05258413461538469 0.024682348901098883
