3 0.660070711678832 0.7477474908759123 0.07128193430656926 0.06985629562043794
3 0.7121065237226276 0.0648665602189781 0.06415374087591241 0.06700501824817517
3 0.26588161496350365 0.16751254562043794 0.0670050182481752 0.07270757299270073
3 0.11690237226277371 0.355696852189781 0.0741332116788321 0.08126140510948904
1 0.46845703125 0.5194335937500001 0.0322265625 0.018945312499999978
1 0.459375 0.5392578125 0.03281249999999997 0.017968749999999978
1 0.4560546875 0.55009765625 0.03281250000000002 0.0185546875
1 0.453125 0.55986328125 0.03164062499999998 0.016210937500000022
1 0.44999999999999996 0.5681640625 0.03007812500000001 0.016406250000000067
1 0.446875 0.5787109375 0.03046874999999999 0.016796875000000044
