0 0.5358452164239482 0.030655845469255667 0.038872876213592256 0.02085861650485437
0 0.5249418487055016 0.13305269012944984 0.04361347087378631 0.024651092233009708
0 0.5162507584951457 0.18472517192556637 0.03824079692556631 0.019910497572815516
0 0.5187790756472492 0.21158854166666669 0.04266535194174753 0.023702973300970875
0 0.4691329656862745 0.4903701537433155 0.01984458556149732 0.04282252673796788
0 0.467044061942959 0.6150080770944741 0.05326704545454547 0.02262979055258474
0 0.4611255013368984 0.6466897838680926 0.04700033422459893 0.03098540552584672
0 0.4599069741532976 0.7010012811942958 0.02645944741532974 0.047696635472370796
0 0.4376253342245989 0.7523534982174688 0.04177807486631019 0.02019273618538331
0 0.5472023894948335 0.9581210533869116 0.03475710390355913 0.020630022962112582
0 0.5413721656142365 0.9845813002296211 0.04731450918484503 0.02421785304247992
0 0.4194980625717566 0.9717996555683122 0.04215700344431683 0.02242393800229625
