1 0.7435438368055556 0.07893880208333333 0.02983940972222221 0.07649739583333334
3 0.7533094618055556 0.21077473958333331 0.1025390625 0.12641059027777776
0 0.5183919270833334 0.1787651909722222 0.045030381944444475 0.0244140625
0 0.52734375 0.06293402777777778 0.04340277777777779 0.024956597222222217
0 0.3740776909722222 0.2891710069444444 0.041775173611111105 0.026041666666666685
0 0.3691948784722222 0.34016927083333337 0.04503038194444442 0.021701388888888895
0 0.3675672743055556 0.3662109375 0.055881076388888895 0.027126736111111105
0 0.3515625 0.4975043402777778 0.041232638888888895 0.023871527777777735
0 0.3241644965277778 0.6903754340277778 0.045030381944444475 0.0244140625
0 0.5387369791666667 0.8528645833333333 0.02387152777777779 0.04665798611111105
0 0.5650499131944444 0.8531358506944444 0.02332899305555558 0.04177517361111116
0 0.28537326388888884 0.8222113715277777 0.021701388888888895 0.04937065972222221
0 0.2606879340277778 0.8203125 0.023328993055555525 0.04557291666666663
0 0.234375 0.8124457465277778 0.02495659722222221 0.0439453125
0 0.028241131756756757 0.8403716216216216 0.0269214527027027 0.05173141891891886
0 0.009765625 0.9751636402027026 0.01953125 0.04576646959459463
