0 0.611201803482587 0.3031716417910447 0.0563588308457712 0.02526430348258707
0 0.5052860696517413 0.20454368781094523 0.019434079601990117 0.04372667910447761
0 0.5305503731343283 0.21280317164179102 0.021377487562189046 0.04469838308457713
0 0.5577580845771144 0.19919931592039797 0.019434079601990062 0.04858519900497513
0 0.5864233519900497 0.20065687189054723 0.020405783582089554 0.04567008706467662
0 0.6082866915422885 0.14867070895522386 0.021377487562189046 0.046641791044776115
0 0.6160603233830845 0.20405783582089548 0.021377487562189046 0.044698383084577104
0 0.6350085509950247 0.15158582089552236 0.01846237562189057 0.036924751243781084
0 0.6597870024875621 0.14769900497512436 0.021377487562189157 0.046641791044776115
0 0.6729050062189055 0.21231731965174128 0.024292599502487522 0.0417832711442786
0 0.6884522699004973 0.16421797263681592 0.01846237562189057 0.044698383084577104
0 0.6986551616915422 0.21377487562189051 0.019434079601990062 0.05052860696517411
0 0.7219760572139302 0.1632462686567164 0.017490671641790967 0.04275497512437809
0 0.7263487251243781 0.21814754353233828 0.022349191542288538 0.043726679104477584
0 0.7676461442786069 0.14672730099502485 0.029151119402985093 0.0466417910447761
0 0.7963114116915422 0.14769900497512436 0.020405783582089554 0.05052860696517414
0 0.7977689676616915 0.20988805970149252 0.02332089552238803 0.04081156716417911
0 0.9532416044776119 0.3498134328358209 0.021377487562189046 0.04469838308457713
0 0.8507268345771144 0.14672730099502485 0.022349191542288538 0.044698383084577104
1 0.9095149253731343 0.16956234452736316 0.03303793532338306 0.06316075870646765
