3 0.12456597222222224 0.6703559027777778 0.10633680555555558 0.12586805555555558
0 0.10221354166666666 0.7591145833333333 0.03255208333333333 0.04947916666666663
0 0.4680989583333333 0.6940104166666666 0.05078125 0.03125
0 0.5651041666666667 0.7044270833333333 0.04947916666666663 0.02604166666666663
0 0.5618489583333333 0.7311197916666666 0.05598958333333337 0.03515625
0 0.60546875 0.6510416666666666 0.02083333333333326 0.046875
0 0.6145833333333333 0.5670572916666667 0.01822916666666663 0.04817708333333337
0 0.6946614583333334 0.6529947916666666 0.05078125 0.03515625
0 0.7242687136627908 0.36089662063953487 0.04769258720930236 0.03179505813953487
0 0.7561526557507987 0.04915884584664536 0.04617611821086254 0.022464057507987224
0 0.6591204073482428 0.031374800319488805 0.03556809105431313 0.023088059105431314
