0 0.07426553143712575 0.3374111152694611 0.024560254491017966 0.04093375748502992
0 0.10876684131736528 0.3333177395209581 0.028068862275449108 0.03508607784431139
0 0.0964867140718563 0.3736667290419162 0.040933757485029934 0.022221182634730552
0 0.10350392964071857 0.398811751497006 0.033916541916167664 0.021051646706586824
0 0.06490924401197605 0.46138192365269465 0.022221182634730545 0.043272829341317376
0 0.12104696856287427 0.4607971556886228 0.019882110778443124 0.03976422155688625
0 0.14326815119760478 0.4625514595808383 0.019882110778443124 0.03859468562874252
0 0.16899794161676646 0.4660600673652695 0.019882110778443124 0.03859468562874252
0 0.1982363398203593 0.4619666916167665 0.022221182634730552 0.04912050898203596
0 0.22104229041916168 0.46898390718562877 0.018712574850299396 0.044442365269461104
0 0.2438482410179641 0.46722960329341323 0.02456025449101798 0.04795097305389223
0 0.2695780314371258 0.4683991392215569 0.019882110778443096 0.043272829341317376
0 0.29121444610778446 0.4660600673652695 0.02572979041916168 0.04795097305389223
0 0.3157747005988024 0.47132297904191617 0.018712574850299424 0.04210329341317365
0 0.49062032185628746 0.5368169910179641 0.029238398203592864 0.04678143712574845
0 0.5210282559880239 0.5344779191616766 0.024560254491017952 0.04678143712574856
0 0.013449663173652695 0.7227732035928144 0.019882110778443114 0.05145958083832336
0 0.009941055389221557 0.78125 0.019882110778443114 0.04678143712574856
0 0.5929547155688624 0.5268759356287426 0.06081586826347307 0.026899326347305408
0 0.38608284883720934 0.5276465600775193 0.024224806201550375 0.04996366279069775
1 0.34596051356589147 0.5390019379844961 0.043907461240310086 0.06359011627906974
1 0.2372414568345324 0.09532374100719429 0.09554856115107913 0.039343525179856106
