0 0.7489527274951076 0.24366285469667318 0.03936827299412915 0.021786325831702535
0 0.6287457191780821 0.2400318003913894 0.042808219178082196 0.017581947162426614
0 0.5767643101761253 0.23773850293542073 0.05121697651663404 0.01911081213307242
0 0.42160131369426745 0.234375 0.04752189490445863 0.017914012738853485
0 0.3729597929936305 0.23039410828025475 0.04080414012738853 0.020402070063694266
0 0.3249402866242038 0.23014530254777069 0.04926353503184716 0.018909235668789826
0 0.3152368630573248 0.3115047770700637 0.045780254777070095 0.019406847133757954
0 0.3729597929936306 0.3154856687898089 0.04528264331210191 0.02139729299363058
0 0.44262539808917195 0.32568670382165604 0.04727308917197448 0.020899681528662395
0 0.294921875 0.43583984374999996 0.021874999999999978 0.04121093749999999
0 0.07523830581761007 0.4391460298742138 0.02211084905660378 0.039922366352201255
0 0.07431702044025157 0.4911986536949685 0.020268278301886794 0.03593012971698112
0 0.16874877161949686 0.5722717669025157 0.023646324685534598 0.047599744496855334
0 0.16644555817610063 0.6303127456761006 0.01965408805031446 0.04330041273584906
0 0.07109252161949685 0.6105051100628931 0.019961183176100628 0.04729264937106914
0 0.2464438384433962 0.6699280169025157 0.04145784198113206 0.038386890723270506
0 0.24936124213836477 0.7070865271226414 0.041764937106918254 0.03347336871069173
0 0.15953591784591195 0.7589856033805031 0.02057537342767296 0.04575717374213839
0 0.16322105935534592 0.8093492040094339 0.023032134433962265 0.04207203223270439
0 0.17596550707547168 0.8569489485062893 0.02825275157232704 0.04268622248427667
0 0.09634482604017214 0.9658637464131994 0.0470767575322812 0.020736190817790545
