0 0.8717780565693429 0.3236199817518248 0.049897354014598494 0.022810218978102148
0 0.43892238451086957 0.6782863451086957 0.02653702445652173 0.048828125
0 0.4060164741847826 0.6830630095108696 0.02653702445652173 0.054135529891304324
0 0.3502887228260869 0.6782863451086957 0.02759850543478265 0.048828125
0 0.3471042798913043 0.7541822350543479 0.029721467391304324 0.049889605978260865
1 0.4999724911971831 0.4119443221830986 0.11966329225352118 0.02613336267605637
1 0.6870323503521127 0.4621478873239437 0.07014744718309862 0.08527728873239437
1 0.7749463519313304 0.899845761802575 0.15172344420600858 0.02933878755364805
1 0.7812332349785408 0.9312801770386265 0.14585568669527893 0.025147532188841137
1 0.8017703862660944 0.9610380901287554 0.10813438841201717 0.02933878755364805
1 0.799674758583691 0.8726026019313304 0.10394313304721026 0.023471030042918506
1 0.8059616416309012 0.8470359442060086 0.09136936695278963 0.02430928111587982
1 0.7942261266094421 0.987023873390558 0.1131638948497854 0.020956276824034337
2 0.4819428066037736 0.03511939858490565 0.036851415094339646 0.05122346698113208
2 0.4364313089622641 0.029960200471698097 0.03795695754716982 0.057856721698113206
2 0.3872346698113207 0.022958431603773567 0.03242924528301888 0.045327240566037735
2 0.3332473466981132 0.027012087264150927 0.04459021226415094 0.053434551886792456
2 0.28460347877358494 0.026090801886792435 0.04311615566037735 0.05159198113207547
