0 0.011545566502463052 0.12940655788177338 0.01731834975369458 0.04714439655172413
0 0.06494381157635468 0.10631542487684728 0.045220135467980295 0.02405326354679803
0 0.1265201662561576 0.11064501231527092 0.0548414408866995 0.026939655172413784
0 0.1914639778325123 0.11016394704433496 0.04040948275862069 0.02597752463054187
0 0.24390009236453197 0.11786099137931033 0.04522013546798029 0.02405326354679803
0 0.10583435960591131 0.1890586514778325 0.028863916256157626 0.03367456896551724
0 0.1356604064039409 0.19242610837438423 0.032712438423645324 0.04618226600985223
0 0.1635621921182266 0.19435036945812806 0.032712438423645324 0.044258004926108374
0 0.19723676108374383 0.19386930418719212 0.02886391625615764 0.03752309113300492
0 0.2280249384236453 0.1962746305418719 0.02886391625615764 0.03463669950738915
0 0.25400246305418717 0.194831434729064 0.03463669950738915 0.04137161330049263
0 0.2790178571428571 0.207339131773399 0.032712438423645296 0.035598830049261065
0 0.304995381773399 0.2121497844827586 0.032712438423645296 0.03944735221674878
0 0.4050569581280788 0.11882312192118225 0.03656096059113301 0.0452201354679803
0 0.4295912869458127 0.1265201662561576 0.027901785714285754 0.033674568965517224
0 0.44546644088669946 0.14720597290640391 0.03271243842364535 0.03656096059113301
0 0.4801031403940886 0.2107065886699507 0.0461822660098522 0.0230911330049261
0 0.476254618226601 0.23427878694581278 0.044258004926108374 0.024053263546798043
0 0.47481142241379304 0.2578509852216748 0.04906865763546797 0.021166871921182245
0 0.4810652709359605 0.2833474445812808 0.04425800492610832 0.02597752463054187
0 0.4815463362068965 0.30740070812807874 0.03944735221674878 0.02020474137931033
0 0.47288716133004915 0.32904864532019695 0.047144396551724144 0.0230911330049261
0 0.4690386391625615 0.353582974137931 0.04522013546798026 0.02212900246305416
0 0.4714439655172413 0.3790794334975369 0.05195504926108374 0.025015394088669984
0 0.4623037253694581 0.40409482758620685 0.04714439655172409 0.02501539408866993
0 0.2972983374384236 0.3199084051724137 0.034636699507389124 0.041371613300492605
0 0.26843442118226596 0.3122113608374384 0.03656096059113301 0.050992918719211855
0 0.2366841133004926 0.3112492302955665 0.030788177339901496 0.041371613300492605
0 0.2097444581280788 0.304514316502463 0.032712438423645296 0.05291717980295563
0 0.18328586822660098 0.30499538177339897 0.029826046798029554 0.048106527093596085
0 0.1534598214285714 0.30162792487684725 0.029826046798029554 0.04714439655172409
0 0.1265201662561576 0.2992225985221675 0.033674568965517224 0.05003078817733991
0 0.09573198891625614 0.29585514162561577 0.029826046798029554 0.047144396551724144
0 0.06975446428571427 0.29681727216748766 0.031750307881773396 0.047144396551724144
0 0.042333743842364525 0.292487684729064 0.032712438423645324 0.0461822660098522
0 0.01635621921182266 0.28815809729064035 0.028863916256157633 0.04329587438423643
0 0.2857527709359605 0.38052262931034475 0.03463669950738918 0.04522013546798026
0 0.25688885467980294 0.3800415640394088 0.032712438423645296 0.05195504926108374
0 0.23235452586206895 0.37956049876847286 0.025977524630541843 0.04714439655172409
0 0.20156634852216748 0.3718634544334975 0.029826046798029554 0.03752309113300489
0 0.17270243226600984 0.3680149322660098 0.03367456896551724 0.04329587438423649
0 0.14480064655172412 0.3670528017241379 0.03175030788177341 0.04329587438423643
0 0.11737992610837437 0.36224214901477825 0.025015394088669957 0.04329587438423649
0 0.08803494458128078 0.36320427955665024 0.03175030788177338 0.0509929187192118
0 0.05965209359605911 0.3603178879310345 0.03463669950738916 0.0509929187192118
0 0.03271243842364532 0.3607989532019704 0.03656096059113299 0.04810652709359603
0 0.010102370689655171 0.3593557573891625 0.020204741379310342 0.03752309113300495
0 0.4560498768472906 0.4887623152709359 0.05003078817733986 0.026939655172413812
0 0.4560498768472906 0.5166641009852216 0.048106527093596085 0.02501539408866993
0 0.4522013546798029 0.5426416256157635 0.0461822660098522 0.023091133004926157
0 0.450758158866995 0.5657327586206895 0.04329587438423649 0.021166871921182273
0 0.4488338977832512 0.5912292179802955 0.041371613300492605 0.02212900246305427
0 0.4425800492610837 0.6138392857142856 0.05003078817733986 0.021166871921182273
0 0.44498537561576346 0.6417410714285714 0.047144396551724144 0.021166871921182273
0 0.4122729371921182 0.6797452278325122 0.029826046798029526 0.050992918719211744
0 0.3853332820197044 0.6821505541871921 0.03175030788177341 0.042333743842364546
0 0.35887469211822653 0.6811884236453201 0.025015394088669984 0.042333743842364435
0 0.33337823275862066 0.6792641625615763 0.029826046798029526 0.05195504926108374
0 0.3006657943349753 0.6744535098522166 0.02597752463054187 0.048106527093596085
0 0.2756504002463054 0.6768588362068965 0.031750307881773354 0.045220135467980205
0 0.2496728756157635 0.6754156403940885 0.0259775246305419 0.0461822660098522
0 0.219365763546798 0.6681996613300492 0.03463669950738915 0.05484144088669951
0 0.19098291256157635 0.6633890086206895 0.027901785714285726 0.04714439655172409
0 0.1635621921182266 0.6614647475369457 0.032712438423645324 0.04906865763546797
0 0.1390278633004926 0.6590594211822659 0.029826046798029554 0.042333743842364546
0 0.10823968596059111 0.6580972906403939 0.033674568965517224 0.05195504926108374
0 0.08130003078817732 0.6537677032019704 0.027901785714285712 0.04329587438423654
0 0.05147398399014777 0.6494381157635467 0.029826046798029547 0.0461822660098522
0 0.03704202586206896 0.7706665640394088 0.022129002463054184 0.048106527093596085
0 0.1496112992610837 0.7759582820197044 0.018280480295566504 0.04137161330049255
0 0.17751308497536944 0.7836553263546797 0.01443195812807882 0.04329587438423643
0 0.20445274014778322 0.7903902401477831 0.024053263546798043 0.050992918719211744
0 0.23668411330049258 0.8019358066502462 0.021166871921182273 0.03367456896551724
0 0.29152555418719206 0.7932766317733989 0.019242610837438445 0.04329587438423643
0 0.3203894704433497 0.7976062192118225 0.021166871921182273 0.04040948275862066
0 0.39880310960591125 0.8096328509852215 0.022129002463054215 0.050992918719211855
0 0.4935729679802955 0.8163677647783251 0.01924261083743839 0.04906865763546797
0 0.5902670874384236 0.8312807881773399 0.025977524630541815 0.03848522167487689
0 0.6167256773399015 0.8409020935960589 0.023091133004926045 0.034636699507389124
0 0.682631619458128 0.840421028325123 0.025977524630541815 0.045220135467980316
0 0.7350677339901477 0.8466748768472905 0.021166871921182273 0.042333743842364435
0 0.8466748768472905 0.852447660098522 0.0192426108374385 0.03271243842364535
0 0.8755387931034482 0.8558151169950738 0.023091133004926157 0.037523091133005004
0 0.9072891009852215 0.8606257697044334 0.023091133004926045 0.02212900246305427
0 0.9332666256157635 0.8601447044334974 0.01924261083743839 0.03271243842364524
0 0.9770435652709358 0.7490186268472906 0.02212900246305427 0.04906865763546797
0 0.9529903017241378 0.744689039408867 0.024053263546798043 0.04040948275862066
0 0.9039216440886699 0.742764778325123 0.02212900246305416 0.04040948275862066
0 0.82887546182266 0.7350677339901477 0.024053263546798043 0.042333743842364546
0 0.7812499999999999 0.731700277093596 0.023091133004926157 0.039447352216748666
0 0.7571967364532018 0.73121921182266 0.01924261083743839 0.048106527093596085
0 0.7350677339901477 0.7288138854679802 0.01924261083743839 0.04329587438423643
0 0.7076470135467979 0.7240032327586206 0.025977524630541815 0.04329587438423654
0 0.682150554187192 0.7220789716748768 0.021166871921182273 0.04137161330049266
0 0.6566540948275861 0.7177493842364531 0.020204741379310387 0.05195504926108374
0 0.6326008312807881 0.7143819273399015 0.024053263546798043 0.056765701970443394
0 0.7090902093596059 0.6061422413793103 0.021166871921182273 0.040409482758620774
0 0.7355487992610836 0.6032558497536945 0.024053263546798043 0.05195504926108363
0 0.7576778017241379 0.6085475677339901 0.020204741379310387 0.04906865763546797
0 0.7841363916256157 0.6128771551724137 0.023091133004926157 0.053879310344827624
0 0.8091517857142856 0.6143203509852215 0.02501539408866993 0.04714439655172409
0 0.8312807881773399 0.6152824815270935 0.023091133004926045 0.045220135467980205
0 0.8591825738916256 0.6148014162561575 0.02501539408866993 0.04040948275862066
0 0.8822737068965516 0.6172067426108374 0.01924261083743839 0.04137161330049255
0 0.9044027093596059 0.6143203509852215 0.026939655172413812 0.04714439655172409
0 0.9298991687192117 0.6148014162561576 0.025977524630541926 0.042333743842364546
0 0.9578009544334973 0.6234605911330049 0.020204741379310387 0.042333743842364546
0 0.9804110221674875 0.6268280480295565 0.028863916256157696 0.04714439655172409
0 0.7153440578817734 0.5460090825123152 0.024053263546798043 0.03944735221674878
0 0.7413215825123152 0.5537061268472905 0.02212900246305427 0.03944735221674878
0 0.7658559113300492 0.5551493226600984 0.021166871921182273 0.03656096059113301
0 0.7894281096059113 0.5575546490147782 0.024053263546798043 0.045220135467980205
0 0.8144435036945812 0.5570735837438423 0.02212900246305427 0.0461822660098522
0 0.8384967672413792 0.5599599753694581 0.025977524630541815 0.048106527093596085
0 0.8625500307881773 0.561884236453202 0.020204741379310387 0.048106527093595974
0 0.890451816502463 0.5647706280788176 0.024053263546798043 0.04425800492610843
0 0.9351908866995073 0.5681380849753694 0.023091133004926045 0.04714439655172409
0 0.962611607142857 0.5753540640394088 0.024053263546798043 0.042333743842364546
0 0.9832974137931033 0.5772783251231526 0.023091133004926157 0.0461822660098522
0 0.6176878078817734 0.37956049876847286 0.0461822660098522 0.0279017857142857
0 0.6196120689655171 0.35262084359605905 0.048106527093596085 0.022129002463054215
0 0.6191310036945812 0.32952971059113295 0.04906865763546797 0.024053263546798043
0 0.6263469827586206 0.30307112068965514 0.05003078817733997 0.0230911330049261
0 0.6311576354679802 0.2520782019704433 0.04040948275862066 0.0230911330049261
0 0.7418026477832511 0.2487107450738916 0.05195504926108374 0.022129002463054215
0 0.792795566502463 0.2645858990147783 0.02501539408866993 0.04040948275862069
0 0.8182920258620688 0.2756504002463054 0.024053263546798043 0.04329587438423643
0 0.8433074199507389 0.27228294334975367 0.0279017857142857 0.042333743842364546
0 0.8736145320197044 0.28286637931034475 0.03271243842364535 0.04810652709359603
0 0.9241263854679802 0.2905634236453202 0.031750307881773354 0.04810652709359603
0 0.950584975369458 0.2910444889162561 0.02501539408867004 0.04329587438423643
0 0.78125 0.389662869458128 0.021166871921182273 0.04233374384236449
0 0.7745150862068965 0.43969365763546797 0.023091133004926157 0.05003078817733991
0 0.7976062192118225 0.44546644088669946 0.023091133004926045 0.05195504926108374
0 0.8226216133004925 0.45460668103448265 0.02501539408866993 0.05676570197044334
0 0.827913331280788 0.3935113916256157 0.024053263546798043 0.05195504926108374
0 0.8538908559113298 0.39639778325123143 0.02212900246305416 0.044258004926108374
0 0.8471559421182265 0.45220135467980294 0.024053263546798043 0.04233374384236449
0 0.9034405788177339 0.3997652401477832 0.023091133004926157 0.045220135467980316
0 0.9289370381773399 0.4045758928571428 0.02212900246305416 0.045220135467980316
0 0.9534713669950738 0.40746228448275856 0.021166871921182273 0.045220135467980316
0 0.8991109913793103 0.45172028940886694 0.02212900246305416 0.04906865763546797
0 0.9207589285714284 0.4550877463054187 0.021166871921182273 0.05965209359605911
0 0.9457743226600983 0.4570120073891625 0.021166871921182273 0.05003078817733991
0 0.9698275862068964 0.4574930726600985 0.021166871921182273 0.045220135467980316
0 0.9914755233990147 0.4113108066502462 0.012507697044334964 0.041371613300492605
0 0.9895512623152709 0.4574930726600985 0.014431958128078848 0.04329587438423643
0 0.2742072044334975 0.49405403325123143 0.030788177339901468 0.035598830049261065
0 0.27516933497536944 0.5599599753694581 0.02886391625615764 0.03656096059113301
0 0.24822967980295563 0.5522629310344827 0.034636699507389124 0.04040948275862066
0 0.21984682881773396 0.5513008004926108 0.0279017857142857 0.03848522167487678
0 0.18713439039408863 0.548895474137931 0.03367456896551724 0.03944735221674878
0 0.15971366995073888 0.5431226908866995 0.025015394088669957 0.04137161330049255
0 0.1351793411330049 0.5455280172413792 0.03752309113300492 0.04425800492610832
0 0.1024669027093596 0.5450469519704433 0.029826046798029554 0.04906865763546797
0 0.07167872536945812 0.5397552339901477 0.037523091133004914 0.048106527093596085
0 0.052917179802955655 0.53590671182266 0.030788177339901468 0.048106527093596085
0 0.022610067733990144 0.5310960591133005 0.031750307881773396 0.042333743842364435
0 0.24774861453201968 0.4858759236453201 0.029826046798029582 0.04040948275862066
0 0.21503617610837436 0.48780018472906395 0.03367456896551724 0.04040948275862072
0 0.19098291256157635 0.48347059729064035 0.03175030788177338 0.04137161330049266
0 0.15634621305418717 0.4810652709359605 0.035598830049261065 0.042333743842364546
0 0.12652016625615764 0.4786599445812807 0.029826046798029554 0.03752309113300495
0 0.10583435960591131 0.47336822660098515 0.03271243842364531 0.0461822660098522
0 0.07793257389162561 0.4728871613300492 0.03271243842364531 0.03944735221674878
0 0.04618226600985221 0.46759544334975367 0.046182266009852216 0.04810652709359603
0 0.020204741379310342 0.46326585591132996 0.030788177339901475 0.041371613300492605
