0 0.13986895161290322 0.08631552419354838 0.04599294354838711 0.02016129032258064
0 0.6116116431451613 0.03811743951612903 0.0444178427419355 0.020791330645161293
0 0.6897366431451613 0.034652217741935484 0.017956149193548376 0.03654233870967742
0 0.07749495967741934 0.23910030241935484 0.03024193548387096 0.013860887096774188
0 0.5469966900311527 0.2534194898753894 0.043199961059190106 0.017036604361370694
0 0.9038851622750643 0.024351301413881747 0.038409784704370176 0.019079370179948582
0 0.1471319628647215 0.4890583554376658 0.047144396551724144 0.01761438992042441
0 0.1503699021883289 0.5139257294429709 0.047921501989389936 0.019168600795755997
0 0.4344019396551724 0.49281436505305043 0.020722811671087527 0.04015044761273212
0 0.5719498837625179 0.7284234173819742 0.05644223891273248 0.019000357653791156
0 0.5737660944206009 0.7714536391273248 0.04889797925608008 0.022912195994277518
0 0.6338407546494993 0.7968805883404864 0.04889797925608019 0.02011802575107302
