0 0.14560722305389223 0.05789202844311378 0.033916541916167664 0.03157747005988024
0 0.1753449135638298 0.06781914893617025 0.03532247340425532 0.030127992021276598
0 0.24183427526595747 0.08080535239361705 0.03740026595744683 0.02908909574468084
0 0.6688206449468085 0.14521692154255322 0.02077792553191493 0.045711436170212755
0 0.8449135638297872 0.12132230718085107 0.021816821808510634 0.04363364361702125
0 0.890105551861702 0.11924451462765959 0.04571143617021278 0.0166223404255319
0 0.9623088430851063 0.08859707446808512 0.04467253989361708 0.03428357712765957
0 0.9441281582446808 0.3898769946808511 0.07272273936170215 0.0322057845744681
0 0.9524393284574468 0.5519448138297872 0.022855718085106447 0.048828125
0 0.8558219747340425 0.4890915890957447 0.02077792553191493 0.04363364361702127
0 0.8028382646276595 0.5425947473404256 0.029089095744680882 0.048828125
0 0.6828457446808511 0.528569647606383 0.025972406914893553 0.05194481382978722
0 0.5384391622340425 0.4579247007978724 0.025972406914893664 0.03947805851063829
0 0.5327252327127661 0.5150639960106383 0.02493351063829785 0.04363364361702132
0 0.4875332446808511 0.45792470079787234 0.021816821808510634 0.04571143617021278
0 0.4818193151595745 0.5093500664893618 0.02077792553191493 0.04051695478723405
0 0.4568858045212766 0.5020777925531915 0.024933510638297907 0.05298371010638303
0 0.39403257978723405 0.44753573803191493 0.028050199468085124 0.04778922872340424
0 0.38727975398936176 0.504155585106383 0.020777925531914876 0.046750332446808485
0 0.3644240359042553 0.5 0.02285571808510639 0.04467253989361697
0 0.3353349401595745 0.49636386303191493 0.022855718085106336 0.04986702127659576
0 0.31144032579787234 0.4438996010638298 0.027011303191489366 0.046750332446808485
0 0.28858460771276595 0.4906499335106383 0.020777925531914876 0.03636136968085102
0 0.2636510970744681 0.488052692819149 0.020777925531914876 0.0477892287234043
0 0.23871758643617022 0.49168882978723405 0.024933510638297907 0.040516954787234105
0 0.27092337101063835 0.3389710771276596 0.05194481382978727 0.02389461436170215
0 0.21378407579787234 0.33014045877659576 0.04363364361702127 0.02493351063829785
0 0.1597614694148936 0.32079039228723405 0.05817819148936168 0.029089095744680826
0 0.09534990026595747 0.3187125997340426 0.031166888297872328 0.04571143617021278
0 0.21949800531914893 0.42935505319148937 0.02389461436170212 0.04051695478723405
0 0.1452169215425532 0.4288356050531915 0.02285571808510639 0.03740026595744683
0 0.16339760638297873 0.4828582114361702 0.021816821808510634 0.04155585106382975
0 0.09794714095744683 0.42052443484042556 0.02389461436170212 0.04155585106382981
0 0.07249418218085109 0.42156333111702127 0.024933510638297872 0.04155585106382981
0 0.09327210771276598 0.4755859375 0.02908909574468084 0.0498670212765957
0 0.04652177526595748 0.47610538563829785 0.022855718085106384 0.036361369680851074
0 0.027821642287234074 0.4132521609042553 0.024933510638297872 0.03740026595744678
0 0.008082613031914924 0.4101354720744681 0.014544547872340425 0.03532247340425532
0 0.010160405585106414 0.4558469082446809 0.018700132978723406 0.03116688829787234
0 0.032496675531914924 0.5841505984042553 0.021816821808510637 0.038439162234042534
0 0.008602061170212796 0.6277842420212766 0.01558344414893617 0.04467253989361697
0 0.02937998670212769 0.6298620345744681 0.02181682180851064 0.038439162234042534
0 0.07664976728723408 0.6324592752659575 0.02077792553191489 0.03740026595744683
0 0.10625831117021278 0.5857089428191489 0.021816821808510647 0.04571143617021278
0 0.1285945811170213 0.5877867353723404 0.020777925531914876 0.04363364361702127
0 0.15248919547872342 0.5955784574468086 0.018700132978723416 0.050905917553191515
0 0.17950049867021278 0.5929812167553192 0.020777925531914904 0.03947805851063835
0 0.12340009973404258 0.6397315492021276 0.01870013297872339 0.03740026595744672
0 0.2501454454787234 0.6064868683510638 0.02285571808510642 0.04778922872340419
0 0.2735206117021277 0.6044090757978724 0.023894614361702093 0.03532247340425532
0 0.2511843417553192 0.6553149933510638 0.02493351063829788 0.03947805851063835
0 0.3280626662234043 0.6075257646276596 0.027011303191489366 0.0477892287234043
0 0.29637632978723405 0.6584316821808511 0.023894614361702093 0.05194481382978722
0 0.3992270611702128 0.6111619015957448 0.019739029255319118 0.04051695478723405
0 0.4226022273936171 0.6173952792553191 0.02285571808510639 0.048828125
0 0.44909408244680854 0.6189536236702127 0.019739029255319118 0.04571143617021278
0 0.4418218085106383 0.6708984375 0.021816821808510634 0.0477892287234043
0 0.5218168218085106 0.6251870013297873 0.02389461436170215 0.05194481382978722
0 0.49064993351063835 0.6797290558510638 0.028050199468085124 0.05713929521276595
0 0.5420752992021276 0.6844040890957447 0.02077792553191482 0.04363364361702127
0 0.5670088098404256 0.6854429853723405 0.022855718085106336 0.04778922872340419
0 0.5940201130319149 0.6838846409574468 0.022855718085106336 0.05298371010638303
0 0.6418093417553192 0.6895985704787234 0.022855718085106447 0.0498670212765957
0 0.7197265625 0.646484375 0.024933510638297962 0.05298371010638303
0 0.8153050199468085 0.6610289228723405 0.022855718085106336 0.050905917553191515
0 0.9425698138297872 0.6698595412234043 0.023894614361702038 0.03947805851063835
0 0.7862159242021276 0.7088181515957447 0.022855718085106447 0.042594747340425565
0 0.9368558843085106 0.7202460106382979 0.02077792553191493 0.04467253989361697
0 0.9015334109042553 0.8391996343085106 0.027011303191489366 0.04155585106382986
0 0.9545171210106382 0.9420503656914894 0.04571143617021278 0.027011303191489366
0 0.9467253989361701 0.9711394614361701 0.05298371010638292 0.029089095744680882
0 0.9449488863031914 0.9882293051861701 0.05150847739361708 0.019635139627659615
0 0.8542636303191489 0.9617893949468086 0.02389461436170215 0.04571143617021278
0 0.8298495678191489 0.9638671875 0.022855718085106447 0.04571143617021278
0 0.8023188164893618 0.9576338098404256 0.025972406914893553 0.04155585106382975
0 0.7529712433510638 0.9539976728723405 0.027011303191489366 0.04051695478723405
0 0.7020653257978724 0.9524393284574468 0.02493351063829785 0.04363364361702127
0 0.6542760970744681 0.9482837433510638 0.031166888297872397 0.04571143617021278
1 0.5550615026595744 0.9280252659574468 0.04467253989361708 0.06960605053191482
0 0.4620802859042553 0.9337391954787233 0.03116688829787234 0.04155585106382975
0 0.4013048537234043 0.8999750664893618 0.028050199468085124 0.04051695478723405
0 0.2849484707446809 0.8859499667553191 0.02597240691489361 0.039478058510638236
0 0.25482047872340424 0.8875083111702127 0.025972406914893637 0.03636136968085102
0 0.20235621675531917 0.882313829787234 0.020777925531914904 0.04467253989361697
0 0.1680726396276596 0.8797165890957447 0.020777925531914876 0.04155585106382986
0 0.1228806515957447 0.8771193484042553 0.028050199468085096 0.050905917553191404
0 0.02522440159574471 0.752451795212766 0.023894614361702125 0.046750332446808596
0 0.04963846409574471 0.7540101396276595 0.024933510638297872 0.04571143617021278
0 0.09898603723404259 0.7602435172872339 0.030127992021276598 0.05194481382978722
0 0.1696309840425532 0.7675157912234043 0.028050199468085124 0.04155585106382975
0 0.21949800531914893 0.7732297207446808 0.02389461436170212 0.046750332446808485
0 0.2672872340425532 0.7789436502659575 0.02389461436170215 0.0477892287234043
0 0.2948179853723405 0.7789436502659575 0.020777925531914876 0.04571143617021278
0 0.4236411236702128 0.7914104055851063 0.018700132978723416 0.04155585106382975
0 0.4501329787234043 0.7960854388297872 0.023894614361702093 0.055061502659574435
0 0.47974152260638303 0.797124335106383 0.020777925531914876 0.038439162234042645
0 0.5036361369680852 0.7981632313829787 0.02285571808510639 0.03636136968085113
0 0.5275307513297872 0.7997215757978724 0.022855718085106336 0.03740026595744672
0 0.5503864694148937 0.8023188164893618 0.02493351063829785 0.042594747340425454
0 0.6023312832446808 0.8059549534574468 0.018700132978723416 0.04155585106382975
0 0.6755734707446808 0.816863364361702 0.02389461436170215 0.046750332446808485
0 0.7020653257978724 0.8204995013297872 0.02077792553191482 0.039478058510638236
