3 0.1625434027777778 0.4641927083333333 0.06510416666666669 0.07378472222222221
3 0.47829861111111116 0.45442708333333326 0.08029513888888884 0.1150173611111111
3 0.42513020833333337 0.9709201388888888 0.09548611111111116 0.0542534722222221
3 0.8624131944444444 0.9329427083333333 0.08463541666666674 0.10416666666666663
0 0.9121817129629629 0.3099681712962963 0.02025462962962954 0.03399884259259256
0 0.9367766203703702 0.3193721064814815 0.01880787037037035 0.041232638888888895
0 0.9584780092592592 0.32045717592592593 0.01880787037037046 0.046296296296296335
0 0.9798177083333333 0.32154224537037035 0.0209780092592593 0.03833912037037035
0 0.9328920615275813 0.11020376591230553 0.05690859264497883 0.0221004243281471
0 0.9320632956152758 0.13437610502121644 0.05746110325318243 0.022376679632248958
0 0.9326158062234795 0.15827218882602548 0.04806842291371993 0.020995403111739752
0 0.9295769978783592 0.1854833362800566 0.04972595473833097 0.021271658415841582
