0 0.0859375 0.20442708333333331 0.03385416666666666 0.03385416666666666
0 0.19856770833333331 0.44401041666666663 0.03776041666666666 0.036458333333333315
0 0.19791666666666669 0.5149739583333333 0.04427083333333334 0.05338541666666663
0 0.5755208333333333 0.30208333333333337 0.04427083333333337 0.028645833333333315
0 0.548828125 0.06966145833333333 0.04036458333333326 0.024739583333333336
0 0.44010416666666663 0.6842447916666667 0.036458333333333315 0.04557291666666663
0 0.375 0.802734375 0.03645833333333337 0.04296875
0 0.41276041666666663 0.85546875 0.036458333333333315 0.03645833333333326
0 0.5540364583333333 0.9498697916666667 0.03776041666666663 0.04817708333333337
0 0.5618489583333333 0.8821614583333333 0.03776041666666663 0.04557291666666663
0 0.5787760416666666 0.7044270833333334 0.03515625 0.0546875
0 0.630859375 0.669921875 0.04036458333333326 0.05078125
0 0.66015625 0.654296875 0.03645833333333326 0.05078125
0 0.7838541666666667 0.5104166666666666 0.04947916666666663 0.031249999999999944
0 0.9088541666666667 0.4244791666666667 0.04947916666666663 0.0390625
0 0.9557291666666667 0.4967447916666667 0.05208333333333337 0.04036458333333337
1 0.9173177083333333 0.18229166666666666 0.04817708333333337 0.0703125
0 0.8372395833333333 0.09114583333333333 0.04166666666666663 0.03125
