0 0.10656335851648352 0.060847355769230775 0.02038976648351648 0.0379893543956044
0 0.13489440247252749 0.06234975961538462 0.01953125 0.03455528846153847
1 0.6588295990566038 0.5517762382075472 0.1754127358490567 0.05859375
0 0.7325324292452831 0.3387750589622641 0.042747641509434 0.015846108490566058
1 0.8919147995283019 0.314453125 0.08365271226415094 0.023953419811320764
1 0.7734375 0.30837264150943394 0.10834316037735858 0.02432193396226412
0 0.18797232434640523 0.6526373570261438 0.018510008169934644 0.029360702614379175
0 0.7538748492765273 0.6879333299839228 0.04961314308681675 0.03893689710610937
0 0.8361447447749195 0.6964115253215434 0.043332998392282884 0.03328476688102899
0 0.8697435188906752 0.7025346663987138 0.04396101286173637 0.034226788585209
0 0.7716162580385851 0.9350570237138264 0.02543458601286175 0.047101085209003246
0 0.6712909465434083 0.9179436294212219 0.047101085209003135 0.0266906149517685
0 0.5300377155172413 0.7407058189655172 0.025053879310344862 0.035829741379310276
0 0.02793370995423341 0.5293996710526316 0.02279390732265446 0.043353117848970224
0 0.010279605263157894 0.5262710955377574 0.01966533180778032 0.04156536041189929
