0 0.028889079670329686 0.8487723214285714 0.019316620879120876 0.03863324175824179
0 0.05518114697802199 0.852528331043956 0.024682348901098897 0.04399896978021978
0 0.09864354395604397 0.8128219436813187 0.04077953296703296 0.02253605769230771
0 0.32346754807692313 0.8804301167582418 0.02468234890109894 0.04614526098901095
0 0.41253863324175827 0.9228193681318682 0.02253605769230771 0.03434065934065933
0 0.24834735576923078 0.831065418956044 0.04614526098901095 0.020389766483516536
0 0.2472742101648352 0.79296875 0.05687671703296704 0.02790178571428581
0 0.2488839285714286 0.7650669642857142 0.055803571428571425 0.0279017857142857
0 0.25693252060439564 0.7237508585164836 0.05473042582417581 0.02897493131868123
0 0.06269316620879122 0.59765625 0.0504378434065934 0.02360920329670324
0 0.1308379120879121 0.5815590659340659 0.02575549450549451 0.03863324175824179
0 0.0798634958791209 0.5219994848901099 0.04829155219780219 0.026828640109890167
0 0.0814732142857143 0.4957074175824176 0.04507211538461538 0.02360920329670335
0 0.08683894230769232 0.4720982142857143 0.04721840659340659 0.023609203296703296
0 0.09596067994505496 0.4232700892857143 0.05043784340659341 0.02253605769230771
0 0.3003949175824176 0.4704884958791209 0.042925824175824134 0.024682348901098883
0 0.3476133241758242 0.5118046016483516 0.04077953296703296 0.02575549450549447
0 0.3492230425824176 0.4898051167582418 0.05043784340659341 0.02253605769230771
0 0.3583447802197802 0.43400154532967034 0.04721840659340659 0.016097184065934078
0 0.3658567994505495 0.3862465659340659 0.04507211538461536 0.023609203296703296
0 0.4613667582417582 0.47478107829670335 0.04936469780219782 0.02038976648351648
0 0.43668440934065933 0.5477549793956045 0.062242445054945084 0.02897493131868123
0 0.6169728708791209 0.6255580357142858 0.02360920329670324 0.04721840659340659
0 0.7881395947802198 0.6851176167582418 0.026828640109890056 0.04399896978021978
0 0.43292839972527475 0.13834993131868134 0.031121222527472514 0.040779532967032975
0 0.4978537087912088 0.1748368818681319 0.03648695054945056 0.04077953296703296
0 0.5252189217032968 0.19951923076923078 0.04399896978021978 0.04077953296703296
0 0.8069196428571428 0.692629635989011 0.01717032967032972 0.04185267857142849
0 0.06686883223684212 0.988795230263158 0.05376233552631576 0.01850328947368418
