3 0.2974537037037037 0.4177517361111111 0.07884837962962965 0.10923032407407407
0 0.6997791060291061 0.508527156964657 0.054817437629937626 0.029642021829521803
0 0.6957185550935551 0.5404024818087318 0.050756886694386605 0.030048076923076983
0 0.6067924896049897 0.07283004158004162 0.024769360706860755 0.0442600051975052
0 0.5584719334719335 0.0649119672557173 0.025581470893970892 0.04222972972972973
0 0.47726091476091476 0.054557562370062415 0.029642021829521803 0.041823674636174625
0 0.41675870582120583 0.036894165800415844 0.025581470893970892 0.051975051975051964
0 0.32818888726635514 0.026435638142523393 0.02852110105140182 0.05110981308411215
0 0.3618437865070093 0.033737040011682276 0.03513799649532706 0.052022488317757014
0 0.39675361419392524 0.03830041617990657 0.026467581775700966 0.04563376168224299
0 0.22882137120327106 0.03271028037383181 0.0611492406542056 0.026239412967289717
0 0.2387467143691589 0.010920159170560776 0.05042530665887848 0.020535192757009345
0 0.2255129234813084 0.05723842727803741 0.049968969042056055 0.024185893691588772
0 0.22117771612149534 0.08347784024532712 0.05042530665887851 0.022816880841121503
0 0.21478898948598132 0.10469753942757012 0.05225065712616822 0.02509856892523364
0 0.21319180782710284 0.13139329001168226 0.04677460572429906 0.019622517523364483
0 0.2052058995327103 0.15580735251168226 0.05772670852803738 0.030118282710280386
0 0.20954110689252337 0.17896648656542058 0.04175489193925233 0.018481673481308414
0 0.14664933488175674 0.3358583192567568 0.0221046241554054 0.035631334459459485
0 0.12388487119932433 0.33437368032094594 0.02276446368243243 0.0412399704391892
0 0.10029560810810811 0.3345386402027027 0.0270534206081081 0.046188766891891886
0 0.07406698690878379 0.3380027977195946 0.023424303209459457 0.045858847128378344
0 0.09617161106418919 0.213623046875 0.049158044763513514 0.033981735641891886
0 0.0877586570945946 0.18360034839527029 0.04222972972972973 0.03068253800675677
0 0.103759765625 0.12421479096283784 0.05311708192567567 0.03200221706081083
0 0.09567673141891891 0.09551177153716217 0.04091005067567567 0.0293628589527027
0 0.09765625 0.06664379222972973 0.04486908783783783 0.02969277871621622
0 0.10128536739864866 0.03959037162162162 0.050807643581081086 0.029032939189189186
0 0.10953336148648649 0.012701910895270271 0.0560863597972973 0.024743982263513514
0 0.05691115920608108 0.03018765836148649 0.05245724239864864 0.03464157516891892
0 0.05245724239864865 0.058230838260135136 0.05212732263513513 0.031342377533783786
0 0.05097260346283784 0.09171769425675676 0.048498205236486486 0.032332136824324315
0 0.054931640625 0.11679159628378377 0.05047772381756757 0.029032939189189186
0 0.04519900760135136 0.15060837204391891 0.059385557432432436 0.03662109375
0 0.04058013091216216 0.1819507495777027 0.048828125 0.0313423775337838
0 0.039920291385135136 0.20916913006756754 0.05080764358108108 0.036951013513513514
0 0.007258234797297297 0.3281052048141892 0.014516469594594595 0.0458588471283784
0 0.027878220016891893 0.32876504434121623 0.027383340371621618 0.043219489020270285
0 0.05163244298986487 0.32744536528716217 0.022104624155405407 0.050477723817567544
