0 0.5658252288329519 0.4254862700228833 0.04469393592677351 0.04558781464530892
0 0.6107426344393592 0.2471574656750572 0.040671481693363876 0.04737557208237986
0 0.6469447225400458 0.23441969393592677 0.04782251144164751 0.04067148169336385
0 0.6062732408466819 0.17296553203661327 0.031732694508009196 0.039330663615560646
0 0.375429061784897 0.1468195795194508 0.04111842105263158 0.052291905034324945
0 0.506829233409611 0.026592891876430207 0.03933066361556059 0.04514087528604119
0 0.48113022025171626 0.05251537471395881 0.03798984553775747 0.03977760297482838
0 0.7390142305491991 0.6125303918764302 0.037095966819222004 0.040671481693363876
0 0.8103010583524027 0.8053847254004576 0.037542906178489766 0.052738844393592665
0 0.7539866990846682 0.8708613415331807 0.034861270022883306 0.04514087528604116
1 0.6328661327231121 0.7238182923340961 0.10637156750572085 0.1157572940503433
1 0.05299233490566037 0.3938679245283019 0.06485849056603774 0.04422169811320753
0 0.9323481037151703 0.8815547600619195 0.03265286377708976 0.04111842105263164
