0 0.5652950879765396 0.11882560483870969 0.03837518328445744 0.05040322580645161
0 0.9345110070850202 0.05837234311740892 0.033474612010796156 0.04138200067476384
0 0.9710167847503375 0.11227437584345482 0.030048076923076983 0.038482624831309056
0 0.8867131616595136 0.5060074660228898 0.04051546852646637 0.03241237482117304
0 0.7989762160228899 0.560354077253219 0.03828013233190275 0.025985783261802564
0 0.7088642256795422 0.4495652271101574 0.04191255364806867 0.030735872675250353
0 0.6900035765379113 0.42274119277539346 0.05169214949928469 0.03520654506437765
0 0.7362470940629471 0.6032445904864092 0.03297120886981397 0.0296182045779686
0 0.6947536659513591 0.6247597013590844 0.046103809012875585 0.03297120886981397
0 0.5134120171673819 0.560354077253219 0.05001564735336189 0.037162464234620884
0 0.5297898764769065 0.7340183606337272 0.03419542158968858 0.02937030075187963
0 0.4869931525241675 0.7543677832975295 0.03839117883995691 0.02937030075187963
0 0.44209854994629433 0.7777591299677765 0.04216736036519875 0.03419542158968847
0 0.36114948551829273 0.8633249174288617 0.050614519817073156 0.03632336128048774
0 0.4340939405487805 0.8643173589939024 0.033346036585365835 0.027192898882113847
0 0.44163649644308944 0.8908155487804879 0.0448583587398374 0.033346036585365835
0 0.45830951473577236 0.9143364138719512 0.03930068597560976 0.03433847815040647
0 0.4694248602642277 0.9365671049288617 0.04168254573170732 0.034735454776422814
0 0.4804409616361789 0.9603857024898375 0.04267498729674801 0.03195661839430897
0 0.4925566882621951 0.9843273628048781 0.03832412347560976 0.027439024390243927
0 0.34328553734756095 0.9723942454268293 0.047438706808943076 0.03096417682926833
0 0.27384211157289 0.6925651374680307 0.03271859015345269 0.036464993606138085
0 0.2406240009590793 0.6998081841432225 0.03871283567774936 0.046455402813299296
0 0.2221417439258312 0.7159177189897699 0.03421715153452684 0.03971187659846542
0 0.19541739929667518 0.7244095668158568 0.02772338554987211 0.03921235613810736
0 0.17481218030690537 0.7497602301790282 0.031469789002557536 0.04395780051150888
0 0.9432091346153846 0.34546703296703296 0.023609203296703463 0.04721840659340659
0 0.39858774038461536 0.806383070054945 0.04614526098901106 0.031121222527472514
2 0.1683980082417582 0.5944368131868132 0.08155906593406592 0.0279017857142857
0 0.14747166895604397 0.7988710508241759 0.04399896978021978 0.054730425824175866
