0 0.09517045454545459 0.06439393939393942 0.04616477272727272 0.029592803030303025
0 0.18098958333333337 0.20643939393939398 0.042613636363636354 0.02959280303030304
0 0.27864583333333337 0.14251893939393942 0.0414299242424242 0.04616477272727275
0 0.27272727272727276 0.35795454545454547 0.024857954545454586 0.0390625
0 0.31948390151515155 0.3218513257575758 0.042613636363636354 0.052083333333333315
0 0.3348721590909091 0.2928503787878788 0.035511363636363646 0.04853219696969696
0 0.36624053030303033 0.3419744318181819 0.03432765151515149 0.049715909090909116
0 0.3964251893939394 0.38577178030303033 0.030776515151515138 0.040246212121212155
0 0.41773200757575757 0.372750946969697 0.0402462121212121 0.052083333333333315
0 0.35854640151515155 0.13541666666666669 0.035511363636363646 0.04379734848484848
0 0.4100378787878788 0.10996685606060609 0.04379734848484845 0.04024621212121213
0 0.38873106060606066 0.18986742424242428 0.04379734848484845 0.04853219696969696
0 0.42424242424242425 0.24195075757575762 0.03196022727272729 0.03196022727272729
0 0.45679450757575757 0.2928503787878788 0.03314393939393939 0.04379734848484845
0 0.4810606060606061 0.33546401515151514 0.03432765151515149 0.04379734848484845
0 0.5337357954545454 0.3165246212121212 0.04734848484848486 0.03196022727272724
0 0.6485558712121211 0.21709280303030307 0.042613636363636354 0.02959280303030304
0 0.6231060606060606 0.18868371212121215 0.04616477272727271 0.031960227272727265
1 0.6029829545454546 0.1626420454545455 0.05800189393939392 0.041429924242424254
0 0.5870028409090908 0.13186553030303033 0.04734848484848486 0.02959280303030304
0 0.5733901515151515 0.10286458333333337 0.0390625 0.02130681818181819
0 0.5621448863636364 0.08214962121212124 0.037878787878787845 0.022490530303030304
0 0.5426136363636364 0.05965909090909094 0.0390625 0.027225378787878785
0 0.5230823863636364 0.03243371212121216 0.047348484848484806 0.031960227272727265
0 0.5443892045454546 0.676373106060606 0.02604166666666663 0.0390625
0 0.5384706439393939 0.7308238636363635 0.030776515151515138 0.0390625
0 0.3798532196969697 0.8728693181818181 0.021306818181818177 0.04142992424242431
0 0.6840672348484849 0.5508996212121211 0.05681818181818177 0.022490530303030387
1 0.8835227272727272 0.6325757575757576 0.10061553030303028 0.07930871212121204
1 0.8444602272727272 0.5550426136363635 0.10061553030303028 0.08522727272727282
1 0.8267045454545454 0.6982717803030303 0.07930871212121215 0.10179924242424243
1 0.7799479166666665 0.7095170454545454 0.0757575757575758 0.11008522727272729
1 0.901278409090909 0.8243371212121211 0.06036931818181823 0.08167613636363635
1 0.8699100378787878 0.8468276515151514 0.05681818181818177 0.08877840909090906
1 0.9646070075757575 0.7574573863636362 0.061553030303030276 0.11600378787878796
1 0.9640151515151514 0.9338304924242423 0.06036931818181823 0.09232954545454541
1 0.9332386363636362 0.9515861742424241 0.07457386363636365 0.08996212121212122
