1 0.15386284722222224 0.5911458333333333 0.16493055555555558 0.05425347222222221
0 0.032552083333333336 0.6080729166666667 0.046875 0.02604166666666663
0 0.08984375 0.6223958333333333 0.04427083333333334 0.02604166666666663
0 0.09114583333333334 0.6041666666666666 0.04166666666666667 0.0234375
0 0.27278645833333337 0.8977864583333333 0.053385416666666685 0.03255208333333337
0 0.4537760416666667 0.7669270833333333 0.05078125 0.02604166666666663
0 0.46223958333333337 0.7923177083333333 0.052083333333333315 0.02473958333333337
0 0.45442708333333337 0.8684895833333334 0.059895833333333315 0.0390625
0 0.5208333333333334 0.85546875 0.059895833333333315 0.03125
0 0.703125 0.6966145833333333 0.0546875 0.02864583333333337
0 0.568359375 0.6204427083333333 0.05338541666666674 0.02473958333333337
