0 0.017490671641791043 0.27450637437810943 0.033037935323383075 0.03206623134328357
0 0.21960509950248752 0.14478389303482586 0.04275497512437812 0.044698383084577104
0 0.26430348258706465 0.12194884950248755 0.03498134328358207 0.04567008706467662
0 0.3041433457711442 0.09668454601990048 0.0349813432835821 0.04567008706467661
0 0.3935401119402985 0.018462375621890542 0.03303793532338306 0.034981343283582086
0 0.42366293532338306 0.22689287935323382 0.03886815920398007 0.028179415422885573
0 0.515488961442786 0.22349191542288555 0.03789645522388052 0.046641791044776115
0 0.5446400808457711 0.26916200248756217 0.03789645522388052 0.044698383084577104
0 0.4358092350746268 0.3167754975124378 0.024292599502487522 0.034981343283582045
0 0.6257773631840795 0.1753925684079602 0.03692475124378114 0.03983986318407959
0 0.6184895833333333 0.24827036691542287 0.0417832711442786 0.039839863184079616
0 0.6923390858208954 0.2963697139303482 0.03400963930348255 0.04275497512437809
0 0.7278062810945273 0.3415539490049751 0.03303793532338317 0.0417832711442786
0 0.6593011504975124 0.4601018345771144 0.03400963930348255 0.0417832711442786
0 0.6918532338308457 0.505771921641791 0.04275497512437809 0.04567008706467662
0 0.7875660758706466 0.5271494092039801 0.039839863184079616 0.04567008706467657
0 0.785136815920398 0.6631879664179103 0.034981343283582045 0.04567008706467657
0 0.9177744092039799 0.6588152985074626 0.039839863184079616 0.04081156716417911
0 0.8186606032338308 0.7117731654228855 0.04567008706467657 0.04178327114427871
0 0.8531560945273631 0.7695895522388059 0.038868159203980124 0.04664179104477606
0 0.8876515858208954 0.8264342350746268 0.03789645522388052 0.039839863184079505
0 0.9182602611940298 0.882793065920398 0.03886815920398001 0.039839863184079616
0 0.7540422885572138 0.7375233208955223 0.05441542288557211 0.027207711442785998
0 0.06850513059701492 0.7676461442786069 0.028179415422885573 0.03692475124378114
0 0.09376943407960198 0.8191464552238805 0.028179415422885573 0.031094527363184077
