0 0.3346144153225806 0.15963503482404695 0.051262371700879716 0.020905883431085043
0 0.199585318914956 0.25371151026392963 0.05212151759530789 0.02291055718475074
0 0.1945736345307918 0.28048822397360706 0.048398552052785926 0.022624175219941367
0 0.210754215542522 0.42639983504398826 0.04753940615835775 0.014891862170087977
0 0.1945736345307918 0.4828170821114369 0.04668026026392963 0.02233779325513191
0 0.20116041972140764 0.5303564882697946 0.049544079912023475 0.02061950146627567
0 0.325593383431085 0.4504559200879765 0.022910557184750713 0.05555810117302051
0 0.210754215542522 0.3313210227272727 0.05956744868035188 0.020046737536656922
0 0.23033405172413793 0.05064655172413793 0.021012931034482762 0.04418103448275862
0 0.2044719827586207 0.04606681034482758 0.02155172413793105 0.0603448275862069
0 0.18009159482758622 0.03785021551724138 0.0234375 0.048760775862068964
0 0.15746228448275862 0.037042025862068964 0.018588362068965525 0.048760775862068964
0 0.13483297413793105 0.0330010775862069 0.024515086206896547 0.048760775862068964
0 0.7278172692587208 0.8713208575581395 0.02498183139534882 0.03945993822674421
0 0.7537926962209303 0.8808309865552325 0.022426871366279078 0.03917605377906974
0 0.9007028978924418 0.9144712936046511 0.04712481831395343 0.01958802688953487
1 0.047592474489795894 0.8119926948051949 0.0945761827458256 0.0724721706864564
0 0.8436605438931297 0.020291626908396965 0.03988251431297718 0.018263955152671756
0 0.8308012285305344 0.24244095896946566 0.04398258587786252 0.021245825381679406
0 0.8326648974236641 0.21858599713740456 0.04323711832061061 0.02199129293893129
0 0.833410364980916 0.19510376908396948 0.04249165076335881 0.018263955152671763
0 0.9463486999045801 0.24598192986641224 0.04323711832061061 0.02087309160305345
0 0.8369513358778626 0.11701604246183206 0.04957359255725191 0.018636688931297704
0 0.8352740338740459 0.09446564885496184 0.044728053435114545 0.017518487595419838
0 0.8401195729961832 0.044146588740458036 0.046218988549618256 0.01826395515267175
2 0.6201923076923077 0.48551253434065933 0.03434065934065933 0.06331559065934073
2 0.8503820398351648 0.6867273351648352 0.05687671703296693 0.032194368131868156
2 0.9399896978021978 0.6985319368131868 0.06224244505494525 0.036486950549450614
0 0.03157194368131869 0.030498798076923093 0.02682864010989011 0.04829155219780219
0 0.5289749313186813 0.0321085164835165 0.06224244505494503 0.0257554945054945
0 0.010645604395604413 0.03425480769230771 0.019316620879120894 0.0493646978021978
