0 0.2046483782245827 0.6695158383915023 0.042381923368740526 0.022524658573596312
0 0.14507658383915023 0.6595872059939302 0.05601526934749622 0.025192052352048577
0 0.04638301403641881 0.6471393683611533 0.056015269347496205 0.02400654400606972
0 0.21545304376083188 0.19378926559792026 0.045697032062391674 0.024710246967071053
0 0.22391545710571922 0.16670954289428075 0.04028108752166376 0.024033253899480078
0 0.2284851603119584 0.1311674068457539 0.03994259098786829 0.022002274696707097
0 0.23237787045060654 0.10594941507798959 0.03892710138648178 0.02098678509532062
0 0.23948629766031193 0.07429998916811091 0.04298905979202772 0.02403325389948007
0 0.2440560008665511 0.04874350086655112 0.04197357019064127 0.020309792027729638
0 0.248794952339688 0.01878655762564991 0.04197357019064127 0.02335626083188908
