3 0.32534391983695654 0.3709876019021739 0.0838569972826087 0.1008406929347826
3 0.2181343410326087 0.460152004076087 0.07961107336956522 0.0944718070652174
3 0.062096637228260865 0.6023904551630435 0.06899626358695651 0.07748811141304346
1 0.6647378796728972 0.5472309433411215 0.02806476343457942 0.02304504964953269
1 0.6144266574182243 0.5756379599883179 0.021447867990654235 0.021904205607476634
1 0.68310546875 0.5744971159462617 0.022360543224299145 0.021904205607476634
1 0.7650180709696262 0.5676520516939253 0.022360543224299145 0.020991530373831724
1 0.7905729775116823 0.5249844845210281 0.022360543224299034 0.026467581775700966
1 0.298828125 0.98271484375 0.021874999999999978 0.020117187500000022
1 0.3248046875 0.9927734375 0.02070312499999999 0.010546874999999956
1 0.31044921875 0.99267578125 0.015429687500000011 0.0107421875
1 0.30400390625 0.99033203125 0.018164062500000022 0.015429687499999956
1 0.58916015625 0.70302734375 0.023242187500000067 0.0205078125
1 0.5626953125 0.66357421875 0.020312500000000067 0.01894531250000009
