0 0.14832294721407624 0.03319739736070383 0.038375183284457465 0.04238453079178886
0 0.17610199780058652 0.08030723057184752 0.036656891495601196 0.04553473240469207
0 0.23566944648093843 0.17896581744868037 0.0326475439882698 0.04009347507331379
0 0.038495463709677435 0.07429320931085046 0.036943273460410556 0.03694327346041056
0 0.0644130315249267 0.12226218841642231 0.04066623900293255 0.04582111436950148
0 0.7549433075221239 0.05613938053097348 0.047013274336283106 0.031457411504424784
0 0.7691164269911503 0.023299225663716845 0.04563053097345138 0.026617809734513276
0 0.5801991150442478 0.028657356194690297 0.05842090707964609 0.03871681415929203
0 0.5141731194690266 0.06650995575221241 0.04459347345132736 0.02730918141592921
0 0.5032840154867256 0.14912887168141595 0.04701327433628316 0.034914269911504425
0 0.15252169197396961 0.267124796637744 0.033893709327548815 0.044485493492407824
0 0.25081344902386116 0.4255778877440347 0.03643573752711496 0.04448549349240777
0 0.2828006372017353 0.47768946583514094 0.036012066160520606 0.04448549349240777
0 0.3139404826464208 0.5317075650759219 0.03474105206073752 0.03982510845986975
0 0.4327803009761388 0.5039570905639913 0.03008066702819956 0.036012066160520606
0 0.45989526843817785 0.5509846122559652 0.04024877982646424 0.045332836225596584
0 0.47295249118165783 0.7898616622574957 0.04133597883597884 0.04615850970017632
0 0.5005098104056438 0.8346423059964727 0.03995811287477957 0.042024911816578414
0 0.6419133046737213 0.851521164021164 0.03616898148148151 0.04340277777777779
0 0.24890420603197674 0.7650061319040697 0.04258266715116282 0.048828125
0 0.28992550872093026 0.7363338026889534 0.02867232921511631 0.036904978197674465
0 0.31561705123546513 0.7286689226017442 0.030091751453488413 0.03804051598837199
0 0.33818586482558144 0.7114939135174418 0.03435001816860467 0.040595476017441845
0 0.11328125 0.780078125 0.02890625000000001 0.04570312500000007
0 0.09423828125 0.79365234375 0.02910156250000001 0.04121093749999993
0 0.02841796875 0.833203125 0.029492187500000003 0.03632812499999993
0 0.05078125 0.81982421875 0.032812499999999994 0.04355468749999991
0 0.07265625 0.8065429687500001 0.03203125 0.04433593749999998
