0 0.025750155472636812 0.02866526741293532 0.028179415422885566 0.03595304726368159
0 0.03789645522388059 0.05781638681592039 0.027207711442786064 0.03789645522388059
0 0.05344371890547263 0.0806514303482587 0.025264303482587062 0.0408115671641791
0 0.06899098258706467 0.10251476990049749 0.025264303482587062 0.04567008706467661
0 0.08745335820895521 0.13118003731343283 0.015547263681592038 0.042754975124378106
0 0.10980254975124377 0.1365244092039801 0.023320895522388058 0.03789645522388059
0 0.024292599502487557 0.1433263370646766 0.042754975124378106 0.04955690298507463
0 0.03012282338308457 0.19871346393034822 0.034981343283582086 0.03983986318407959
0 0.05101445895522387 0.1889964241293532 0.030122823383084578 0.04372667910447761
0 0.15012826492537312 0.107373289800995 0.03400963930348258 0.024292599502487564
0 0.19239738805970147 0.07530705845771143 0.0349813432835821 0.032066231343283576
0 0.23320895522388058 0.046641791044776115 0.03692475124378106 0.029151119402985072
0 0.15790189676616914 0.12583566542288555 0.0417832711442786 0.03012282338308457
0 0.17490671641791045 0.14478389303482586 0.038868159203980096 0.029151119402985065
0 0.20114272388059698 0.09959965796019898 0.046641791044776115 0.03012282338308457
0 0.21474657960199 0.1234064054726368 0.038868159203980096 0.03498134328358207
0 0.24098258706467662 0.07530705845771143 0.04275497512437812 0.02623600746268656
0 0.28519511815920395 0.04615593905472636 0.04567008706467657 0.028179415422885573
0 0.3017140858208955 0.06656172263681591 0.04761349502487566 0.03400963930348258
0 0.2618742226368159 0.09376943407960198 0.05733053482587064 0.03400963930348258
1 0.2001710199004975 0.16664723258706465 0.05830223880597013 0.039839863184079616
0 0.318233053482587 0.17393501243781093 0.055387126865671654 0.03303793532338306
0 0.19336909203980096 0.2788790422885572 0.02720771144278608 0.03886815920398007
0 0.17490671641791042 0.29685556592039797 0.031094527363184077 0.0417832711442786
0 0.27110541044776115 0.2808224502487562 0.0349813432835821 0.048585199004975155
0 0.21523243159203978 0.318233053482587 0.039839863184079616 0.03400963930348261
0 0.19919931592039797 0.34155394900497504 0.03498134328358207 0.03400963930348261
0 0.12923662935323382 0.3240632773631841 0.031094527363184077 0.03983986318407956
0 0.10931669776119401 0.34446906094527363 0.034009639303482594 0.037896455223880576
0 0.09668454601990048 0.37167677238805963 0.03206623134328358 0.04372667910447764
0 0.14915656094527363 0.36390314054726364 0.037896455223880604 0.043726679104477584
0 0.13701026119402984 0.38576648009950243 0.033037935323383075 0.04081156716417911
0 0.12097714552238804 0.41054493159203975 0.03400963930348258 0.03789645522388063
0 0.0806514303482587 0.4149175995024875 0.031094527363184077 0.038868159203980124
0 0.10348647388059701 0.45572916666666663 0.03012282338308457 0.03886815920398007
0 0.13215174129353233 0.4518423507462686 0.02915111940298505 0.04275497512437809
0 0.1593594527363184 0.4333799751243781 0.029151119402985065 0.04275497512437815
0 0.17782182835820892 0.41005907960198995 0.031094527363184077 0.046641791044776115
0 0.20357198383084574 0.39888448383084574 0.030122823383084557 0.028179415422885545
0 0.22252021144278605 0.3784787002487562 0.03303793532338309 0.03789645522388063
0 0.23903917910447758 0.3624455845771144 0.03498134328358207 0.04275497512437809
0 0.2429259950248756 0.4188044154228855 0.031094527363184077 0.03886815920398007
0 0.2643034825870646 0.4052005597014925 0.027207711442786053 0.04275497512437809
0 0.21960509950248755 0.4377526430348258 0.031094527363184077 0.0417832711442786
0 0.203086131840796 0.4567008706467661 0.0349813432835821 0.044698383084577076
0 0.18316620024875618 0.47321983830845765 0.035953047263681565 0.04275497512437809
0 0.15741604477611937 0.49216806592039797 0.03303793532338309 0.041783271144278544
0 0.1374961131840796 0.5052860696517413 0.030122823383084585 0.04081156716417916
1 0.03303793532338308 0.41297419154228854 0.046641791044776115 0.05247201492537318
1 0.08696750621890546 0.505771921641791 0.05927394278606965 0.06899098258706465
1 0.15693019278606962 0.6121735074626865 0.047613495024875635 0.0680192786069651
0 0.04372667910447761 0.3502992848258706 0.038868159203980096 0.012632151741293562
0 0.037410603233830844 0.32892179726368154 0.03789645522388059 0.018462375621890514
0 0.02380674751243781 0.3094877176616915 0.04567008706467661 0.024292599502487577
0 0.012632151741293531 0.28373756218905466 0.025264303482587062 0.023320895522388085
0 0.011174595771144278 0.2599308146766169 0.018462375621890546 0.014575559701492491
1 0.05392957089552238 0.8755052860696517 0.06704757462686566 0.034981343283582045
0 0.21814754353233828 0.708858053482587 0.03400963930348261 0.04567008706467657
1 0.22689287935323382 0.6121735074626865 0.06510416666666666 0.04081156716417911
1 0.24875621890547261 0.6427821828358209 0.07967972636815923 0.0417832711442786
1 0.2657610385572139 0.6690181902985073 0.061217350746268634 0.039839863184079616
1 0.28519511815920395 0.6952541977611939 0.06704757462686567 0.049556902985074536
1 0.3031716417910447 0.7234336131840795 0.06996268656716415 0.0553871268656716
1 0.3473841728855721 0.7885377798507462 0.05927394278606968 0.043726679104477584
1 0.3187189054726368 0.7550139925373134 0.06801927860696516 0.04275497512437809
1 0.3600163246268656 0.822061567164179 0.07287779850746268 0.04664179104477606
1 0.3765352922885572 0.8424673507462686 0.08259483830845765 0.0563588308457712
1 0.3993703358208955 0.8657882462686566 0.09134017412935325 0.05052860696517414
1 0.42220537935323377 0.8997978855721391 0.05733053482587064 0.034981343283582045
1 0.34058224502487555 0.9551850124378108 0.07093439054726364 0.027207711442785998
1 0.7972831156716417 0.7700754042288556 0.15644434079601988 0.1098025497512437
1 0.7749339241293531 0.7001127176616915 0.10008550995024867 0.06316075870646765
0 0.8891091417910446 0.6320934390547264 0.04664179104477617 0.04761349502487555
0 0.8565570584577114 0.8346937189054726 0.053443718905472615 0.031094527363184077
0 0.5844799440298507 0.785136815920398 0.039839863184079616 0.03886815920398001
0 0.6923390858208954 0.7195467972636815 0.030122823383084585 0.039839863184079616
0 0.6515275186567163 0.9474113805970148 0.04761349502487566 0.038868159203980124
1 0.39548351990049746 0.9658737562189054 0.1263215174129353 0.0563588308457712
1 0.4511670164800995 0.9746725357587065 0.11719721703980102 0.046748678482587125
1 0.36390314054726364 0.7190609452736318 0.06510416666666663 0.07384950248756217
0 0.3915967039800995 0.5903101679104477 0.04469838308457713 0.057330534825870694
1 0.4401819029850746 0.6724191542288556 0.06024564676616917 0.07384950248756217
1 0.49022465796019893 0.7467545087064675 0.06121735074626866 0.07482120646766166
1 0.5849657960199004 0.28859608208955223 0.12826492537313428 0.09134017412935319
0 0.5013992537313432 0.40665811567164173 0.05830223880597013 0.03206623134328357
0 0.5179182213930348 0.43143656716417905 0.0485851990049751 0.029151119402985093
0 0.5849657960199004 0.3794504042288557 0.02720771144278611 0.039839863184079616
0 0.6029423196517412 0.3682758084577114 0.034009639303482664 0.05052860696517414
0 0.6539567786069651 0.3308652052238805 0.03692475124378114 0.04567008706467662
0 0.6918532338308456 0.31094527363184077 0.03303793532338306 0.056358830845771146
0 0.7112873134328357 0.3031716417910447 0.031094527363184077 0.04469838308457713
0 0.564560012437811 0.05392957089552238 0.04664179104477617 0.06899098258706467
0 0.6301500310945274 0.08308069029850745 0.0417832711442786 0.05538712686567163
0 0.6019706156716418 0.19239738805970147 0.04567008706467657 0.038868159203980096
0 0.6228146853146854 0.9820257867132868 0.035511363636363646 0.030048076923076872
