0 0.6950602372798433 0.2151877446183953 0.043190435420743634 0.04127935420743639
1 0.6079149339530332 0.3543144569471624 0.06918113992172215 0.09631849315068497
1 0.47299260029354206 0.38966945939334635 0.08064762720156554 0.0936429794520548
1 0.33921691536203524 0.31628394080234834 0.07300330234833657 0.09670070939334635
1 0.3715141878669276 0.17257063356164382 0.07032778864970646 0.08905638454011741
1 0.24136955724070447 0.029048434442270055 0.08141205968688844 0.05351027397260274
0 0.26009815313111545 0.05656800391389433 0.05847908512720157 0.04433708414872798
1 0.35355002446183953 0.07911876223091976 0.09402519569471623 0.06727005870841486
1 0.4515884907045009 0.026946245107632095 0.08829195205479451 0.05312805772994129
1 0.25188050391389427 0.10128730430528375 0.07338551859099801 0.053510273972602745
0 0.32335494129158515 0.05542135518590997 0.06497676125244617 0.04586594911937377
0 0.9016410383597884 0.09903411596119929 0.046502976190476275 0.03685791446208113
1 0.7779447115384615 0.6599857068607069 0.06902936590436581 0.086489734927235
1 0.4410758341165414 0.12864925986842107 0.06571604793233082 0.0994918937969925
1 0.5163372297932332 0.07816905545112784 0.05249941259398494 0.06902020676691728
