3 0.09016927083333333 0.029947916666666664 0.06054687499999999 0.05859375
3 0.42578125 0.10384114583333334 0.07552083333333337 0.07617187500000001
3 0.5022786458333333 0.2639973958333333 0.07877604166666663 0.06966145833333334
3 0.5729166666666666 0.41796875 0.07421875 0.0703125
3 0.6341348492217899 0.5657374756809339 0.03267874513618674 0.03875851167315181
3 0.7310311284046692 0.7675097276264591 0.04103842412451364 0.045598249027237414
3 0.8245075389105059 0.9772616731517509 0.033438715953307385 0.04103842412451364
1 0.040234375 0.25439453125 0.023046875 0.0146484375
1 0.051660156250000006 0.25986328125 0.022460937500000007 0.01582031249999999
1 0.057226562499999994 0.26933593749999996 0.023828125 0.01640625000000001
1 0.06562499999999999 0.28603515625 0.022265624999999997 0.016992187500000033
