0 0.19637784090909094 0.14429450757575762 0.052083333333333315 0.030776515151515138
0 0.1851325757575758 0.2774621212121212 0.02485795454545453 0.04853219696969696
0 0.32007575757575757 0.29344223484848486 0.04379734848484845 0.0378787878787879
0 0.39287405303030304 0.33783143939393945 0.037878787878787845 0.03432765151515155
0 0.6645359848484849 0.5189393939393939 0.053267045454545525 0.050899621212121104
0 0.637310606060606 0.5432054924242424 0.04616477272727271 0.02604166666666663
0 0.7278645833333333 0.4615293560606061 0.030776515151515138 0.042613636363636354
0 0.7556818181818181 0.5005918560606061 0.0390625 0.03551136363636359
0 0.5451589595375723 0.7173274927745665 0.040643063583814976 0.02370845375722541
0 0.6879741690751445 0.8719969291907514 0.055319725433526035 0.02370845375722541
0 0.8336118135838151 0.9143334537572254 0.0508038294797688 0.040643063583814976
0 0.5169346098265896 0.9911036849710982 0.04064306358381503 0.013547687861271696
0 0.031250000000000035 0.9764441287878787 0.03906249999999999 0.042613636363636354
