0 0.07893121671105194 0.051363806591211716 0.03875041611185086 0.04499209387483355
0 0.05305426098535286 0.07320967876165113 0.036409786950732353 0.042911534620505995
0 0.1282144640479361 0.1219727862849534 0.044211884154460715 0.045772303595206384
0 0.2278212383488682 0.20428491178428762 0.04213132490013316 0.031468458721704395
0 0.18295917942743012 0.17086592876165113 0.04447195406125168 0.04005076564580559
0 0.1357564913448735 0.1867301930758988 0.03692992676431425 0.031208388814913446
0 0.1908913115845539 0.2249604693741678 0.04369174434087883 0.033809087882822914
0 0.24316536284953394 0.2758041361517976 0.04993342210386151 0.02574692077230356
0 0.0638471621171771 0.5045356191744341 0.03927055592543275 0.03797020639147802
0 0.10415799766977363 0.6271585802263648 0.045512233688415435 0.029908039280958754
0 0.42538674461920534 0.21196580091059603 0.04753466473509932 0.030072951158940375
0 0.42878207781456956 0.5227196295529801 0.03233650662251658 0.054648696192052926
0 0.9080732773545707 0.24111625692520777 0.03408500692520766 0.04138893698060944
0 0.7985143265235457 0.2097364092797784 0.03733119806094187 0.041388936980609414
0 0.9140246277700832 0.308068949099723 0.03246191135734067 0.04220048476454297
0 0.942834574099723 0.28629241689750695 0.04192996883656508 0.04788131925207756
0 0.9650168801939059 0.35879068559556787 0.03651965027700832 0.03760171398891965
0 0.6678710937500001 0.53642578125 0.04824218749999998 0.03261718749999998
0 0.273046875 0.040625 0.04023437499999999 0.03203125
0 0.5118542268786127 0.8360955563583814 0.03522398843930635 0.04154624277456642
0 0.4839685693641618 0.8581105491329479 0.037256141618496996 0.042675216763005785
0 0.5991239161849711 0.9755238439306357 0.03499819364161849 0.04086885838150289
0 0.01708984375 0.50849609375 0.033789062499999994 0.04707031249999993
0 0.8259765625 0.49599609375 0.025000000000000022 0.0283203125
