0 0.7535397597254004 0.6018038472540046 0.04826945080091538 0.03977760297482835
0 0.8762246138443935 0.0498337385583524 0.049610268878718555 0.021900028604118993
0 0.2907942181174089 0.7711680794534412 0.028861968623481782 0.05337487348178138
0 0.37757780870445345 0.8401600455465587 0.052188765182186236 0.02214068825910931
0 0.6242883350202428 0.9328741776315789 0.05535172064777327 0.042304529352226616
0 0.6470220774291497 0.9136987601214575 0.05495635121457498 0.04428137651821862
0 0.49875853997975705 0.9386070344129553 0.03281566295546562 0.035583248987854255
0 0.3153071229757085 0.8889881705465585 0.05574709008097162 0.03281566295546556
0 0.24315220141700405 0.9326764929149797 0.05930541497975708 0.038746204453441235
0 0.1401584640688259 0.8702081224696356 0.028861968623481782 0.060096153846153855
0 0.19985924848178138 0.821775366902834 0.02807122975708501 0.04230452935222673
