0 0.499832493567753 0.31038271869639794 0.038191466552315645 0.023785913379073764
0 0.5363488957975986 0.305860045025729 0.036851415094339646 0.03350128644939965
0 0.4710213872212693 0.32562580403087477 0.04623177530017153 0.024790951972555764
0 0.6541059176672384 0.11406518010291596 0.03182622212692976 0.03718642795883362
0 0.6854296204974271 0.1006646655231561 0.04556174957118353 0.04522673670668953
0 0.6497507504288165 0.06331073113207548 0.04187660806174964 0.040871569468267595
0 0.6271373820754718 0.07604121998284735 0.04221162092624364 0.040201543739279595
0 0.5830831903945111 0.08776667024013723 0.04187660806174953 0.05226200686106348
0 0.8084683804898649 0.29049435177364863 0.03266205658783783 0.039260451858108114
0 0.8292533255912162 0.21263328758445946 0.041239970439189255 0.04058013091216217
0 0.852512668918919 0.12899862753378377 0.05410684121621623 0.03563133445945946
0 0.9676546663851351 0.18937394425675677 0.038270692567567655 0.048828125
0 0.9482372470489039 0.3952360876897133 0.04742833052276563 0.04347596964586847
0 0.024663185586734693 0.3843969228316326 0.039361447704081634 0.04235092474489793
0 0.047084263392857144 0.4269969706632653 0.03437898596938775 0.03985969387755106
0 0.01793686224489796 0.5099549585459184 0.03587372448979592 0.039361447704081676
0 0.13427734375 0.5709901147959183 0.041354432397959176 0.048828125
0 0.262077487244898 0.6008848852040817 0.03388073979591838 0.042849170918367374
0 0.481804049744898 0.8739237882653061 0.057796556122448994 0.026905293367346927
0 0.1178352200255102 0.9202606823979592 0.04434390943877552 0.033880739795918435
0 0.039541794478527605 0.05661666027607362 0.049726802147239256 0.03414973159509203
