0 0.16553449567243678 0.0814018808255659 0.02314622170439415 0.03901048601864181
0 0.18790050765645805 0.08010153129161118 0.02522678095872169 0.04161118508655126
0 0.23614347536617844 0.09635590046604528 0.027567410119840208 0.050713631824234356
0 0.26006990679094544 0.10168733355525966 0.02340629161118507 0.03536950732356857
0 0.28334616344873503 0.10701876664447404 0.028867759653794955 0.043951814247669765
0 0.3507042693075899 0.12782435918774968 0.024706641145139818 0.03718999667110519
0 0.6373525455298014 0.19951624586092714 0.0265159354304636 0.04591783940397351
1 0.7854537458609272 0.22587049875827814 0.1474544701986754 0.10509364652317885
1 0.8603127586920529 0.2291041494205298 0.15359840645695366 0.1063871067880795
1 0.8727623137417218 0.19838446812913907 0.14939466059602646 0.10250672599337748
1 0.8771277421357616 0.16103580298013245 0.12772920115894038 0.08795529801324503
1 0.9167399627483444 0.14858624793046357 0.15004139072847678 0.10121326572847682
