0 0.41527794765166337 0.21404109589041093 0.03707497553816047 0.03592832681017613
0 0.6342878546966731 0.362914322407045 0.02790178571428581 0.03707497553816047
0 0.8495380930656933 0.5766708485401459 0.023095346715328424 0.027657390510948954
0 0.8418396441605839 0.6093179744525548 0.03849224452554734 0.040488138686131436
0 0.6790364583333334 0.8745054587339745 0.04288110977564097 0.03630809294871795
0 0.8322503505608975 0.8817044771634616 0.055714142628205066 0.05634014423076916
0 0.1464133005822416 0.9036401473799127 0.043213245997088784 0.040654566957787464
0 0.01520992540029112 0.8739310407569141 0.02928266011644833 0.03923307860262004
0 0.14035560344827586 0.7742793642241379 0.03636853448275862 0.029970366379310387
0 0.11281483208955223 0.40957322761194026 0.0390625 0.04256063432835816
0 0.3493350139082058 0.34648274513212796 0.0423765646731572 0.042104920027816406
0 0.018684981836195526 0.5726294171070012 0.02089869550858653 0.043603451122853465
