0 0.33515625 0.34140625 0.03554687499999998 0.017968750000000033
0 0.43476562500000004 0.33447265625 0.02851562499999999 0.015039062499999978
0 0.536328125 0.3208984375 0.028125000000000067 0.013671875
0 0.72060546875 0.170703125 0.025195312499999956 0.021875000000000006
0 0.567578125 0.37705078125 0.026953125000000022 0.012304687499999967
0 0.75029296875 0.35664062500000004 0.029492187499999933 0.014453125000000011
0 0.02041015625 0.409765625 0.0333984375 0.015234374999999967
0 0.18770046737536658 0.10307459677419356 0.029497342375366553 0.03092925219941349
2 0.6295995093856654 0.16131612627986347 0.09932273890784982 0.03332977815699659
2 0.2994680567406143 0.11398784129692832 0.13565219709897608 0.04332871160409557
