0 0.3833984375 0.058203125 0.011328124999999967 0.02109375000000001
0 0.35556640625 0.0646484375 0.0107421875 0.016015625000000006
0 0.36171875 0.08808593749999999 0.011328124999999967 0.016796875000000003
0 0.23741556359170304 0.295838734989083 0.01769753002183405 0.014712404475982543
0 0.278440471196868 0.04686189177852349 0.019880802572706913 0.00983116610738255
0 0.6420843819910514 0.12070487276286354 0.0196623322147651 0.011141988255033555
0 0.496875 0.39560546875 0.012109374999999978 0.013867187499999989
0 0.60322265625 0.5673828125 0.0126953125 0.016406249999999956
0 0.25185546875 0.75439453125 0.012695312499999972 0.009179687500000089
0 0.08935546875 0.92958984375 0.008007812499999989 0.015820312500000044
0 0.09765625 0.93388671875 0.010546875000000011 0.019335937500000067
0 0.04892578125 0.85478515625 0.0146484375 0.0126953125
0 0.7663332760989011 0.053120707417582416 0.020389766483516425 0.01094608516483516
0 0.5789916733014862 0.801880141985138 0.014306329617834401 0.008086186305732435
0 0.8357421875 0.92099609375 0.010937499999999933 0.017773437500000044
0 0.8358398437500001 0.84794921875 0.012304687500000022 0.020898437499999978
0 0.9884910378625134 0.39584032626208376 0.01048939312567132 0.021398361976369518
0 0.9913231740064445 0.4175533700322235 0.00944045381310421 0.019510271213748653
0 0.05625 0.5412109375 0.016406249999999997 0.013671875
