0 0.47197265625 0.24853515625 0.011132812499999978 0.017382812499999983
0 0.47724609375 0.31982421875 0.0087890625 0.020117187500000022
0 0.61572265625 0.45654296875 0.01699218750000009 0.011914062500000044
0 0.59482421875 0.46513671874999996 0.019726562500000044 0.013476562500000011
0 0.58173828125 0.4900390625 0.013476562500000067 0.019921874999999978
0 0.6358874319830714 0.8172659084038695 0.00968296553808945 0.017240402055622717
0 0.6296289298669892 0.9792784537484887 0.009919135429262482 0.021963799879081036
0 0.878515625 0.63818359375 0.017578125 0.011914062500000044
0 0.92080078125 0.60791015625 0.0126953125 0.014257812499999911
0 0.7757812500000001 0.2923828125 0.021874999999999978 0.016015625000000033
0 0.907298018292683 0.2084868309620596 0.011379996612466137 0.018525575880758816
0 0.28907070640756305 0.9772805606617647 0.011899290966386533 0.014566373424369727
0 0.5154296875 0.91494140625 0.014843749999999933 0.0087890625
0 0.39013671875 0.444921875 0.014257812500000022 0.01874999999999999
