0 0.63408203125 0.0212890625 0.0107421875 0.015625
0 0.6356445312500001 0.04140625 0.011132812499999978 0.020312499999999997
0 0.654296875 0.19384765625 0.010937500000000044 0.02128906250000001
0 0.8181331264775413 0.6178570109338061 0.016160608747044947 0.02747303486997632
0 0.8544944961583923 0.6530640514184396 0.014544547872340496 0.017084072104018966
0 0.652371453900709 0.6277842420212765 0.012928486997635935 0.018700132978723416
0 0.6199348034869976 0.6519097222222221 0.012697621158392458 0.019854462174940912
0 0.979296875 0.03271484375 0.016796874999999933 0.015429687499999997
0 0.8885742187500001 0.0087890625 0.022070312500000022 0.014843750000000001
0 0.26852261466591165 0.6880131653454133 0.01902250849377124 0.015262245186862922
0 0.23235772933182336 0.7260581823329557 0.016147013023782547 0.015704629105322776
0 0.31367187500000004 0.4037109375 0.02031250000000001 0.015625
0 0.32705078125 0.42216796874999996 0.01777343749999999 0.011523437500000011
0 0.39638671875 0.5865234375 0.013476562500000011 0.013671875
0 0.37841796875 0.6021484374999999 0.016992187499999978 0.011328125000000022
0 0.5867143732492996 0.27842699579831937 0.020789565826330514 0.01367734593837533
0 0.0138671875 0.3380859375 0.016015625 0.01171875
