3 0.0938077278325123 0.05387931034482758 0.06831126847290639 0.07889470443349753
3 0.1765509544334975 0.03367456896551724 0.06638700738916256 0.05772783251231526
3 0.08130003078817732 0.2963362068965517 0.0683112684729064 0.09044027093596058
3 0.2049338054187192 0.23187346059113298 0.08851600985221675 0.11160714285714285
3 0.28960129310344823 0.1914639778325123 0.07889470443349755 0.09044027093596058
3 0.14335745073891626 0.4002463054187192 0.055803571428571425 0.05580357142857145
3 0.19964208743842363 0.37619304187192115 0.04906865763546797 0.04810652709359603
3 0.23475985221674872 0.34203740763546797 0.0538793103448276 0.06831126847290642
3 0.29441194581280783 0.3189462746305418 0.0692733990147783 0.0644627463054187
3 0.36849599753694573 0.18472906403940886 0.05387931034482757 0.050030788177339885
3 0.3593557573891625 0.2905634236453202 0.06253848522167488 0.06734913793103448
3 0.4113108066502463 0.27949892241379304 0.05484144088669951 0.03944735221674872
3 0.20637700123152708 0.7533482142857142 0.0721597906403941 0.061576354679802936
3 0.27949892241379304 0.6903286637931034 0.05291717980295568 0.07023552955665024
3 0.378117302955665 0.584013238916256 0.06542487684729059 0.0750461822660099
3 0.45027709359605905 0.5532250615763546 0.034636699507389124 0.03656096059113301
3 0.5166641009852216 0.5214747536945812 0.03656096059113301 0.034636699507389124
3 0.2525592672413793 0.5556303879310345 0.06061422413793105 0.07408405172413801
3 0.1669296490147783 0.512815578817734 0.0644627463054187 0.09236453201970446
3 0.31990840517241376 0.414197198275862 0.05484144088669951 0.07023552955665019
3 0.8478969194312798 0.2471489928909953 0.06664691943127965 0.08145734597156398
3 0.2668405233380481 0.2505414603960396 0.03536067892503533 0.030388083451202225
3 0.2545471623055163 0.22250154702970298 0.035084423620933475 0.028454296322489414
3 0.16586920968882604 0.22885541902404527 0.0350844236209335 0.025691743281471002
3 0.14266376414427157 0.2502652050919378 0.03563693422913719 0.026520509193776493
3 0.18175388967468176 0.2911509900990099 0.033150636492220636 0.028730551626591272
