0 0.989696269132653 0.7852957589285714 0.016701211734693966 0.019252232142857206
0 0.8362563775510203 0.9020248724489796 0.017538265306122458 0.016741071428571397
0 0.6816007653061225 0.7864317602040816 0.014349489795918324 0.021524234693877542
0 0.5783641581632653 0.8278858418367346 0.015146683673469385 0.021524234693877542
0 0.29496173469387754 0.8677455357142856 0.035076530612244916 0.016741071428571508
0 0.46715561224489793 0.7824457908163265 0.011160714285714302 0.021524234693877542
0 0.3607302295918367 0.8314732142857142 0.021524234693877542 0.012755102040816313
0 0.35833864795918363 0.8522002551020408 0.021524234693877542 0.017538265306122458
0 0.3113042091836734 0.7378029336734694 0.013552295918367319 0.021524234693877542
0 0.3168845663265306 0.7597257653061225 0.013552295918367319 0.020727040816326592
0 0.2682557397959183 0.5416932397959183 0.021524234693877542 0.013552295918367374
0 0.37906568877551017 0.5333227040816326 0.018335459183673464 0.014349489795918435
