0 0.1525390625 0.06298828125 0.009765625 0.017773437499999996
0 0.08251953125 0.115625 0.009179687500000006 0.01796874999999999
0 0.08505859375 0.1837890625 0.010351562500000008 0.021875000000000006
0 0.21162109375 0.16396484375 0.020898437500000006 0.0087890625
0 0.21181640625 0.22958984375 0.01972656249999999 0.013476562500000011
0 0.051743727463942325 0.026860163762019246 0.02230130709134616 0.010094275841346156
0 0.302014802631579 0.3570106907894737 0.018914473684210564 0.012952302631578927
0 0.3204152960526316 0.36574835526315785 0.023643092105263164 0.01315789473684209
0 0.1279046474358974 0.8122495993589743 0.01101762820512818 0.019030448717948678
0 0.092578125 0.7177734375 0.015625 0.017578125
0 0.8101736972704714 0.6346105381513647 0.011873836848635189 0.02083979528535973
0 0.76396484375 0.43603515625 0.018164062500000022 0.011523437499999956
0 0.78115234375 0.42587890625 0.0166015625 0.015039062500000033
0 0.93974609375 0.25625 0.0126953125 0.01679687499999999
0 0.95830078125 0.26982421874999996 0.014257812500000022 0.015429687500000011
0 0.8089945039458849 0.7357798407553551 0.011450112739571638 0.019597308342728326
0 0.8217657835400225 0.7434866474069898 0.011009723788049652 0.017395363585118284
0 0.5564341012084593 0.8383390766616314 0.011801359516616317 0.0191772092145015
0 0.1640625 0.9325195312500001 0.011328125000000022 0.016992187499999978
0 0.4648888437950938 0.0915967712842713 0.020010371572871555 0.019164862914862926
0 0.48619626845991565 0.2768740110759494 0.014833860759493667 0.01854232594936711
0 0.8322799237400531 0.09584300397877984 0.019168600795755997 0.009843335543766582
0 0.955192100464191 0.07188225298408488 0.010102370689655138 0.019945706233421755
0 0.9432764837533156 0.04584922082228117 0.010102370689655249 0.018132460212201586
0 0.9766225251182032 0.7111268099881796 0.01085069444444442 0.022855718085106447
