0 0.23298493806306309 0.6552822353603605 0.021114864864864885 0.010557432432432345
0 0.32580236486486486 0.6548423423423424 0.014956362612612573 0.016715934684684686
0 0.09347524847094801 0.6116207951070336 0.016126720183486237 0.01314029051987764
0 0.07495938455657492 0.6334217316513762 0.014932148318042807 0.014932148318042793
0 0.32482328869047616 0.7310267857142856 0.019996279761904767 0.012090773809523836
0 0.28134300595238093 0.8363560267857142 0.013020833333333315 0.01627604166666663
0 0.3059895833333333 0.8517020089285714 0.01302083333333337 0.015345982142857206
0 0.3557477678571428 0.8619326636904762 0.015811011904761918 0.011625744047619069
1 0.31040736607142855 0.9147135416666666 0.0209263392857143 0.03255208333333326
0 0.3059895833333333 0.9647042410714286 0.016741071428571397 0.02278645833333337
0 0.34086681547619047 0.9877232142857142 0.015811011904761862 0.017671130952381042
0 0.23367745535714285 0.9486607142857142 0.0209263392857143 0.01302083333333337
0 0.5592813297193877 0.7613201530612246 0.021424585459183576 0.012954400510204134
0 0.5575374681122449 0.7884745695153061 0.017936862244897878 0.017438616071428603
0 0.5958020174050633 0.9107125197784811 0.012361550632911333 0.014215783227848111
0 0.009548611111111112 0.7536892361111112 0.017361111111111112 0.01953125
