0 0.2429259950248756 0.11854788557213929 0.011660447761194043 0.019434079601990034
0 0.023806747512437807 0.1681047885572139 0.016518967661691537 0.01749067164179105
0 0.06361095183486239 0.06450688073394495 0.013737576452599383 0.017918577981651376
0 0.10333046636085627 0.04091408639143731 0.015529434250764529 0.019710435779816515
0 0.04091408639143731 0.04001815749235474 0.017321292048929668 0.014334862385321098
0 0.2995388952599388 0.08839831804281345 0.013737576452599376 0.017918577981651376
0 0.9143335962145112 0.17498028391167192 0.016019321766561512 0.014787066246056774
0 0.8286918375394322 0.27633330047318616 0.017251577287066278 0.019099960567823315
0 0.8370095623028391 0.32777996845425866 0.011706427444794998 0.019716088328075698
0 0.7707758280757098 0.3493444400630915 0.018483832807570932 0.014787066246056801
0 0.6540196175078865 0.41650236593059936 0.024028982649842212 0.012322555205047325
0 0.8209902405362777 0.6743518335962145 0.020332216088328026 0.012938682965299764
0 0.7042340299684542 0.6648018533123028 0.019716088328075698 0.018483832807571043
0 0.7353484818611988 0.707314668769716 0.020332216088328026 0.016019321766561512
0 0.7603016561514195 0.633071273659306 0.019716088328075698 0.017867705047318605
0 0.6758921529968454 0.6493986593059937 0.019716088328075698 0.014787066246056746
0 0.5172392547318612 0.499987677444795 0.01909996056782337 0.010474171924290288
0 0.43218703497023814 0.7210867745535714 0.015694754464285754 0.013369605654761973
