0 0.008101851851851883 0.7998737373737372 0.015125210437710434 0.01249473905723908
0 0.02750157828282831 0.8051346801346801 0.019728535353535352 0.01249473905723908
0 0.034406565656565684 0.8179582281144782 0.023016624579124578 0.011837121212121215
0 0.03144728535353538 0.8363715277777777 0.02104377104377104 0.011837121212121215
0 0.07715172558922562 0.8491950757575757 0.01907091750841751 0.013809974747474696
0 0.09655145202020204 0.8544560185185184 0.019728535353535345 0.01249473905723908
0 0.1586963383838384 0.8751709806397305 0.021701388888888895 0.013152356902356943
0 0.41779776936026936 0.9267939814814814 0.01907091750841755 0.013809974747474696
0 0.45889888468013473 0.8955571338383839 0.014467592592592615 0.01972853535353536
0 0.8459069865319865 0.9563867845117844 0.015125210437710424 0.019070917508417495
