0 0.2581349785825545 0.10100272585669781 0.01916617990654204 0.012169003115264795
0 0.2319716218847352 0.13401114680685358 0.01734082943925233 0.011864778037383172
0 0.21234910436137072 0.09567878699376947 0.023121105919003127 0.013081678348909664
0 0.17051815615264798 0.09065907320872274 0.02220843068535827 0.012169003115264795
0 0.2724089635854342 0.22645308123249303 0.010941876750700241 0.018054096638655454
0 0.509624774639423 0.14364858774038464 0.02112755408653849 0.01032902644230771
0 0.5920222355769231 0.14975210336538464 0.018780048076923128 0.011268028846153855
0 0.6316950871394231 0.1319110576923077 0.02018855168269229 0.01220703125
0 0.6203011775362319 0.2693048007246377 0.01940993788819878 0.009704968944099335
0 0.8425524635036497 0.20006462895377125 0.01710766423357668 0.012355535279805346
