0 0.3571769877675841 0.2568329510703364 0.013140290519877695 0.01791857798165139
0 0.2559370221712538 0.1985975726299694 0.012543004587155931 0.0185158639143731
0 0.38763857033639143 0.13409069189602446 0.01911314984709478 0.017321292048929682
0 0.011125395569620253 0.0601595464135021 0.0189543776371308 0.014833860759493667
0 0.6588706487341771 0.24105023734177214 0.022250791139240556 0.017306170886075944
0 0.8978606276371308 0.36713805379746833 0.015657964135021074 0.01400975738396626
0 0.8809665084388185 0.44790018459915615 0.014833860759493667 0.017306170886075944
0 0.989336102320675 0.41988066983122363 0.017306170886076 0.01565796413502113
0 0.9773866033755274 0.7561148470464134 0.021426687763713037 0.012361550632911444
0 0.8159137714899714 0.5540047457020056 0.017908309455587412 0.012311962750716332
0 0.7647071991404011 0.7000693946991404 0.011752328080229302 0.01678904011461313
0 0.7523952363896849 0.7062253760744985 0.013990866762177645 0.014550501432664786
0 0.8315835422636103 0.8178724928366762 0.014550501432664786 0.019587213467048725
0 0.7546337750716332 0.8427762356733524 0.010633058739255019 0.020146848137535867
0 0.742881446991404 0.9107718481375358 0.012871597421203473 0.018467944126074554
0 0.6874776146131805 0.8355009849570201 0.010633058739255019 0.01678904011461324
0 0.14754585597826086 0.9128736413043478 0.02016813858695654 0.013799252717391353
0 0.023883322010869564 0.7918648097826086 0.011676290760869568 0.01804517663043481
0 0.027598505434782608 0.727645210597826 0.015922214673913044 0.02016813858695654
0 0.13560419497282608 0.6854513417119565 0.015391474184782594 0.013268512228260865
0 0.15683381453804346 0.6724481997282609 0.01751443614130435 0.012737771739130377
0 0.07090435606060609 0.5953545875420875 0.01709806397306398 0.01775568181818188
0 0.7546574519230769 0.3833133012820513 0.01302083333333337 0.010516826923076927
