0 0.2510127314814815 0.9176070601851851 0.021701388888888895 0.01229745370370372
0 0.28139467592592593 0.8742042824074073 0.020254629629629595 0.01229745370370372
0 0.3056278935185185 0.8528645833333333 0.018084490740740755 0.01446759259259256
0 0.419921875 0.8177806712962963 0.020978009259259245 0.01663773148148151
0 0.4130497685185185 0.7794415509259258 0.02170138888888884 0.01519097222222221
0 0.6481481481481481 0.7660590277777777 0.01880787037037035 0.01302083333333337
0 0.6680410879629629 0.693359375 0.0209780092592593 0.01085069444444453
0 0.6770833333333333 0.7085503472222221 0.02459490740740744 0.01374421296296291
1 0.738208912037037 0.7711226851851851 0.03399884259259256 0.01736111111111116
0 0.8040364583333333 0.7266348379629629 0.01953125 0.01374421296296302
0 0.9411168981481481 0.6278935185185185 0.01736111111111105 0.02170138888888884
0 0.8340567129629629 0.6416377314814814 0.011574074074074181 0.01880787037037035
0 0.8449074074074074 0.6391059027777777 0.01012731481481477 0.01663773148148151
0 0.8564814814814814 0.361328125 0.01157407407407407 0.016637731481481455
0 0.8423755787037037 0.34975405092592593 0.01374421296296291 0.013744212962962965
1 0.841652199074074 0.29333043981481477 0.02531828703703709 0.015190972222222265
0 0.845630787037037 0.31575520833333326 0.01880787037037046 0.013744212962962965
0 0.7273582175925926 0.3392650462962963 0.01953125 0.010127314814814825
0 0.6770833333333333 0.3530092592592592 0.01591435185185186 0.013020833333333315
0 0.8011429398148148 0.1736111111111111 0.01229745370370372 0.017361111111111105
0 0.8402054398148147 0.1591435185185185 0.02387152777777779 0.013020833333333343
0 0.7309751157407407 0.10452835648148148 0.01229745370370372 0.02097800925925926
0 0.0415943287037037 0.244140625 0.015190972222222224 0.018084490740740727
0 0.009403935185185185 0.9418402777777777 0.017361111111111112 0.01446759259259256
0 0.49949363425925924 0.4076244212962963 0.01663773148148151 0.01519097222222221
0 0.5711082175925926 0.35807291666666663 0.01953125 0.01157407407407407
