0 0.0361053036971831 0.009971941021126762 0.010315801056338031 0.018568441901408453
0 0.08940360915492959 0.08974746919014084 0.01237896126760564 0.021319322183098594
0 0.16917913732394368 0.007564920774647888 0.01100352112676059 0.015129841549295775
0 0.18396511883802819 0.02475792253521127 0.01994388204225353 0.011003521126760563
0 0.18258967869718312 0.035761443661971835 0.01994388204225353 0.008252640845070422
0 0.17468089788732394 0.2039090008802817 0.01925616197183097 0.011691241197183094
0 0.026821082746478875 0.2324493838028169 0.016505281690140844 0.0096280809859155
0 0.015817561619718312 0.2922810299295775 0.015129841549295775 0.015129841549295808
0 0.30225297095070425 0.21697568221830987 0.01856844190140844 0.010315801056338031
0 0.303284551056338 0.23073008362676056 0.017880721830985935 0.010315801056338031
1 0.3548635563380282 0.24138974471830987 0.024757922535211252 0.012378961267605626
0 0.37755831866197187 0.24929852552816903 0.012378961267605626 0.00894036091549294
0 0.1674598371478873 0.35108109595070425 0.013066681338028158 0.018568441901408494
0 0.1997826804577465 0.3534881161971831 0.01994388204225353 0.011003521126760563
0 0.22110200264084506 0.3565828565140845 0.01994388204225353 0.010315801056338059
0 0.380309198943662 0.2795582086267606 0.0096280809859155 0.015817561619718312
0 0.39131272007042256 0.28162136883802813 0.0096280809859155 0.015817561619718312
0 0.4036916813380282 0.2836845290492958 0.0096280809859155 0.017193001760563376
0 0.4129759022887324 0.28402838908450706 0.00894036091549294 0.01788072183098588
0 0.10315801056338028 0.45389524647887325 0.022007042253521125 0.011003521126760563
0 0.420196963028169 0.2860915492957746 0.008252640845070436 0.01375440140845069
0 0.4305127640845071 0.2898740096830986 0.011003521126760563 0.019943882042253502
0 0.582155039612676 0.2888424295774648 0.017193001760563376 0.012378961267605626
0 0.619291923415493 0.2943441901408451 0.018568441901408494 0.01375440140845069
0 0.4593970070422535 0.13513699383802819 0.011003521126760563 0.018568441901408467
0 0.5824988996478874 0.0605193661971831 0.020631602112676006 0.01237896126760564
0 0.6388919454225352 0.16505281690140844 0.012378961267605737 0.016505281690140844
0 0.809446522887324 0.3005336707746479 0.01650528169014076 0.009628080985915444
0 0.692534110915493 0.35314425616197187 0.011003521126760507 0.01856844190140844
0 0.742737676056338 0.3486740757042254 0.011003521126760618 0.019256161971831
0 0.7530534771126761 0.35039337588028174 0.011003521126760507 0.015817561619718312
0 0.776092099471831 0.3579582966549296 0.010315801056338003 0.015817561619718312
0 0.7891587808098592 0.36174075704225356 0.011691241197183122 0.019256161971831
0 0.7289832746478874 0.4030039612676056 0.011003521126760507 0.019256161971830943
0 0.7454885563380282 0.40437940140845074 0.011003521126760618 0.019256161971831
0 0.7575236575704226 0.40884958186619724 0.010315801056338003 0.015817561619718312
0 0.7664640184859155 0.4105688820422535 0.0061894806338028685 0.016505281690140816
0 0.773951480263158 0.41288034539473684 0.010279605263157854 0.017989309210526272
0 0.7850020559210527 0.4126233552631579 0.009765625 0.016447368421052655
0 0.8042763157894737 0.41596422697368424 0.010279605263157965 0.017989309210526327
0 0.8130139802631579 0.4185341282894737 0.008223684210526327 0.014905427631578927
0 0.822008634868421 0.4203330592105263 0.009765625 0.011307565789473673
0 0.8662109375 0.41930509868421056 0.01696134868421062 0.015419407894736836
0 0.8600431743421053 0.4442331414473685 0.013877467105263164 0.010793585526315763
0 0.8577302631578947 0.4575966282894737 0.011307565789473673 0.010793585526315763
0 0.8489925986842106 0.475842927631579 0.015419407894736836 0.011307565789473673
0 0.8474506578947368 0.5012849506578948 0.010279605263157965 0.0128495065789474
0 0.8451377467105263 0.5267269736842106 0.017989309210526327 0.010279605263157854
0 0.8358861019736843 0.5565378289473685 0.010793585526315819 0.01953125
0 0.8528474506578947 0.5629625822368421 0.011821546052631526 0.021073190789473673
0 0.9533110119047619 0.6594703311011905 0.01627604166666663 0.008719308035714302
0 0.9695870535714286 0.6885346912202381 0.013950892857142794 0.007556733630952328
0 0.9707496279761905 0.7068452380952381 0.015113467261904767 0.009300595238095233
0 0.006831918724279835 0.38258744855967075 0.010448816872427984 0.01768261316872427
