0 0.05280671296296296 0.14829282407407407 0.01157407407407407 0.017361111111111105
0 0.04123263888888889 0.6148726851851851 0.021701388888888885 0.01302083333333337
0 0.06401909722222221 0.6083622685185185 0.02097800925925926 0.01446759259259256
0 0.2495659722222222 0.5537471064814814 0.02025462962962965 0.01229745370370372
0 0.40256076388888884 0.5114293981481481 0.01953125 0.01157407407407407
0 0.08065682870370369 0.43872974537037035 0.012297453703703706 0.009403935185185175
0 0.31901041666666663 0.8257378472222221 0.017361111111111105 0.00940393518518523
0 0.027488425925925927 0.9711371527777777 0.01880787037037037 0.00940393518518523
0 0.6235532407407407 0.4597077546296296 0.01446759259259256 0.01085069444444442
0 0.7259114583333333 0.09078414351851852 0.0180844907407407 0.012297453703703706
0 0.8134403935185184 0.08029513888888888 0.01663773148148151 0.017361111111111105
0 0.984157986111111 0.19024884259259256 0.0166377314814814 0.014467592592592587
0 0.8796296296296295 0.308521412037037 0.02170138888888895 0.013744212962962965
0 0.9523292824074073 0.32262731481481477 0.0180844907407407 0.013020833333333315
0 0.8893952546296295 0.3432436342592592 0.01953125 0.013744212962962965
0 0.830078125 0.37868923611111105 0.02097800925925919 0.013744212962962965
0 0.7396556712962963 0.4112413194444444 0.0209780092592593 0.01085069444444442
0 0.8203125 0.4195601851851852 0.02025462962962965 0.01591435185185186
0 0.9429253472222221 0.3913483796296296 0.01519097222222221 0.01591435185185186
0 0.251532832278481 0.7144729034810127 0.016070015822784833 0.024723101265822778
