0 0.1498184974747475 0.1455439814814815 0.01972853535353536 0.013809974747474724
0 0.1396254208754209 0.18763152356902357 0.015125210437710451 0.017755681818181823
0 0.25536616161616166 0.16987584175084175 0.019070917508417523 0.013809974747474724
0 0.22018360690235692 0.22807502104377103 0.013152356902356888 0.014467592592592587
0 0.275094696969697 0.005800189393939426 0.01249473905723908 0.01052188552188552
0 0.2698337542087542 0.14389993686868688 0.017755681818181823 0.013152356902356888
0 0.32310079966329974 0.04295559764309767 0.00986426767676768 0.016440446127946123
0 0.34118529040404044 0.06301294191919195 0.011837121212121215 0.013152356902356908
0 0.3165246212121212 0.466132680976431 0.020386153198653167 0.011837121212121215
0 0.377025462962963 0.5387994528619529 0.013809974747474751 0.015125210437710424
0 0.07057554713804717 0.572009154040404 0.01907091750841751 0.009206649831649871
0 0.0127051767676768 0.8840488215488216 0.019070917508417502 0.011179503367003352
0 0.1455439814814815 0.890625 0.019070917508417523 0.011179503367003352
0 0.23662405303030304 0.9734848484848484 0.01972853535353536 0.009864267676767735
0 0.48783406986531985 0.941261574074074 0.02104377104377103 0.009864267676767624
0 0.4200994318181818 0.5279487584175084 0.01972853535353536 0.011837121212121215
0 0.4099063552188552 0.22807502104377106 0.021701388888888895 0.013152356902356888
0 0.39642518939393945 0.17974010942760943 0.018413299663299687 0.00986426767676768
0 0.49901357323232326 0.2185395622895623 0.01841329966329963 0.00986426767676768
0 0.5207149621212122 0.22117003367003368 0.013152356902356943 0.013809974747474751
0 0.5095354587542088 0.13633733164983167 0.019728535353535304 0.00986426767676768
0 0.8071075336700336 0.11003261784511786 0.02170138888888884 0.011179503367003366
0 0.8094091961279462 0.1366661405723906 0.01841329966329963 0.007891414141414144
0 0.7091224747474747 0.571680345117845 0.013809974747474696 0.015125210437710424
0 0.754826914983165 0.601930765993266 0.011837121212121215 0.015125210437710535
0 0.6285642887205387 0.9215330387205387 0.01841329966329963 0.009864267676767624
0 0.9218618476430975 0.9471801346801346 0.017098063973063904 0.012494739057238968
0 0.9701967592592592 0.9396175294612794 0.01775568181818188 0.010521885521885599
0 0.9383022937710437 0.9054214015151514 0.017098063973064015 0.010521885521885488
0 0.9304108796296295 0.7147122264309764 0.009206649831649871 0.01446759259259267
0 0.9675662878787878 0.6726246843434343 0.013809974747474807 0.01972853535353536
0 0.9849931607744107 0.669336595117845 0.013152356902356943 0.017098063973064015
0 0.9037773569023568 0.593052925084175 0.01775568181818188 0.013152356902356943
0 0.9685527146464645 0.43555345117845123 0.01841329966329963 0.00986426767676768
0 0.9734848484848484 0.3421717171717172 0.01249473905723908 0.019070917508417495
0 0.9271227904040404 0.19881102693602695 0.011837121212121215 0.023016624579124567
0 0.20341435185185186 0.14455755471380471 0.020386153198653195 0.013152356902356915
0 0.25865425084175087 0.09885311447811451 0.00986426767676768 0.016440446127946123
0 0.2142650462962963 0.19026199494949497 0.01709806397306396 0.01117950336700338
