0 0.03985969387755102 0.07374043367346939 0.011160714285714288 0.018335459183673464
0 0.15943877551020408 0.2036830357142857 0.017538265306122458 0.015146683673469385
0 0.2622767857142857 0.12755102040816324 0.014349489795918324 0.01753826530612243
0 0.2674585459183673 0.05540497448979592 0.013552295918367374 0.01833545918367347
0 0.15027104591836732 0.24553571428571427 0.016741071428571425 0.01434948979591838
0 0.033880739795918366 0.32326211734693877 0.015146683673469385 0.016741071428571452
0 0.41015624999999994 0.037069515306122444 0.015146683673469385 0.01674107142857143
0 0.3770727040816326 0.09446747448979591 0.015943877551020447 0.015146683673469385
0 0.3846460459183673 0.1016422193877551 0.013552295918367374 0.013552295918367346
0 0.08490114795918366 0.3870376275510204 0.018335459183673478 0.008769132653061229
0 0.05859375 0.4145408163265306 0.01674107142857143 0.017538265306122403
0 0.2507174744897959 0.4607780612244898 0.016741071428571425 0.017538265306122458
0 0.18056441326530612 0.9199617346938775 0.015146683673469385 0.012755102040816424
0 0.6186224489795917 0.8191167091836734 0.014349489795918324 0.016741071428571397
0 0.5249521683673469 0.5943080357142857 0.013552295918367374 0.016741071428571397
0 0.6269929846938775 0.20527742346938774 0.013552295918367374 0.015146683673469385
0 0.4308832908163265 0.06018813775510204 0.013552295918367319 0.011957908163265307
0 0.7557397959183674 0.30173788265306123 0.011160714285714302 0.018335459183673464
0 0.959422831632653 0.2578922193877551 0.013552295918367374 0.015146683673469385
0 0.9099968112244897 0.6365593112244897 0.01992984693877542 0.011957908163265252
0 0.8183195153061225 0.7593271683673468 0.01036352040816324 0.01992984693877553
0 0.982142857142857 0.8892697704081631 0.015943877551020447 0.01036352040816324
0 0.7585299744897959 0.8964445153061225 0.01992984693877542 0.011957908163265363
