0 0.7864682729007634 0.21270674300254452 0.018388199745547062 0.012921437659033086
0 0.780504532442748 0.22214933206106868 0.019382156488549573 0.015903307888040702
0 0.7693225190839694 0.2296040076335878 0.01590330788804073 0.015903307888040702
0 0.7680800731552162 0.24227695610687022 0.02335798346055984 0.018388199745547062
0 0.7923346185064934 0.3325892857142857 0.015853287337662336 0.014585024350649345
0 0.809773234577922 0.3427353896103896 0.01902394480519487 0.012048498376623362
0 0.8129438920454546 0.3148336038961039 0.016487418831168776 0.015853287337662336
0 0.8192852069805194 0.2799563717532467 0.011414366883116922 0.01965807629870131
0 0.760945109577922 0.2732979910714286 0.012682629870129802 0.01395089285714285
0 0.9003531449893389 0.21988272921108742 0.019989339019189756 0.010827558635394446
0 0.9030600346481876 0.23091851012793174 0.019572894456289958 0.010411114072494676
0 0.9881575692612137 0.2489074868073879 0.014944755936675436 0.018552110817941975
