0 0.5157696759259258 0.04267939814814814 0.02170138888888895 0.01880787037037037
0 0.7837818287037037 0.022063078703703703 0.01519097222222221 0.016637731481481483
0 0.7637793864678899 0.5357654816513762 0.01881450688073394 0.017918577981651418
0 0.7610915997706422 0.573394495412844 0.020606364678899092 0.016126720183486154
0 0.8776041666666666 0.5349934895833333 0.01220703125 0.02034505208333337
0 0.9280598958333334 0.65380859375 0.01708984375 0.01220703125
0 0.8983561197916667 0.6875813802083333 0.01627604166666663 0.01627604166666663
0 0.6005045572916666 0.8519694010416666 0.0146484375 0.0244140625
0 0.5809733072916667 0.8873697916666667 0.01627604166666663 0.01871744791666663
0 0.8082610748626373 0.8426017342032968 0.021999484890109833 0.012341174450549386
0 0.659492688301282 0.6297576121794872 0.023162059294871806 0.01627604166666663
0 0.46946352554179566 0.14988873839009287 0.017535797213622306 0.013303018575851394
