0 0.3179253472222222 0.5078125 0.01953125 0.01410590277777779
0 0.3917100694444444 0.5485026041666667 0.021701388888888895 0.01627604166666663
0 0.47336154513888884 0.5959743923611112 0.021158854166666685 0.01790364583333337
0 0.5013020833333334 0.6355794270833333 0.020616319444444475 0.01898871527777779
0 0.5764431423611112 0.6797960069444444 0.02007378472222221 0.01627604166666674
0 0.7047526041666666 0.7549370659722222 0.01953125 0.01681857638888884
0 0.8824327256944444 0.8620876736111112 0.01790364583333326 0.01519097222222221
0 0.8615451388888888 0.8639865451388888 0.01844618055555558 0.0146484375
0 0.964626736111111 0.9366861979166666 0.01953125 0.01573350694444442
0 0.9445529513888888 0.9407552083333333 0.01736111111111116 0.01410590277777779
