0 0.4583363129290618 0.956226759153318 0.01832451372997712 0.00938572654462233
0 0.4554312070938215 0.9707522883295194 0.016089816933638423 0.010726544622425616
0 0.45543120709382146 0.9821492419908466 0.01698369565217389 0.009385726544622441
0 0.456338493993135 0.9933383688501144 0.017010512013729995 0.00941701229977121
0 0.47956593249427915 0.9455002145308924 0.017877574370709415 0.011173483981693377
0 0.47889552345537756 0.9329859124713958 0.017430635011441653 0.010279605263157965
0 0.45431385869565216 0.8914205520594966 0.011173483981693377 0.01743063501144171
0 0.5462358767162472 0.9902097933352403 0.009090746567505747 0.01567416332951943
0 0.284993827962578 0.602528911122661 0.017054313929313947 0.013805873180873118
0 0.2732182302494803 0.6088227650727651 0.014617983367983367 0.011775597713097663
0 0.24459134615384617 0.5974532224532225 0.019084589397089402 0.015024038461538436
0 0.2224613435550936 0.5732929443866943 0.01543009355509356 0.01705431392931389
0 0.1865931919642857 0.5529978918650793 0.014338417658730146 0.007750496031745935
0 0.20093160962301587 0.5597795758928571 0.011238219246031744 0.009688120039682557
0 0.26547728466386555 0.5379300157563025 0.016412815126050417 0.010668329831932777
0 0.43955506263048016 0.44444806889352817 0.018756524008350706 0.011417014613778698
0 0.690456081081081 0.9353885135135135 0.011613175675675658 0.017947635135135087
