0 0.08752893518518517 0.01048900462962963 0.018807870370370364 0.01808449074074074
0 0.14973958333333331 0.05208333333333333 0.017361111111111105 0.01880787037037037
0 0.09512442129629628 0.1294849537037037 0.015190972222222224 0.020254629629629636
0 0.06401909722222222 0.15552662037037035 0.022424768518518524 0.015914351851851832
0 0.11971932870370369 0.17469618055555552 0.02242476851851853 0.016637731481481483
0 0.06004050925925926 0.2079716435185185 0.014467592592592594 0.016637731481481483
0 0.11827256944444445 0.6409143518518519 0.015190972222222224 0.02025462962962965
0 0.1175491898148148 0.6788917824074073 0.01808449074074074 0.01229745370370372
0 0.23763020833333331 0.5128761574074073 0.01953125 0.01591435185185186
0 0.22894965277777776 0.5208333333333333 0.01953125 0.01446759259259267
0 0.390625 0.5432581018518519 0.018807870370370405 0.01591435185185186
0 0.8878655389908257 0.10437571674311927 0.01971043577981646 0.011647075688073397
0 0.8354536983944953 0.1832174598623853 0.01881450688073394 0.013438933486238536
0 0.9035442947247705 0.16798666857798164 0.020606364678899092 0.011647075688073383
0 0.7655712442660549 0.20203196674311924 0.022398222477064134 0.01523079128440366
0 0.823806622706422 0.2858013188073394 0.01343893348623848 0.017918577981651362
0 0.579665997706422 0.09093678325688073 0.016126720183486154 0.011647075688073397
0 0.5868334288990825 0.10751146788990826 0.016126720183486265 0.01075114678899082
0 0.538901232798165 0.15006809059633025 0.01343893348623848 0.01523079128440366
0 0.5057518635321101 0.5380053038990825 0.017022649082568786 0.01881450688073394
0 0.8063360091743119 0.4999283256880734 0.016126720183486154 0.017918577981651418
0 0.5254622993119266 0.3494122706422018 0.02060636467889898 0.023294151376146766
0 0.7990451388888888 0.6766493055555556 0.0234375 0.01822916666666663
