0 0.11861275337837841 0.6486838400900901 0.022874436936936943 0.014956362612612684
0 0.2721354166666667 0.6979518581081081 0.021994650900900914 0.016715934684684686
0 0.35571509009009006 0.6130525056306306 0.0096776463963964 0.017595720720720687
0 0.34911669481981983 0.6332875844594594 0.010557432432432456 0.015836148648648574
0 0.18195734797297303 0.5558664132882882 0.0140765765765766 0.0193552927927928
0 0.17755841779279286 0.5730222409909911 0.010557432432432429 0.014956362612612684
0 0.4115815033783784 0.7687746340090089 0.019355292792792744 0.014076576576576572
0 0.5822599943693694 0.7837309966216216 0.022874436936936915 0.015836148648648685
0 0.5268334740990992 0.7243454391891893 0.01231700450450457 0.020235078828828912
0 0.450292088963964 0.8378378378378378 0.026393581081081086 0.014956362612612573
0 0.45908994932432434 0.8233213682432432 0.017595720720720742 0.014076576576576572
0 0.881079652255639 0.8149964755639098 0.02055921052631582 0.017622180451127845
0 0.9658863956766917 0.783423402255639 0.012482377819548862 0.016153665413533802
0 0.9354147086466165 0.7951715225563909 0.011748120300751896 0.019090695488721776
0 0.974330357142857 0.841062617481203 0.02202772556390975 0.015419407894736836
