0 0.3653067129629629 0.25390625 0.013020833333333315 0.017361111111111105
0 0.2228009259259259 0.15697337962962962 0.01157407407407407 0.017361111111111105
0 0.2582465277777778 0.11537905092592593 0.014467592592592615 0.01808449074074074
0 0.18301504629629628 0.08969907407407407 0.014467592592592587 0.013020833333333343
0 0.09259259259259259 0.15914351851851852 0.021701388888888895 0.01157407407407407
0 0.26728877314814814 0.04701967592592592 0.01085069444444442 0.017361111111111105
0 0.17975983796296297 0.3457754629629629 0.012297453703703692 0.018807870370370405
0 0.0831886574074074 0.5262586805555556 0.014467592592592587 0.01374421296296291
0 0.9624565972222221 0.505642361111111 0.01663773148148151 0.031828703703703665
0 0.9501591435185184 0.626808449074074 0.00940393518518523 0.02387152777777779
0 0.6304253472222221 0.9526909722222221 0.01374421296296291 0.02025462962962965
