0 0.1133207070707071 0.02717276936026939 0.02301662457912458 0.011179503367003366
0 0.11397832491582494 0.04229797979797983 0.023016624579124567 0.012494739057239052
0 0.13173400673400676 0.14784564393939398 0.023016624579124567 0.014467592592592587
0 0.14685921717171718 0.12976115319865322 0.020386153198653195 0.01644044612794611
0 0.160340382996633 0.17842487373737376 0.02104377104377106 0.016440446127946123
0 0.40290880503144655 0.8392909787735848 0.014740566037735825 0.020268278301886822
0 0.4176493710691824 0.8746069182389937 0.015968946540880546 0.024567610062892986
0 0.45572916666666663 0.9636645047169811 0.01596894654088049 0.019654088050314433
0 0.469216784591195 0.9922182095125787 0.014691430817610096 0.011657330974842783
1 0.4796825864779874 0.8085814661949685 0.022110849056603765 0.033780463836478036
1 0.555842177672956 0.8647798742138364 0.030709512578616316 0.05896226415094341
