0 0.007595486111111111 0.004701967592592593 0.015190972222222222 0.009403935185185185
0 0.03074363425925926 0.00831886574074074 0.022424768518518517 0.012297453703703703
0 0.29767071759259256 0.10778356481481481 0.016637731481481455 0.014467592592592587
0 0.3081597222222222 0.12261284722222221 0.01302083333333337 0.016637731481481496
0 0.32298900462962965 0.13527199074074076 0.016637731481481455 0.014467592592592587
0 0.27705439814814814 0.14322916666666666 0.01446759259259256 0.014467592592592615
0 0.2886284722222222 0.1587818287037037 0.01302083333333337 0.013744212962962965
0 0.3135850694444444 0.3081597222222222 0.0180844907407407 0.01302083333333337
0 0.3099681712962963 0.3446903935185185 0.01663773148148151 0.01953125
0 0.2647569444444444 0.4304108796296296 0.017361111111111105 0.01157407407407407
0 0.33383969907407407 0.5005787037037037 0.022424768518518545 0.014467592592592615
1 0.4698350694444444 0.4694733796296296 0.03110532407407407 0.04774305555555558
1 0.4481336805555555 0.3891782407407407 0.02242476851851849 0.040509259259259245
0 0.4109700520833333 0.39713541666666663 0.01030815972222221 0.016276041666666685
0 0.4600694444444444 0.3390842013888889 0.02061631944444442 0.01085069444444442
0 0.32900855654761907 0.29277498759920634 0.014725942460317498 0.011238219246031744
0 0.7837020985401459 0.13254162864963506 0.01496920620437947 0.0199589416058394
0 0.8364507299270073 0.33676437043795626 0.013543567518248256 0.023523038321167866
0 0.9002480611313868 0.4818231067518248 0.012830748175182483 0.021384580291970823
0 0.9426608120437956 0.5997947080291971 0.014969206204379581 0.02209739963503643
0 0.9590556569343065 0.04201357208029201 0.01496920620437947 0.025661496350364958
0 0.9818658759124088 0.14394673813868614 0.02209739963503654 0.03564096715328466
0 0.9612165178571428 0.7003348214285714 0.015066964285714302 0.021205357142857095
0 0.09966050392670159 0.7224108311518325 0.01840641361256544 0.01124836387434558
0 0.1029838841623037 0.7328922611256545 0.02198543848167539 0.013804810209424034
0 0.13938523299748112 0.6537409477329974 0.015251102015113344 0.020662783375314908
