0 0.26641680743243246 0.27389498873873874 0.014076576576576572 0.021994650900900914
0 0.2589386261261261 0.03151393581081085 0.011437218468468457 0.02463400900900901
0 0.4881228885135135 0.13840793918918923 0.021114864864864857 0.016715934684684686
0 0.5013196790540541 0.09969735360360363 0.015836148648648685 0.014956362612612614
0 0.18371692004504508 0.41817989864864863 0.01583614864864863 0.021994650900900914
0 0.3082066441441441 0.43797508445945943 0.014956362612612628 0.024634009009008973
0 0.30600717905405406 0.46656813063063063 0.015836148648648685 0.02375422297297297
0 0.23254504504504508 0.5932573198198199 0.018475506756756743 0.029032939189189144
0 0.3517560529279279 0.6293285472972974 0.012317004504504514 0.020235078828828912
0 0.6975119650900901 0.9693658502252253 0.010557432432432345 0.017595720720720687
0 0.7041103603603605 0.9896009290540541 0.011437218468468457 0.015836148648648685
0 0.9907446509009009 0.754689259572072 0.014604448198198172 0.014058980855855885
0 0.9381334459459459 0.619211007882883 0.023754222972973027 0.015836148648648574
0 0.7903293918918919 0.5870988175675675 0.023754222972973027 0.016715934684684686
0 0.9728849943693694 0.5928174268018018 0.010557432432432456 0.015836148648648685
0 0.6271290822072072 0.4542511261261261 0.010557432432432456 0.014956362612612573
0 0.9130595439189189 0.3416385135135135 0.017595720720720798 0.014956362612612628
0 0.5844594594594594 0.09485853040540543 0.016715934684684686 0.015836148648648643
0 0.5382706925675675 0.013038429054054097 0.017595720720720798 0.015836148648648646
0 0.7837309966216216 0.44413358671171166 0.017595720720720687 0.01583614864864863
0 0.5338717623873874 0.46040962837837834 0.01935529279279269 0.016715934684684686
0 0.521994650900901 0.5870988175675675 0.021994650900900914 0.014956362612612684
