0 0.1311800373134328 0.40860152363184077 0.019434079601990034 0.014575559701492546
0 0.07773631840796019 0.4299790111940298 0.021377487562189046 0.014575559701492546
0 0.39645522388059695 0.31483208955223874 0.019434079601990062 0.013603855721393054
0 0.2730488184079602 0.42754975124378103 0.021377487562189046 0.015547263681592038
0 0.26041666666666663 0.4809934701492537 0.013603855721392999 0.021377487562189046
0 0.2749922263681592 0.49216806592039797 0.011660447761194015 0.0204057835820895
0 0.6651313743781093 0.20745879975124376 0.022349191542288538 0.014575559701492546
0 0.712744869402985 0.1812227922885572 0.020405783582089554 0.018462375621890542
0 0.6724191542288556 0.6452114427860696 0.013603855721392999 0.021377487562189046
0 0.8128303793532337 0.5854516480099502 0.022349191542288538 0.014575559701492491
0 0.6102300995024874 0.3653606965174129 0.02720771144278611 0.013603855721393054
0 0.8308069029850745 0.5286069651741293 0.02332089552238803 0.017490671641791078
0 0.7067057291666667 0.09581163194444445 0.01844618055555558 0.02278645833333333
0 0.83203125 0.6714409722222223 0.02170138888888884 0.01302083333333337
0 0.17936197916666669 0.7880859375 0.02061631944444442 0.01410590277777779
0 0.3260720802919708 0.8482122490875912 0.020671760948905105 0.011405109489051157
0 0.2939952098540146 0.7405765282846715 0.022097399635036485 0.012830748175182483
0 0.758806316254417 0.7843418727915195 0.0227749558303888 0.014493153710247397
0 0.7948043937969924 0.896499060150376 0.009545347744360888 0.013216635338345939
0 0.14291080013736265 0.2851025927197802 0.011268028846153855 0.015560611263736257
0 0.40623547862453535 0.05009874535315985 0.010891031598513012 0.018877788104089223
0 0.41712651022304836 0.04646840148698885 0.010891031598512957 0.02032992565055762
0 0.3703253073770492 0.22837687841530058 0.012807377049180335 0.013874658469945372
0 0.36098659494535523 0.1894211065573771 0.012273736338797858 0.018143784153005466
