0 0.18373842592592593 0.023148148148148147 0.017361111111111133 0.011574074074074073
0 0.07884837962962962 0.14178240740740738 0.014467592592592587 0.018807870370370378
0 0.25318287037037035 0.0661892361111111 0.017361111111111133 0.013744212962962965
0 0.30743634259259256 0.023871527777777776 0.01880787037037035 0.020254629629629626
0 0.034722222222222224 0.33022280092592593 0.013020833333333336 0.01953125
0 0.10127314814814814 0.8984375 0.021701388888888895 0.01591435185185175
0 0.11899594907407407 0.7902922453703703 0.01229745370370372 0.0180844907407407
0 0.11176215277777776 0.9208622685185184 0.023871527777777776 0.01880787037037035
0 0.390625 0.9414785879629629 0.018807870370370405 0.01085069444444442
0 0.44162326388888884 0.95703125 0.01519097222222221 0.01302083333333337
0 0.537109375 0.9809027777777777 0.01085069444444442 0.02025462962962965
0 0.5588107638888888 0.8886718749999999 0.01374421296296302 0.01953125
0 0.5714699074074074 0.8568431712962963 0.01157407407407407 0.01953125
0 0.5190248842592593 0.7939091435185184 0.01374421296296291 0.02242476851851849
0 0.5891927083333333 0.7378472222222222 0.01229745370370372 0.01446759259259256
0 0.9349681712962963 0.5653211805555556 0.02242476851851849 0.01519097222222221
0 0.8619068287037037 0.5533854166666666 0.02097800925925919 0.01446759259259256
0 0.7620804398148147 0.802589699074074 0.00795717592592593 0.01663773148148151
0 0.9027777777777777 0.6553819444444444 0.01302083333333337 0.01591435185185186
0 0.7552083333333333 0.6727430555555556 0.01880787037037035 0.02170138888888895
0 0.6065538194444444 0.7396556712962963 0.01953125 0.01085069444444442
0 0.24474344135802467 0.11132008744855966 0.015271347736625529 0.02009387860082304
0 0.11758907710280372 0.13645103193146418 0.015211253894080998 0.011560552959501563
0 0.13766793224299068 0.14679468457943926 0.020078855140186896 0.012777453271028028
0 0.7862159242021276 0.1005443816489362 0.014544547872340385 0.02077792553191489
