0 0.25507229477611937 0.32940764925373134 0.014575559701492574 0.019434079601990006
0 0.5392957089552238 0.21911924751243778 0.015547263681592094 0.020405783582089554
0 0.6369519589552238 0.2958838619402985 0.016518967661691475 0.020405783582089554
0 0.1044581778606965 0.36487484452736313 0.014575559701492533 0.01846237562189057
0 0.7739622201492536 0.20260027985074625 0.020405783582089443 0.014575559701492546
0 0.7020561256218905 0.14575559701492535 0.010688743781094523 0.017490671641791022
0 0.8984374999999999 0.28101084183673464 0.017538265306122458 0.016741071428571452
0 0.04065688775510204 0.06935586734693877 0.014349489795918366 0.020727040816326536
0 0.12755102040816324 0.5125956632653061 0.020727040816326522 0.017538265306122347
0 0.11519451530612244 0.5233577806122449 0.013552295918367346 0.01992984693877553
0 0.09088010204081631 0.5145886479591837 0.011160714285714288 0.018335459183673408
