3 0.6603114652317881 0.7508536837748344 0.0711403145695364 0.0711403145695364
3 0.7172237168874172 0.060792632450331126 0.06855339403973504 0.0724337748344371
3 0.11705815397350994 0.35246792218543044 0.07114031456953641 0.0866618377483444
3 0.2664528145695364 0.1687965645695364 0.06984685430463575 0.0789010761589404
1 0.46849204009433965 0.51953125 0.03279775943396229 0.01916273584905659
1 0.4595703125 0.53916015625 0.03203125000000001 0.0185546875
1 0.45703125 0.55009765625 0.03125 0.017382812500000067
1 0.45390624999999996 0.5594726562500001 0.03007812500000001 0.016992187499999978
1 0.45029296875 0.56806640625 0.028710937500000033 0.016210937500000022
1 0.44658203125 0.57880859375 0.0302734375 0.017382812500000067
