0 0.20917754120879123 0.012791895604395621 0.021462912087912067 0.01931662087912088
0 0.24083533653846156 0.0820097870879121 0.020389766483516453 0.02038976648351648
0 0.031571943681318694 0.1512276785714286 0.020389766483516477 0.017170329670329665
0 0.04283997252747254 0.21132383241758243 0.021462912087912088 0.017170329670329665
0 0.09059495192307693 0.3953683035714286 0.013950892857142863 0.024682348901098883
0 0.05196171016483518 0.3728322458791209 0.013950892857142856 0.01824347527472525
0 0.4962439903846154 0.11796016483516486 0.02038976648351648 0.01717032967032968
0 0.2735662774725275 0.31756524725274726 0.015024038461538436 0.025755494505494525
0 0.6636547046703296 0.16625171703296704 0.013950892857142905 0.017170329670329693
0 0.4029815051020408 0.1885363520408163 0.016741071428571397 0.013552295918367319
0 0.8220290873702423 0.16141327854671284 0.015543901384083125 0.014868079584775096
0 0.8842856197033899 0.2797272245762712 0.014069120762711829 0.01820709745762711
