1 0.8536014766483516 0.10132640796703297 0.03970638736263732 0.037560096153846145
0 0.9826914983164983 0.24517308501683505 0.019070917508417495 0.01841329966329966
0 0.9501394149831649 0.27016256313131315 0.022359006734006703 0.02104377104377103
0 0.2856554512779552 0.3361995806709265 0.01622404153354634 0.02121605431309903
0 0.16285658234859673 0.6801317854505169 0.007789420236336775 0.012405372968980699
0 0.15102820347119644 0.6808530280649926 0.01067439069423931 0.016155834564254068
0 0.14367152880354506 0.6762370753323486 0.01153988183161006 0.016155834564254068
0 0.5431798986486487 0.9047719594594594 0.013724662162162171 0.017947635135135087
0 0.43608918319415446 0.6352753131524008 0.012640266179540671 0.015494519832985443
0 0.6689032317979198 0.46822181463595836 0.013930163447251065 0.016542069093610723
0 0.6794959602526003 0.4743162611441307 0.013059528231798012 0.014800798662704284
0 0.365277144160584 0.14465955748175185 0.022097399635036485 0.012830748175182483
0 0.01613758484162895 0.017021351809954743 0.018559106334841625 0.01679157239819004
0 0.307296694015444 0.12518098455598456 0.01583614864864863 0.015082046332046337
0 0.5195764961389961 0.062213441119691126 0.018098455598455576 0.02036076254826255
0 0.5272274925595238 0.1528785342261905 0.010463169642857206 0.019763764880952384
