0 0.08602683212058215 0.8782403196465696 0.012181652806652801 0.024363305613305575
0 0.2443883186070686 0.7990595764033264 0.010557432432432429 0.02273908523908519
0 0.24228515625000002 0.705859375 0.012304687499999994 0.022265625000000067
0 0.13271484375 0.598046875 0.02324218750000001 0.018750000000000044
0 0.29418310431442085 0.4090388593380615 0.019161864657210426 0.024933510638297907
0 0.31576906028368795 0.3656360815602837 0.019854462174940912 0.023086583924349924
0 0.31110206681766706 0.23799812429218575 0.015262245186862922 0.01990727633069081
0 0.4142009274640089 0.25165680370985605 0.019033776301218164 0.019682655038759655
0 0.9330200458963283 0.11696814254859611 0.021092062634989195 0.012233396328293747
0 0.98876953125 0.6118047805059523 0.015113467261904767 0.022670200892857095
