0 0.609467805075594 0.20450020248380127 0.021935745140388763 0.011811555075593949
0 0.9522804054054054 0.21801097972972971 0.023226351351351315 0.008445945945945943
0 0.9315193609643329 0.0105577113606341 0.012126403566710686 0.019092635402906205
0 0.951644030713342 0.009138664134742422 0.010062334874504697 0.01780259247027741
0 0.9682855845442535 0.018297968956406886 0.0010320343461031056 0.0
0 0.9628674042272126 0.009525677014531062 0.011868394980184993 0.01702856671070013
0 0.9748648035006604 0.009783685601056821 0.010578352047556083 0.01702856671070013
0 0.9873782199471598 0.01042870706737122 0.01032034346103039 0.016770558124174374
0 0.39884286556603776 0.1458579009433962 0.009949882075471705 0.020636792452830177
0 0.8132470969945356 0.12111509562841533 0.012807377049180335 0.019566826047358835
0 0.9219265831332533 0.060957195378151266 0.01735069027611036 0.017350690276110442
0 0.9155959258703481 0.07197722839135655 0.015943877551020447 0.015474939975990393
0 0.27694088094034375 0.36156313195146617 0.017181180485338732 0.018168604651162823
0 0.0865787368222892 0.3015989740210844 0.010295086596385533 0.017942865210843373
0 0.08171753562176165 0.8389329663212436 0.02479355569948187 0.018215673575129543
