1 0.17887809684684686 0.36040728228228225 0.023460960960960953 0.014663100600600554
0 0.6980688935281838 0.3469956941544885 0.020387526096033448 0.00978601252609601
0 0.85009765625 0.29208984375 0.0146484375 0.025976562499999967
0 0.456616144414169 0.4898778099455041 0.010643732970027242 0.022884025885558545
0 0.7279034514925373 0.4065123600746269 0.021571828358208922 0.013118003731343253
0 0.3301754948680352 0.45604036840175954 0.010309750733137835 0.023196939149560114
0 0.8281792534722222 0.91796875 0.02224392361111116 0.01627604166666663
0 0.7581883199708455 0.7638825619533527 0.011957908163265252 0.024485240524781404
0 0.9138546557120499 0.2643412558685446 0.012837441314553888 0.022618348982785585
0 0.9442671654929577 0.26525821596244137 0.011309174491392793 0.02139573552425661
1 0.9297486306729263 0.26220168231611896 0.01589397496087641 0.028731416275430383
0 0.7268005784424381 0.6767600169300226 0.02204430022573367 0.015431010158013514
0 0.743227001039501 0.47888513513513514 0.012587707900207912 0.02152091995841998
0 0.271893573551263 0.6171004364784547 0.019153974739970325 0.018283339524517106
