0 0.9764258616255144 0.9906925154320988 0.02069669495884774 0.014668531378600802
0 0.200390625 0.69990234375 0.014843750000000017 0.019335937500000067
0 0.050802791819852935 0.25580911075367646 0.022618910845588237 0.014002182904411797
0 0.057001683042212516 0.22587449963609896 0.023028111353711786 0.01677356259097526
0 0.4376037057522124 0.1688329646017699 0.01935840707964598 0.014173119469026552
0 0.4889366610738255 0.16359060402684564 0.02516778523489932 0.014681208053691275
0 0.5491199712643677 0.12863685344827586 0.022449712643678232 0.013918821839080456
0 0.4445043103448275 0.08126795977011494 0.01526580459770116 0.02065373563218391
0 0.6404903017241379 0.1230244252873563 0.023796695402298895 0.015265804597701146
0 0.5716444819173363 0.42622524397244543 0.012781644661308822 0.020630022962112526
0 0.5663748564867968 0.4042497847301951 0.012557405281285905 0.020630022962112526
0 0.747671037066246 0.09087884463722398 0.023412854889589885 0.015403194006309143
0 0.7267226932176656 0.051754731861198736 0.023412854889589885 0.013554810725552056
0 0.7479791009463723 0.05699181782334385 0.018483832807571043 0.010474171924290218
0 0.8050685975609757 0.06335746951219512 0.022389481707317027 0.01524390243902439
0 0.8192406631097562 0.07574314024390244 0.02119855182926833 0.011432926829268289
0 0.8236697880371662 0.03754264663182347 0.020869628339140522 0.01247640824622532
0 0.858150043554007 0.02892258275261324 0.02313806620209058 0.01247640824622532
0 0.8809478440766552 0.025066238385598145 0.020189096980255505 0.011115345528455285
0 0.9459852005870841 0.008599865459882582 0.022932974559686903 0.011084271037181995
0 0.9658604452054794 0.03726608365949119 0.022168542074364028 0.014906433463796477
0 0.8697291211790392 0.30084948144104806 0.010661162663755497 0.017484306768558944
0 0.8959555813318777 0.28741641648471616 0.013646288209606894 0.0230281113537118
0 0.8628237612612613 0.25383586711711714 0.010557432432432345 0.020762950450450457
0 0.8743365467937607 0.2699509857019064 0.012862868284228779 0.022679267764298072
0 0.9474113805970149 0.23393773320895522 0.015304337686567138 0.024778451492537296
0 0.9541525769589552 0.25689423973880593 0.01348239272388052 0.020405783582089526
0 0.8782595198675496 0.24920667770419425 0.013796909492273746 0.01897075055187636
