0 0.4046086414319249 0.6164264231220657 0.015129841549295808 0.023382482394366244
0 0.33927523474178406 0.7280663145539907 0.01650528169014087 0.022007042253521125
0 0.33239803403755874 0.7090393926056339 0.014671361502347435 0.022465522300469498
2 0.5952548668032787 0.03679986338797816 0.033619364754098324 0.014941939890710378
2 0.6091295252732241 0.048806779371584716 0.03468664617486339 0.017610143442622954
2 0.6310087943989071 0.11337730532786887 0.031484801912568305 0.021879269125683054
2 0.6674007493622449 0.13278260522959184 0.021424585459183687 0.03238600127551022
2 0.6817320190641247 0.09240955372616984 0.03452664644714032 0.031141681109185443
2 0.6952718804159446 0.10798039428076256 0.041973570190641296 0.03520363951473138
2 0.7218438583188908 0.1106883665511265 0.03283416377816284 0.03046468804159444
2 0.7355529679376083 0.12592071057192372 0.035880632582322436 0.02911070190641249
2 0.711688962305026 0.1579086330155979 0.02606423310225303 0.04366605285961872
2 0.7328449956672443 0.16840202556325823 0.020309792027729645 0.03825010831889081
2 0.7575552426343154 0.13133665511265163 0.033172660311958424 0.025048743500866555
2 0.7261513157894737 0.03227796052631579 0.018140479876161075 0.02842008513931889
2 0.7398795153791131 0.029741148068669544 0.014529685264663805 0.0304564556509299
2 0.7566445368383405 0.041616371602289 0.019000357653791045 0.04582439198855508
2 0.7791376072961373 0.05195480150214594 0.019279774678111483 0.046942060085836915
2 0.7998144670958512 0.06033731223175967 0.017044438483547975 0.043030221745350504
2 0.884750939849624 0.12461084351503762 0.022761983082706716 0.04442257988721805
2 0.9297242128759398 0.12424371475563913 0.031205944548872155 0.05249941259398497
2 0.9537711466165413 0.1303013392857143 0.037447133458646586 0.06681743421052631
2 0.9181596569548871 0.17784451362781958 0.04478970864661658 0.02606614191729323
2 0.6210295816221766 0.21295880390143737 0.04291260266940444 0.019250513347022602
2 0.630855364476386 0.23140721252566734 0.05053259753593431 0.01684419917864477
2 0.6188237936344969 0.16082199691991786 0.04010523613963035 0.015239989733059567
2 0.6847969070841888 0.22418827002053388 0.042912602669404554 0.03208418891170434
2 0.7046489989733059 0.23381352669404518 0.04090734086242298 0.028875770020533875
2 0.7125707165948276 0.2495453933189655 0.03956761853448276 0.02862338362068967
2 0.6814217403017242 0.2817466998922414 0.0479862607758621 0.0374629579741379
2 0.7424568965517242 0.2743803879310345 0.03451643318965514 0.027781519396551713
2 0.7435092268318966 0.30089911099137934 0.03662109375 0.034516433189655193
2 0.7491918103448276 0.32341897898706895 0.042093211206896575 0.03662109375
2 0.6379189090019568 0.3143728595890411 0.03516389432485323 0.015670865949119372
2 0.6417410714285714 0.3344392123287671 0.047394814090019555 0.01605308219178081
2 0.6585585861056751 0.35718107876712324 0.0558035714285714 0.02255075831702541
2 0.7352320294457275 0.41903327078521946 0.02345554272517314 0.048715357967667405
2 0.7163217905405406 0.5798669763513513 0.028505067567567655 0.0184755067567568
2 0.7175955212550607 0.5966124746963561 0.04349063765182182 0.015814777327935237
2 0.7343154535060975 0.6219214462652438 0.022925400152439046 0.016673018292682973
2 0.7485516151685393 0.6989554073033708 0.030284410112359605 0.017995084269662898
2 0.7623926717252396 0.744296625399361 0.03369608626198073 0.014976038338658126
2 0.775310263864043 0.7833463774597496 0.02375894454382832 0.015373434704829991
2 0.7761837544722718 0.7987198121645795 0.027602303220035762 0.015373434704830102
2 0.7971475290697675 0.8186353980322004 0.024108340787119875 0.01467464221824688
2 0.7973222271914133 0.86353281529517 0.03284324686940965 0.02620471824686943
2 0.8184606999105546 0.8904363260286225 0.02201196332737032 0.033891435599284425
2 0.8310064163498099 0.895058519486692 0.013367395437262286 0.030076639733840338
2 0.8451340490107914 0.8939621740107914 0.016158947841726556 0.03302045863309355
2 0.8611173561151079 0.8958942221223021 0.012997414568345356 0.036181991906474864
2 0.8878147482014389 0.8913275629496402 0.013699977517985684 0.02985892535971224
2 0.9294416029676259 0.8690211892985611 0.02599482913669071 0.03302045863309344
2 0.9458281025824964 0.8627432299139168 0.02718122309899562 0.029703192252510724
2 0.9671336206896552 0.7662984913793104 0.03394396551724144 0.01373922413793105
2 0.9711612654320987 0.7266589506172838 0.0414737654320988 0.02025462962962965
2 0.974537037037037 0.7001350308641975 0.03279320987654322 0.018325617283950546
2 0.9821928047839505 0.658227237654321 0.0317081404320988 0.011670524691358097
2 0.9843087923728814 0.6438029661016949 0.02747616525423724 0.013175317796610186
2 0.9839409722222223 0.6184895833333333 0.02821180555555547 0.01302083333333337
2 0.988889546506734 0.5894458912037037 0.018314656986532007 0.01251446759259267
2 0.9879031197390572 0.5766913930976431 0.0202875105218856 0.010679713804713886
2 0.8386299435028248 0.5131091101694916 0.013241525423728806 0.026483050847457668
2 0.9897173713235293 0.5234566482843137 0.016659007352941346 0.011680453431372584
2 0.9870366115196078 0.5369753370098039 0.022020526960784492 0.008080575980392135
2 0.9874195772058822 0.549172794117647 0.021254595588235503 0.011029411764705954
2 0.8805673795681063 0.5161830357142857 0.0129775747508305 0.033092815614617965
