0 0.12036700581395349 0.07608103197674418 0.010219840116279064 0.019304142441860475
0 0.12121865915697674 0.1479037972383721 0.008516533430232565 0.018736373546511614
0 0.11866369912790697 0.17913108648255816 0.011355377906976744 0.02668513808139536
0 0.080560551558753 0.1728304856115108 0.011241007194244604 0.017798261390887304
0 0.09297249700239808 0.17400142386091128 0.010772631894484408 0.016393135491606703
0 0.07119304556354916 0.23207996103117506 0.012177757793764982 0.02388714028776978
0 0.08337080335731414 0.23371927458033573 0.012177757793764996 0.0234187649880096
0 0.09765625 0.236763714028777 0.00983588129496403 0.021076888489208634
0 0.09601693645083934 0.30655163369304556 0.022482014388489208 0.010772631894484408
0 0.0945961609792285 0.3171480897626113 0.019994899851632053 0.009562778189911025
0 0.0938412472191324 0.3274993047830923 0.019118464961067852 0.009341977196885398
0 0.09308085372636264 0.3370585372636262 0.01846669911012236 0.00803844549499444
0 0.28874362244897955 0.17007044294990722 0.021741651205936907 0.011957908163265307
0 0.28856244202226344 0.18112244897959182 0.022828733766233733 0.009421382189239325
0 0.3362128942486085 0.20449472402597402 0.011595547309833032 0.020654568645640053
0 0.3534250347866419 0.1820283511131725 0.012682629870129858 0.024278177179962918
0 0.3434601113172542 0.025307282003710546 0.021741651205936907 0.0181180426716141
0 0.30878631161971826 0.12997909330985913 0.01898107394366194 0.009077904929577468
0 0.3402838908450704 0.10095730633802816 0.014854753521126751 0.023107394366197187
0 0.358348781779661 0.1293807379943503 0.010482874293785305 0.022620939265536724
0 0.3476123595505618 0.16151685393258425 0.010533707865168551 0.020189606741573024
0 0.36936848958333335 0.16692708333333334 0.010611979166666674 0.02682291666666667
0 0.35889585498960497 0.15728950103950107 0.01136954261954265 0.02964202182952183
0 0.23624807889344263 0.7821625256147542 0.021212218237704916 0.016409451844262235
