0 0.06510416666666666 0.022786458333333332 0.013950892857142863 0.02232142857142857
0 0.03324962797619048 0.016043526785714284 0.011625744047619048 0.021856398809523808
0 0.05603608630952381 0.15183221726190477 0.012555803571428575 0.020926339285714274
0 0.019617417279411752 0.013729319852941164 0.014648437500000002 0.022403492647058824
0 0.3180394254278729 0.6384665342298289 0.021011613691931552 0.019101466992665017
0 0.5303044773838631 0.8039329920537898 0.016713783618582 0.017668856968215074
0 0.6229465922982885 0.8762797982885087 0.021489150366748255 0.021011613691931497
0 0.0679992543383948 0.7782843004338393 0.01143912689804772 0.020336225596529256
0 0.06927026843817788 0.8325142353579176 0.011439126898047727 0.020336225596529256
0 0.12057801039119805 0.8421359260391199 0.022444223716381412 0.017668856968215185
0 0.14465788653366585 0.9192107621571073 0.02240492518703241 0.011933057980049844
0 0.14624084320448877 0.9289520339775561 0.02362258416458854 0.00949774002493775
0 0.2841695901033973 0.9604066654357459 0.020194793205317585 0.020194793205317585
0 0.2765244183899557 0.9664651033973412 0.019329302067946807 0.017886816838995623
0 0.2659942762186115 0.9709368076070901 0.01730982274741505 0.01529034342688329
0 0.25604112813884783 0.9769952455686852 0.01875230797636629 0.017021325701624845
0 0.18952156334231807 0.9476078167115902 0.014214117250673841 0.016319912398921832
0 0.2035435267857143 0.9605189732142857 0.014787946428571425 0.017578125
0 0.21991405329799762 0.9686119699646643 0.012882803297997653 0.01771385453474683
0 0.22841091079051734 0.9736385440216215 0.012852813924968731 0.01856500029294883
