0 0.07180606617647059 0.010723039215686273 0.010340073529411756 0.019148284313725488
0 0.0536548132183908 0.3125 0.01481681034482759 0.022449712643678177
1 0.05970078441295546 0.6086712424089068 0.015814777327935223 0.039932312753036436
0 0.009578224946695095 0.9559484941364604 0.009994669509594881 0.017907116204690765
0 0.02040578358208955 0.9526169376332622 0.009994669509594883 0.016241337953091683
0 0.030400453091684432 0.9430387126865671 0.010827558635394457 0.019572894456289958
0 0.05601179371002132 0.9286713752665244 0.011244003198294245 0.022488006396588434
0 0.08911913646055436 0.9326275986140724 0.01082755863539446 0.02123867270788904
0 0.05684468283582089 0.9780200559701492 0.012076892324093813 0.023737340085287828
0 0.08851945628997868 0.989178688033049 0.010461087420042647 0.01773637393390204
0 0.35942755044843044 0.9493063340807175 0.01226177130044842 0.016640975336322916
0 0.4031561117256637 0.5677889933628317 0.012099004424778736 0.01814850663716816
0 0.5760482594936709 0.32263647151898733 0.018789556962025333 0.01829509493670889
0 0.5760482594936709 0.34538172468354433 0.018789556962025333 0.02126186708860761
0 0.5896459651898733 0.3488429588607595 0.011372626582278555 0.024228639240506333
0 0.7115005630630631 0.3043355855855856 0.01337274774774777 0.017595720720720742
0 0.9209321120689655 0.43787042025862066 0.0276131465517242 0.015827047413793094
0 0.9594961108078601 0.5759074781659388 0.020469432314410452 0.01407273471615722
0 0.9511693417639429 0.637681379701686 0.012159533073929918 0.02406574254215299
0 0.9382498378728923 0.6346414964332036 0.011146238651102536 0.022039153696498115
0 0.7818067631128849 0.8074178663055873 0.020266177309008038 0.019375356328392157
0 0.6332352801067074 0.9727991615853658 0.017268483231707266 0.017566215701219523
