0 0.057342929790026254 0.03453083989501313 0.009227362204724407 0.021017880577427824
0 0.058105468749999986 0.05968520220588234 0.012350643382352942 0.020105698529411756
0 0.29748472341337906 0.18810302315608918 0.023450900514579764 0.01038539879931391
0 0.4867669918524871 0.19329572255574615 0.019430746140651767 0.011390437392795882
0 0.02670984100877198 0.13143331962719304 0.013277823464912283 0.021415844298245626
0 0.7575525929549902 0.057714652641878667 0.016817514677103795 0.020639677103718196
0 0.9216402896995708 0.11461406920600858 0.02933878755364805 0.023051904506437737
0 0.9365192462446352 0.09135260193133049 0.018022398068669565 0.017603272532188838
0 0.9725640423819742 0.14877280042918456 0.01634589592274671 0.020118025751072938
0 0.9513982027896996 0.20095392972103004 0.01760327253218885 0.01886064914163091
0 0.8992170734978541 0.1519162419527897 0.018022398068669565 0.017184146995708166
0 0.7327927215189873 0.45688291139240506 0.019778481012658222 0.025712025316455667
0 0.3149222161572053 0.47100163755458513 0.016631413755458513 0.022601664847161584
0 0.21536554962894247 0.5793570269016698 0.017030960111317273 0.0210169294990723
0 0.3927511070853462 0.6854053442028986 0.014467592592592615 0.019185285829307563
0 0.4451606371490281 0.6902504049676026 0.0198265388768899 0.013077078833693356
0 0.5005936960276338 0.9345652525906736 0.018890328151986213 0.010457145941278112
0 0.6931444834963325 0.9180642573349633 0.02244422371638144 0.015758710268948706
0 0.5431046817765568 0.9725417811355311 0.008942880036630019 0.018601190476190466
0 0.6476156176122931 0.008398899231678511 0.017268764775413725 0.016797798463357022
0 0.10574776785714286 0.8175223214285714 0.01171875 0.021205357142857095
0 0.1044921875 0.7977120535714286 0.01143973214285715 0.017299107142857095
0 0.10435267857142858 0.7720424107142857 0.01171875 0.017857142857142794
0 0.07296316964285715 0.7790178571428572 0.009207589285714288 0.017299107142857095
0 0.1044921875 0.8405412946428572 0.01199776785714285 0.018694196428571508
0 0.07310267857142858 0.859375 0.010602678571428575 0.022321428571428603
0 0.10649937426383982 0.9292734098939929 0.009662102473498232 0.018634054770318098
0 0.10757261954697986 0.9563299601510067 0.011469693791946303 0.020645448825503343
0 0.07610503878945754 0.9762852494018301 0.011650508902198223 0.019192672170494585
0 0.10828205958549222 0.9824657275474957 0.012818436960276333 0.019227655440414604
0 0.07598730878361709 0.9129870212333637 0.010971811004194448 0.016550467337194008
0 0.07562999001996008 0.9564854665668663 0.012475049900199597 0.020661801397205637
