0 0.0772894385026738 0.015144552139037433 0.010444518716577533 0.017059380570409982
0 0.10914522058823528 0.01531862745098039 0.010792669340463454 0.01880013368983957
0 0.07690983811749 0.03336219125500669 0.010430574098798398 0.01616738985313752
0 0.10950362868284227 0.05602117634315424 0.0111703856152513 0.021325281629116108
0 0.07937743717504331 0.08462413344887348 0.011847378682842288 0.015570840554592721
0 0.07903894064124783 0.10324144280762565 0.01049339254766031 0.017601819757365675
0 0.07853119584055458 0.14047606152512998 0.012185875216637776 0.01760181975736569
0 0.07971593370883881 0.16061660528596186 0.011847378682842288 0.01929430242634317
0 0.11068836655112652 0.11373483535528595 0.011508882149046787 0.02030979202772963
0 0.0184863683127572 0.18097886659807955 0.02250514403292181 0.013128000685871083
0 0.11091820987654322 0.136906292866941 0.012860082304526746 0.01821844993141289
0 0.11132008744855967 0.15847372256515774 0.013663837448559674 0.022237225651577514
0 0.0798938679245283 0.19984522405660377 0.01252948113207547 0.021005306603773588
0 0.07970961084905659 0.22269310141509432 0.012160966981132074 0.021005306603773588
0 0.11306014150943396 0.2057414504716981 0.011792452830188677 0.021005306603773588
0 0.11309547718508997 0.2278227426092545 0.01129699550128535 0.01983250321336763
0 0.11309547718508997 0.2581991082904884 0.010794906812339328 0.022845035347043713
0 0.11828785211267606 0.5156181227992958 0.011691241197183094 0.01960002200704225
0 0.1600186638591118 0.970730044027565 0.017946018376722828 0.02243252297090348
0 0.32446099806201545 0.637718023255814 0.014837693798449625 0.023013565891472854
0 0.32719691932624106 0.6908106161347518 0.01038896276595741 0.02077792553191493
0 0.5638921210106383 0.5363613696808511 0.01627604166666674 0.02077792553191493
0 0.16524564302884617 0.11845202323717952 0.018154046474358976 0.014711037660256401
0 0.16446314102564105 0.13034605368589747 0.01909304887820512 0.01596304086538461
0 0.16602814503205132 0.14224008413461542 0.020345052083333343 0.01909304887820515
1 0.3770193326271186 0.2917770127118644 0.022510593220338992 0.017545021186440635
0 0.49884450883002207 0.27529145971302427 0.010347682119205281 0.020264210816777095
1 0.5169529525386314 0.27680049668874174 0.00948537527593818 0.021557671081677665
1 0.42817666583166336 0.32484500250501 0.010959418837675317 0.023484468937875702
0 0.4078234594188377 0.32406218687374755 0.010959418837675372 0.02191883767535069
0 0.41741295090180364 0.3260192259519038 0.010568011022044133 0.018787575150300606
0 0.437374749498998 0.3250407064128257 0.009785195390781543 0.01996179859719438
0 0.44715994488977956 0.3246492985971944 0.009785195390781598 0.022310245490981984
0 0.4567494363727455 0.3250407064128257 0.010959418837675372 0.022310245490981984
0 0.46653463176352705 0.3252364103206413 0.010959418837675372 0.02191883767535069
0 0.6287731713426854 0.3234750751503006 0.012133642284569146 0.020744614228456915
0 0.5153899534383954 0.32791233882521487 0.012311962750716332 0.02014684813753581
0 0.5347414269911503 0.32767560840707965 0.011753318584070693 0.02281526548672569
0 0.5451120022123894 0.3280212942477876 0.010370575221238965 0.020741150442477874
1 0.559882155987395 0.663077731092437 0.011899290966386644 0.019695378151260434
0 0.8346229862768495 0.6437388126491647 0.019111724343675474 0.016781026252983278
1 0.9236556533412887 0.7852121867541766 0.015382607398568005 0.020976282816229097
