2 0.7604166666666667 0.2090186403508772 0.01850328947368418 0.034265350877192985
2 0.7792626096491229 0.3231222587719298 0.017817982456140413 0.044544956140350866
2 0.9463082107843137 0.26807598039215685 0.014552696078431349 0.03216911764705882
2 0.6246314858490565 0.5537948768343814 0.014331105870020955 0.027433831236897244
2 0.7613911818658281 0.5153056210691823 0.016787866876310287 0.036441954926624776
2 0.8680555555555555 0.5783624868972745 0.020473008385744285 0.05363928197064982
2 0.7120512316561844 0.697515395702306 0.018016247379454953 0.04626899895178194
2 0.8105264019916141 0.8529055293501048 0.014331105870020955 0.03111897274633124
2 0.4938089622641509 0.9161671252620545 0.01474056603773588 0.03316627358490565
2 0.7424905005241089 0.9811627849842767 0.015018998951782048 0.03376818003144666
