2 0.4647762553995681 0.16822185475161985 0.016029967602591788 0.03374730021598271
2 0.6003982181425487 0.22664686825053992 0.017295491360691195 0.03585650647948166
2 0.7014291981641468 0.17602591792656586 0.01518628509719222 0.02910704643628509
2 0.619170153887689 0.046942494600431955 0.014342602591792653 0.03248177645788336
2 0.624116183659218 0.8728941166201117 0.025096019553072613 0.05128317039106145
1 0.3171031096563011 0.3909446603927987 0.037080605564648095 0.02813011456628478
1 0.8256605418454935 0.7158496512875536 0.08298685622317592 0.04861856223175964
0 0.02013687015503876 0.2464874031007752 0.02452761627906977 0.016351744186046513
0 0.01175858329774269 0.2718595203118702 0.02159714540904464 0.016772536386452208
0 0.08371673272933182 0.35003185164212913 0.019686084371460938 0.015262245186862977
0 0.1686544450736127 0.3474881441109853 0.01880131653454134 0.014156285390713452
0 0.22859746602491507 0.37624309881087203 0.020570852208380508 0.01504105322763305
0 0.18922529728199322 0.3432854968856172 0.022782771800679502 0.01858012457531144
0 0.19729880379388448 0.42092387457531144 0.022119195922989804 0.017252972819932044
0 0.2868815472819932 0.44824108154020387 0.023888731596829027 0.01835893261608157
0 0.40234375 0.5054192030011325 0.02300396375990943 0.017695356738391788
0 0.47666424830124576 0.4839635829558324 0.01858012457531144 0.016368204983012447
0 0.46914372168742924 0.536717865232163 0.02388873159682897 0.01968608437146102
0 0.5488834229898074 0.5609383847678369 0.022782771800679447 0.016810588901472245
0 0.5971204758350641 0.5434048059449637 0.022049557589131186 0.015620943665628162
0 0.68359375 0.5673114416221033 0.02193348930481276 0.01705938057041001
0 0.6907308377896613 0.5890708556149733 0.017407531194295833 0.016014928698752207
0 0.9078027517825311 0.6801122437611408 0.01636307932263814 0.012881573083779019
