0 0.06510416666666667 0.14357793898809523 0.013950892857142856 0.020926339285714274
2 0.2604166666666667 0.11654808407738096 0.022088913690476192 0.04592168898809523
2 0.275830811769616 0.16529502295492488 0.0202159849749583 0.045648998330550916
2 0.24664805926544242 0.1786636581803005 0.023150563439065103 0.046301126878130205
2 0.16858390748031496 0.5246062992125984 0.022683932086614178 0.05651759350393698
2 0.248169906496063 0.48500553641732286 0.026528666338582696 0.05805548720472442
2 0.14801457923228345 0.6883919783464567 0.019223671259842506 0.05113496555118113
2 0.21683532234251968 0.6535971333661417 0.02076156496062992 0.049212598425196874
2 0.2108759842519685 0.7135749876968505 0.02806656003937008 0.048443651574803126
2 0.1370570866141732 0.7752829724409449 0.01499446358267717 0.04036970964566933
2 0.12513841043307086 0.9294568159448818 0.022683932086614178 0.04498339074803148
2 0.531570049894958 0.07016478466386555 0.025029543067226934 0.057444852941176475
2 0.5922974658613446 0.0759092699579832 0.023388261554621925 0.05416228991596639
2 0.5211068802521008 0.13540572478991597 0.01723345588235292 0.03774947478991597
2 0.5100282300420168 0.19900538340336135 0.021336659663865554 0.04021139705882354
2 0.5769104516806722 0.2074169511554622 0.029543067226890707 0.04062171743697479
2 0.5672679227941178 0.2644514837184874 0.021746980042016806 0.042262998949579855
2 0.49156381302521013 0.31451056985294124 0.022157300420168058 0.05129004726890757
2 0.486639968487395 0.36928834033613445 0.02051601890756305 0.050879726890756316
2 0.5481880252100841 0.37667410714285715 0.018054096638655426 0.04513524159663862
2 0.4813058035714286 0.43124671743697485 0.022157300420168058 0.046776523109243684
2 0.5391609768907564 0.43658088235294124 0.01723345588235292 0.04021139705882354
2 0.5188501181722689 0.5586511948529411 0.01682313550420167 0.0356978728991596
2 0.45176273634453784 0.6025554753151261 0.022157300420168058 0.05211068802521013
2 0.4423253676470589 0.6610261292016808 0.017233455882352977 0.03692883403361347
2 0.4349396008403361 0.7223690257352942 0.020516018907562994 0.04144235819327724
2 0.4845883665966387 0.7570410976890756 0.021336659663865554 0.03939075630252098
2 0.4263228728991597 0.7777622767857143 0.027081144957983194 0.048828125
2 0.4115513392857143 0.8427980567226891 0.02051601890756305 0.040211397058823484
2 0.4745355173319328 0.8278213629201681 0.012719931722689093 0.026670824579831942
2 0.39494270156046807 0.9517992116384915 0.020318595578673604 0.046478787386215914
2 0.4609781371911573 0.9088761784785435 0.016254876462938883 0.03885931404421328
2 0.454120611183355 0.9617045269830948 0.01777877113133941 0.0347955949284785
2 0.17548403532608697 0.9778787364130435 0.020125679347826053 0.04033627717391319
