2 0.1011326860841424 0.08722694174757281 0.022122775080906154 0.043613470873786406
2 0.17192556634304207 0.038872876213592235 0.021490695792880266 0.039820995145631075
2 0.14523150647948163 0.2913995005399568 0.021513903887689007 0.05990145788336937
2 0.06880060229067932 0.3998753455766193 0.01789593206951027 0.03702606635071093
2 0.12711665679304895 0.42749062006319116 0.024066943127962065 0.045356931279620816
2 0.06432661927330174 0.4703791469194313 0.021907089257503953 0.04967663902053715
2 0.11894006714060032 0.4901263823064771 0.017587381516587675 0.034866212480252734
2 0.05507010268562402 0.5387230943917851 0.02375839257503949 0.054304897314376044
2 0.109375 0.6152436315165877 0.016970280410742486 0.04011157187993686
2 0.04488793443917852 0.6121581259873616 0.01943868483412322 0.051836492890995234
2 0.03748272116903634 0.6837418542654028 0.016970280410742493 0.03640896524486581
2 0.028226204581358615 0.7490002962085308 0.020672887045813583 0.06140156003159558
2 0.09302182069510269 0.7991397610584517 0.021907089257503953 0.05492199842022116
2 0.01123046875 0.9585937499999999 0.0201171875 0.04648437500000002
2 0.30154854910714285 0.8827194940476191 0.022321428571428603 0.04487537202380942
2 0.2905334320448878 0.5889816474438903 0.016073098503740613 0.0401827462593517
2 0.3493463606608479 0.6031064915835411 0.02021313902743138 0.041643937032418976
2 0.30100529925187036 0.5345522911471321 0.01656016209476313 0.033607387780548614
2 0.3595746960723192 0.5414929473192021 0.022161393391521178 0.05138520885286779
2 0.3682200748129676 0.479514105361596 0.017534289276808 0.03896508728179554
2 0.311151743498818 0.4248531693262412 0.013390218676122945 0.03301381501182038
2 0.3233774862825789 0.4198281035665295 0.017146776406035624 0.04340277777777779
2 0.332218792866941 0.36115397805212623 0.021969307270233163 0.0466177983539095
2 0.40509259259259256 0.24809242112482854 0.0267918381344307 0.04983281893004113
2 0.36383316186556924 0.1860693158436214 0.02036179698216739 0.04206318587105626
2 0.369727366255144 0.12592163923182442 0.01768261316872427 0.036972736625514396
2 0.3811138974622771 0.0684531464334705 0.021165552126200304 0.04367069615912208
2 0.4342956961591221 0.07702653463648834 0.023576817558299046 0.047957390260631005
2 0.42558834876543206 0.12953853737997256 0.016343021262002766 0.03188228737997256
2 0.07375169836956524 0.9736328125 0.020465353260869512 0.04882812500000011
