2 0.2721101334951457 0.06905466221682849 0.018330299352750823 0.03950495550161813
2 0.29897350323624594 0.207005966828479 0.017698220064724934 0.038556836569579284
2 0.059625589622641514 0.3167479631217839 0.024120926243567757 0.03383629931389365
2 0.15560677530017153 0.401673724271012 0.03785645368782162 0.04489172384219553
2 0.11791782804459691 0.5469018010291595 0.026801029159519707 0.04321665951972553
2 0.3241616649269311 0.5296679279749478 0.03017353862212946 0.03588204592901878
2 0.36060357862903225 0.6823179183467742 0.04252772177419356 0.018901209677419373
2 0.36710086945564513 0.795134513608871 0.028745589717741937 0.03662109375
2 0.1956117691532258 0.9764679939516129 0.047253024193548376 0.04095262096774199
2 0.1845860635080645 0.7242549773185484 0.060641381048387094 0.018507434475806495
2 0.1834047379032258 0.739809097782258 0.058278729838709686 0.02205141129032262
2 0.0083220108695653 0.025305706521739187 0.015285326086956541 0.04755434782608695
