0 0.3558572935168739 0.8986040186500888 0.022896314387211347 0.01908026198934276
0 0.45925175195567147 0.9503340938722296 0.022154090612777066 0.017315840938722293
0 0.4084800606343283 0.941095304726368 0.023077969527363185 0.016518967661691475
0 0.34179687499999994 0.9718254430970148 0.022349191542288538 0.01724774564676612
0 0.225556786380597 0.9251836520522387 0.020648709577114427 0.015304337686567138
0 0.21183146766169153 0.8882589008084576 0.021377487562189074 0.01724774564676612
0 0.23832200074515647 0.8744702403129656 0.020957526080476907 0.01659137481371087
0 0.16435546875 0.82490234375 0.019726562500000017 0.013867187499999933
0 0.1303013392857143 0.7905144262566137 0.02402653769841269 0.016017691798941747
0 0.048046875 0.7509765625 0.021875 0.018359374999999956
0 0.04677734375 0.76640625 0.023242187499999997 0.01953125
