0 0.4613466441565601 0.025500447905181932 0.0161504272326351 0.013135680815876512
0 0.6330903029753265 0.10923326378809872 0.02182737663280121 0.01729181785195935
0 0.6442874637155298 0.056932601596516724 0.021543904208998543 0.01700834542815674
0 0.7118881007157465 0.10837646983640079 0.018772367075664542 0.017174718813905934
0 0.7530756106321839 0.17050556752873564 0.021776221264367845 0.01818426724137931
0 0.8510686063218389 0.14704561781609193 0.019755747126436796 0.015714798850574696
0 0.8037382713104325 0.19444278784987276 0.021618559160305306 0.019133667302798973
0 0.8638822115384615 0.18818903348806365 0.02383123342175064 0.01994570623342176
0 0.9515633847678369 0.22539018261608154 0.01858012457531144 0.016810588901472245
0 0.94287109375 0.27939453125 0.02011718749999991 0.01582031249999999
