0 0.2640625 0.64990234375 0.01835937500000001 0.017773437500000044
0 0.32900390625 0.69365234375 0.020117187499999967 0.019335937500000067
0 0.24179687500000002 0.4380859375 0.017968750000000006 0.017187499999999967
0 0.285546875 0.49667968749999997 0.01835937500000001 0.017968749999999978
0 0.33115234375 0.53466796875 0.018945312500000033 0.01894531250000009
0 0.20471643518518517 0.3888682208994709 0.025834986772486773 0.022941468253968256
1 0.2146484375 0.4853515625 0.07382812500000002 0.06523437499999996
0 0.42456079373104144 0.6120726428210312 0.012639029322548012 0.012836514155712853
0 0.43996461071789683 0.6280689143073812 0.017378665318503572 0.017971119817998038
0 0.55693359375 0.73798828125 0.015429687500000067 0.015429687500000067
0 0.5224145285642061 0.8205178842264913 0.01915602881698686 0.018958543983822018
0 0.5835360844287159 0.852510427199191 0.017773634984833198 0.02172333164812934
0 0.6470703124999999 0.875 0.017968749999999978 0.020312499999999956
0 0.68779296875 0.9087890624999999 0.015039062499999978 0.017968749999999978
0 0.7353515625 0.90380859375 0.017578125 0.021289062499999956
