3 0.11899834437086093 0.8821399006622517 0.07760761589403975 0.0620860927152318
3 0.31237065397350994 0.6603114652317881 0.07631415562913907 0.0711403145695364
3 0.4003259519867549 0.5464869619205297 0.0685533940397351 0.06596647350993379
3 0.7472071256038648 0.018795289855072426 0.05661231884057971 0.035854468599033816
3 0.49930245535714285 0.3228236607142857 0.0697544642857143 0.06556919642857145
1 0.32490234375000004 0.32353515624999996 0.03105468750000001 0.02558593749999999
1 0.33662109375 0.359765625 0.0302734375 0.02617187500000001
1 0.3209635416666667 0.5244140625 0.02774931693989069 0.031217981557376984
1 0.7083984375000001 0.05810546875 0.027734374999999978 0.026757812500000006
1 0.2298828125 0.11328125 0.02226562500000001 0.0234375
