1 0.724322150735294 0.08323759191176469 0.0390625 0.049977022058823525
1 0.8768606931584362 0.3511043595679012 0.051842206790123524 0.06972575874485593
0 0.8650053047839507 0.3745137281378601 0.020093878600823123 0.02250514403292181
0 0.8344601362179488 0.02587473290598291 0.01794537927350426 0.020032051282051284
0 0.69423828125 0.00966796875 0.017773437500000044 0.0177734375
0 0.75771484375 0.17255859375 0.019335937499999956 0.022851562500000006
0 0.8500812434348739 0.18946543461134455 0.015797334558823484 0.019900538340336116
0 0.8545947675945378 0.2284458705357143 0.014156053046218475 0.01866957720588236
0 0.95 0.4013671875 0.016406250000000067 0.018750000000000044
0 0.9825195312499999 0.43525390625 0.018164062500000022 0.022851562499999978
