0 0.7462754360465116 0.9193313953488371 0.010598352713178327 0.029069767441860406
0 0.79443359375 0.7953125 0.012304687499999911 0.030468750000000044
0 0.80634765625 0.79677734375 0.011523437500000067 0.031054687499999956
0 0.79462890625 0.79609375 0.011523437500000067 0.029687499999999978
0 0.9426380691399663 0.4902574304384486 0.03425379426644182 0.013503899662731855
0 0.9739275927487353 0.341879215851602 0.019761804384485604 0.010539629005059004
0 0.6890190972222222 0.905554279003268 0.02680759803921573 0.019467422385620936
0 0.68310546875 0.94833984375 0.02792968749999991 0.013867187500000044
0 0.7078530566939891 0.7365362448770492 0.017076502732240484 0.008271431010928976
0 0.713589694330601 0.7484097506830601 0.01894424521857918 0.009071892076502719
0 0.7173251793032787 0.7578818732923498 0.01894424521857918 0.00933871243169404
0 0.7188317810960589 0.768140971366995 0.022850600369458074 0.010823968596059164
0 0.7822902796271638 0.7145420689081226 0.011963215712383457 0.029908039280958754
0 0.7384685003328895 0.7102509154460719 0.009102446737683123 0.02080559254327563
0 0.7720703124999999 0.7079101562500001 0.010156249999999978 0.020117187500000022
0 0.7599609375 0.71357421875 0.009375000000000022 0.016992187499999978
0 0.80693359375 0.7115234374999999 0.009179687499999978 0.017187500000000022
0 0.84306640625 0.7118164062500001 0.010351562500000022 0.018164062500000022
0 0.9131099120294599 0.732182129705401 0.018220642389525366 0.009270151391162051
0 0.9165143762183237 0.7021655701754386 0.022462841130604372 0.009518153021442433
1 0.7260834316037736 0.7128169221698113 0.012897995283018937 0.03500884433962259
0 0.8556239652317881 0.6591796875 0.02004863410596025 0.010024317052980125
0 0.8446921764964789 0.6265129841549296 0.018912301936619746 0.008252640845070491
0 0.857167548988622 0.6367928255372945 0.02049423198482936 0.009382901390644682
0 0.8601199730514095 0.6795449834162521 0.013927757048092793 0.018786276948590364
0 0.8590663797968398 0.6466695471218962 0.018517212189616217 0.009479049097065428
0 0.976916652571042 0.6120602165087957 0.02246490189445194 0.010571718538565644
0 0.9162016369047619 0.6526031876566416 0.022272478070175405 0.009055842731829578
0 0.916079260651629 0.6641065554511278 0.02202772556390975 0.01101386278195482
1 0.9902392700501252 0.06201539003759401 0.010279605263157965 0.020314458020050122
0 0.9600123355263157 0.06262727130325817 0.009545347744360888 0.015174655388471181
0 0.9710261983082706 0.06115875626566418 0.008566337719298267 0.015174655388471174
