1 0.5786204522696929 0.3543631091455274 0.025554906542056055 0.011995160213618183
1 0.6336417306408544 0.35410234479305747 0.027119492656875743 0.01147363150867825
0 0.5353407972440944 0.17378198818897636 0.009534940944881942 0.019069881889763773
0 0.5447219488188977 0.1754736712598425 0.00922736220472442 0.01937746062992124
0 0.5548720472440944 0.1739357775590551 0.009842519685039353 0.01876230314960628
0 0.5512112214434061 0.19283407969885774 0.007707035306334431 0.018253504672897186
0 0.5427237587108014 0.19349774970963995 0.009300595238095233 0.015879065040650425
0 0.5332150585539714 0.18694310081466398 0.009944628309572323 0.01909368635437883
0 0.5630489434826884 0.2096168533604888 0.014718049898167052 0.016309190427698572
0 0.5806640624999999 0.20830078125 0.015234375000000022 0.008398437499999994
0 0.6222060970522802 0.21735087597330366 0.013469827586206962 0.02672239988876529
0 0.7405490595872171 0.062286742676431424 0.020025382822902893 0.01274342543275632
0 0.8138887733022637 0.06228674267643143 0.018985103195738984 0.012223285619174441
0 0.7917902714564369 0.06209870773732119 0.019048683355006535 0.011937174902470739
0 0.7278175931315483 0.3054742069266589 0.02000873108265433 0.01205071303841676
0 0.7273628492433062 0.3267334837019791 0.013642316647264341 0.010459109429569236
0 0.7455078125000001 0.27392578125 0.015234375000000022 0.008398437500000022
0 0.7275390625 0.27568359374999996 0.01601562500000009 0.007617187500000011
0 0.76015625 0.283984375 0.010937500000000044 0.015625
0 0.7716796875 0.29150390625 0.010546875000000067 0.015039062499999978
0 0.9227539062500001 0.22236328125 0.018164062500000022 0.010351562499999994
0 0.92216796875 0.23388671875 0.018945312499999978 0.009960937499999989
0 0.96064453125 0.24404296875 0.017773437499999933 0.009960937499999989
0 0.962109375 0.22919921875 0.018749999999999933 0.0107421875
0 0.92255859375 0.21298828125 0.017773437499999933 0.0087890625
0 0.94116110468107 0.7612204218106997 0.009243184156378592 0.0170797968106996
0 0.7681640625 0.0615234375 0.020312499999999956 0.009765625
0 0.7132812500000001 0.06083984375 0.019140625000000022 0.009570312500000004
0 0.68916015625 0.061816406250000004 0.022851562499999978 0.009960937500000003
