0 0.7794921875 0.93037109375 0.012890624999999933 0.017382812500000067
0 0.79130859375 0.9267578125 0.013085937499999978 0.020703125000000044
0 0.80205078125 0.92451171875 0.013476562500000067 0.016992187499999978
0 0.81123046875 0.92041015625 0.015039062499999978 0.01621093749999991
0 0.8211914062500001 0.9171875 0.012304687500000022 0.016406250000000067
0 0.8314453125000001 0.9125 0.016015624999999978 0.017578125
0 0.8233864761777302 0.9668386978051392 0.015265323875802927 0.023211656852248463
0 0.8356196466809422 0.9649566715738758 0.01631089400428265 0.022375200749464752
0 0.8488983873126339 0.9599379349571735 0.011919499464668193 0.01652000802997866
0 0.8590404175588865 0.9595197069057816 0.011710385438972182 0.014847095824411127
