0 0.4071465163934426 0.8826203893442623 0.02212183308494786 0.017173528315946318
0 0.4086019001490313 0.8909160767511177 0.018046758569299548 0.011643070044709436
0 0.416606510804769 0.8974653036512668 0.020666449329359127 0.01542706780923997
0 0.3981231371087929 0.9079440666915052 0.020375372578241457 0.01426276080476896
0 0.40234375 0.9191505216095379 0.022412909836065587 0.019211065573770503
0 0.41585444478155337 0.9433641155946602 0.020147527305825252 0.016118021844660158
0 0.44275731947815533 0.9481047102548543 0.02180673543689321 0.016592081310679574
0 0.41964692050970875 0.9518971859830097 0.020621586771844613 0.014221783980582492
0 0.4360019720873786 0.9763112484830097 0.020147527305825252 0.016592081310679574
0 0.4416906856796116 0.9843702594053398 0.020147527305825252 0.01327366504854377
0 0.45875682645631066 0.973585406553398 0.01919940837378642 0.013510694781553423
0 0.46397148058252424 0.9830665958737864 0.018725348907767003 0.014932873179611672
0 0.4531866277305825 0.864551729368932 0.02038455703883496 0.016829111043689338
0 0.456030984526699 0.8740329186893203 0.019436438106796128 0.014932873179611561
0 0.4621937575849514 0.883277078276699 0.017066140776699046 0.015406932645631088
0 0.47392672936893204 0.8986840109223301 0.01777722997572817 0.01398475424757284
0 0.4819857402912621 0.9152760922330097 0.022043765169902918 0.014932873179611672
0 0.4762970266990291 0.9086392597087378 0.016829111043689338 0.01114039745145634
0 0.48625227548543687 0.9253498558859223 0.017303170509708754 0.012799605582524243
0 0.4899262363470873 0.9343569857402912 0.019436438106796128 0.015643962378640852
0 0.49525940533980584 0.942653026395631 0.016355051577669866 0.012799605582524243
0 0.4998814851334952 0.9507120373179612 0.020858616504854377 0.01706614077669899
0 0.47333415503640774 0.8529372724514563 0.019436438106796128 0.01777722997572806
0 0.484375 0.88193359375 0.018750000000000044 0.015429687499999956
0 0.49462890625 0.898046875 0.019335937499999956 0.013671875
0 0.5044921875 0.9150390625 0.020703125000000044 0.014453124999999956
0 0.5108506944444444 0.9337694279100529 0.01989293981481477 0.01885954034391535
0 0.5169219163359788 0.9434575479497356 0.01705109126984128 0.01705109126984128
0 0.5300161000844594 0.957592113597973 0.020784945101351315 0.015506228885135198
0 0.5414090106007067 0.8832633981154299 0.020934555359246154 0.018173954652532354
0 0.5726958186101295 0.9435365135453474 0.020474455241460632 0.018173954652532354
0 0.5611933156654888 0.9167356816843345 0.020014355123674887 0.01610350412249706
0 0.5140772405660378 0.9759483097484276 0.019408411949685567 0.014003537735849059
0 0.5209561713836477 0.9845469732704402 0.01989976415094341 0.01646029874213839
0 0.6999228809012876 0.8123882331902719 0.017323855507868413 0.014250268240343256
0 0.6950330829756795 0.8038660139484979 0.019279774678111594 0.015088519313304682
0 0.67841796875 0.7712890625 0.018164062500000022 0.016015624999999978
0 0.67275390625 0.76259765625 0.017773437500000044 0.015429687499999956
0 0.4744228696949602 0.5433262185013262 0.014246933023872699 0.01942763594164454
0 0.48245295921750664 0.5377569628647214 0.015283073607427089 0.017096319628647216
0 0.49022401359416445 0.5321877072281167 0.017873425066312953 0.023054127984084793
0 0.5011034897214854 0.5299859084880636 0.015801143899204284 0.02383123342175064
0 0.45869140625 0.60498046875 0.0146484375 0.017773437500000044
0 0.490234375 0.6623046875 0.016796875000000044 0.021484375
0 0.5013671875 0.66123046875 0.015625 0.0185546875
0 0.51044921875 0.6553710937499999 0.014257812500000022 0.018945312499999978
0 0.46572265625 0.6773437499999999 0.013085937500000033 0.019140625000000022
0 0.4458984375 0.67431640625 0.013671875 0.013085937500000089
0 0.45429687500000004 0.68427734375 0.014453125000000011 0.012304687500000022
0 0.44345703125 0.66337890625 0.013867187499999989 0.012304687500000022
0 0.43310546875 0.6580078125 0.016210937500000022 0.014453125000000067
0 0.4205078125 0.63037109375 0.021093749999999967 0.01699218750000009
0 0.10745422489648032 0.4441964285714286 0.015972761387163567 0.017792443064182206
0 0.11787109374999999 0.43740234375 0.016601562499999986 0.0185546875
0 0.1847593245967742 0.43236517137096775 0.016696068548387122 0.021106350806451624
0 0.2638594632768362 0.3512167490583804 0.02317266949152541 0.017655367231638408
0 0.2056640625 0.42070312499999996 0.01640625000000001 0.01874999999999999
0 0.2158203125 0.41523437500000004 0.015625 0.02031250000000001
0 0.2333984375 0.40556640624999996 0.01640625000000001 0.01972656249999999
0 0.2501953125 0.39775390625 0.013671875 0.016210937500000022
0 0.25830078125 0.39169921875 0.014257812500000022 0.0185546875
0 0.2666015625 0.38652343749999996 0.014062499999999978 0.02031250000000001
0 0.27529296875 0.3814453125 0.013085937500000033 0.01953125
0 0.28349609375 0.37802734375 0.012304687500000022 0.01738281250000001
0 0.29189453125 0.3720703125 0.015039062500000033 0.018750000000000044
0 0.30029296875 0.367578125 0.015429687499999956 0.01835937500000001
0 0.30841311416184974 0.36260386560693647 0.013547687861271696 0.018966763005780318
0 0.38017578124999996 0.32041015625 0.015429687500000011 0.01972656249999999
0 0.3880859375 0.3162109375 0.01640625000000001 0.019140625000000022
0 0.398046875 0.31240234375 0.014453125000000011 0.016210937499999967
0 0.43681640625 0.32138671875 0.016210937500000022 0.018945312500000033
0 0.42744140625000004 0.32646484374999996 0.013476562500000011 0.01777343749999999
0 0.42075552591463417 0.25843178353658536 0.010241996951219523 0.018102134146341486
0 0.4274247332317074 0.17280392530487806 0.010241996951219523 0.021198551829268275
0 0.3812474130794702 0.06839171150662252 0.020695364238410563 0.011317777317880806
0 0.3222332884933775 0.023443967301324503 0.01907853890728478 0.016491618377483447
0 0.2748603062913907 0.048828125 0.01875517384105957 0.01552152317880795
0 0.2664528145695364 0.05545710885761589 0.018108443708609256 0.01519815811258278
0 0.2540032595198676 0.06014590231788079 0.01907853890728478 0.01940190397350993
0 0.12643574089403975 0.1303161216887417 0.020048634105960278 0.015521523178807936
0 0.15295167632450332 0.11560301117549668 0.019401903973509937 0.013904697847682126
0 0.3602162637174211 0.5302104766803841 0.020093878600823067 0.016610939643347034
0 0.256132491186839 0.030869014394829614 0.016065658049353726 0.01859026145710928
0 0.12301703877790834 0.1758042009400705 0.014229582843713284 0.021573883666274968
0 0.13380398061104584 0.17109925822561695 0.014229582843713284 0.021344374265569926
0 0.14218107373678027 0.16731235311398357 0.013082035840188022 0.019737808460634526
0 0.15090243096357225 0.16031231639247945 0.015836148648648657 0.02226241186839012
0 0.18555835047003527 0.1419515643360752 0.012623017038777912 0.015377129847238546
0 0.21918147767332552 0.12267277467685077 0.014229582843713257 0.01813124265569918
0 0.23627992802585196 0.11383666274970623 0.014918111045828436 0.019278789659224443
0 0.2531938197890819 0.10464969758064518 0.012600806451612878 0.01550868486352358
0 0.6923012485891649 0.704866499717833 0.02182385722347624 0.020501199209932208
1 0.5117634780534351 0.0612525842875318 0.010685034987277353 0.030067191475826975
0 0.4938722566793893 0.15779063295165394 0.010685034987277353 0.02186704834605596
0 0.5009692928039702 0.24580296215880895 0.013327776054590623 0.023989996898263033
0 0.5399833281637717 0.29547921836228286 0.016720300868486415 0.027867168114143914
0 0.5909935428849903 0.41890533625730997 0.017894127680311955 0.023224293372319682
1 0.6207423226643598 0.5072042603806228 0.03784602076124566 0.04865916955017302
0 0.6807215073529411 0.5888097426470588 0.016557634083045003 0.019260921280276788
0 0.7939216587370241 0.714512597318339 0.021288386678200655 0.02331585207612452
0 0.8574489078719723 0.7951043468858131 0.021964208477508684 0.02365376297577848
0 0.8412874906855439 0.812761969076006 0.01542706780923997 0.01833783532041733
0 0.9147173311990687 0.9131257275902211 0.01682552386495928 0.016370779976717098
0 0.5818238880918221 0.11049587517934001 0.01989553443328551 0.017653784074605453
0 0.60213975071736 0.09886679519368721 0.021296628407460605 0.016813127690100432
0 0.6340846933285509 0.10545193687230989 0.014010939741750272 0.02045597202295553
0 0.7267578125 0.02802734375 0.023046875000000022 0.0181640625
0 0.7357095542394015 0.04980225218204489 0.01217658977556102 0.017777821072319205
0 0.742771976309227 0.04273983011221945 0.014124844139650872 0.018264884663341648
0 0.7516803421787708 0.03742580307262569 0.012875349162011163 0.016366969273743016
0 0.7611731843575418 0.033388617318435745 0.011784217877094938 0.013093575418994412
0 0.7693566689944134 0.030006110335195527 0.016366969273743037 0.018985684357541898
0 0.779504189944134 0.025750698324022346 0.015712290502793325 0.02138617318435754
0 0.7968531773743016 0.016476082402234634 0.013311801675977675 0.018112779329608936
0 0.5882968421743697 0.3314362854516807 0.020310858718487368 0.013335412289915971
0 0.5899381236869748 0.3410788143382353 0.02072117909663862 0.013335412289915916
0 0.5973238904936975 0.3486697413340336 0.021541819852941124 0.014156053046218475
0 0.6041967568277311 0.3616974133403361 0.01682313550420167 0.020105698529411742
0 0.685752600780234 0.051685427503250975 0.020826560468140354 0.01549292912873862
0 0.6947689775682704 0.2092815344603381 0.017016823797139202 0.018794700910273077
0 0.89765625 0.7442382812499999 0.017578125 0.016210937500000022
0 0.90380859375 0.75302734375 0.0166015625 0.013476562499999956
0 0.91201171875 0.76123046875 0.017382812499999956 0.0166015625
0 0.9249023437499999 0.778515625 0.016992187499999978 0.017578125
0 0.8966796875 0.69775390625 0.014843749999999933 0.013867187500000044
0 0.90478515625 0.70673828125 0.017773437500000044 0.018164062500000022
0 0.98671875 0.8640625 0.01953125 0.021874999999999978
0 0.9573787654842342 0.8708298141891891 0.014516469594594517 0.0142965230855856
0 0.9639771607545045 0.8777581292229729 0.01935529279279269 0.01715582770270263
0 0.5603673398328691 0.4182353325208914 0.013601149025069592 0.01604935584958217
0 0.8962455035971223 0.28694778552158273 0.020725607014388414 0.012646133093525191
0 0.6773086229543466 0.3592715186384109 0.019032033707101714 0.020184283961171834
0 0.7342422217653508 0.3168474163925438 0.016918516995614086 0.01906010142543857
0 0.770006699515906 0.291990836791148 0.015398080912863099 0.019450207468879654
0 0.787109375 0.280859375 0.01601562500000009 0.019921875000000033
0 0.7961428623399301 0.2760295401629802 0.017052895809080315 0.019099243306169966
0 0.84921875 0.24130859375000002 0.016796875000000044 0.020507812500000028
0 0.8884336890243903 0.20769817073170732 0.017625762195121908 0.019054878048780505
