1 0.05149931066176469 0.7004825367647058 0.028435202205882353 0.018382352941176405
1 0.04862706801470587 0.7149873621323529 0.029584099264705878 0.018095128676470562
0 0.09644990808823528 0.6624253216911764 0.014361213235294115 0.020967371323529438
1 0.07103056066176469 0.6565372242647058 0.032456341911764705 0.024126838235294157
1 0.05652573529411764 0.5930606617647058 0.021254595588235288 0.03331801470588236
1 0.07361557904411764 0.5939223345588235 0.016946231617647065 0.03676470588235303
0 0.011536761647254576 0.5329658901830283 0.01202423044925125 0.02079866888519133
0 0.04598455698835274 0.5529521110648918 0.01267418885191348 0.019173772878535722
0 0.038185056156405994 0.5420653078202995 0.012024230449251251 0.022748544093178058
0 0.023560992096505824 0.3781133007487521 0.013974105657237938 0.017873856073211347
0 0.031035513727121464 0.35617720465890185 0.01332414725457571 0.02079866888519133
0 0.06787109375 0.280078125 0.017382812500000004 0.013281250000000022
0 0.1037109375 0.25263671875 0.017578125 0.015039062499999978
0 0.12197265625 0.25908203124999996 0.0146484375 0.01972656249999999
0 0.13359375 0.2625 0.01171875 0.021874999999999978
0 0.14200234826589597 0.189193460982659 0.017611994219653176 0.0180635838150289
0 0.15272760115606937 0.19596730491329478 0.017386199421965315 0.0180635838150289
