0 0.15132926274271846 0.045021427487864085 0.02062158677184467 0.025599211165048548
0 0.12489891404805917 0.6653477356746765 0.018051062846580423 0.014440850277264383
0 0.1174979782809612 0.6727486714417745 0.01913412661737525 0.016245956561922403
0 0.10269610674676526 0.6886336067467653 0.019134126617375236 0.016245956561922292
0 0.10089100046210722 0.702713435767098 0.018412084103512014 0.015523914048059195
0 0.07731728241822433 0.8263954804322431 0.02007885514018691 0.017340829439252414
0 0.08336375584112152 0.8190940785630841 0.02121969918224298 0.017797167056074814
0 0.08872572283878508 0.8103095794392523 0.022816880841121503 0.01848167348130836
0 0.0922623393691589 0.7999278986565421 0.022588712032710276 0.017797167056074703
0 0.0970538843457944 0.791257483936916 0.022132374415887848 0.017797167056074703
0 0.10174181916873451 0.7827911755583126 0.018416563275434242 0.016235654466501326
0 0.12662669742339833 0.7348700818245126 0.018225539693593307 0.016593401810584996
0 0.1382144220977597 0.7744717413441955 0.01790033095723012 0.01591140529531565
0 0.16491780707610149 0.8163071595460614 0.01538509679572761 0.012255924566088039
0 0.1700321607468124 0.7573927026411658 0.019211065573770503 0.01778802367941712
0 0.17501280737704922 0.7671761156648451 0.018499544626593784 0.01743226320582869
0 0.1817722563752277 0.7757143670309654 0.016364981785063765 0.018143784153005438
0 0.19333447176684884 0.7917235883424407 0.01672074225865211 0.016720742258652055
0 0.20560820810564667 0.8063097677595628 0.020634107468123858 0.016720742258652055
0 0.1902070514896373 0.8316770563471503 0.01517972797927461 0.01391475064766834
0 0.1827436852331606 0.841796875 0.015432723445595847 0.01593871437823824
0 0.17466012084592145 0.846009960347432 0.018292107250755307 0.020357345166163165
0 0.008338768975332067 0.9035519449715369 0.01593631404174573 0.022236717267552164
0 0.060864825581395346 0.9562742248062015 0.016957364341085274 0.017562984496124034
0 0.6094726562499999 0.78154296875 0.016210937500000022 0.011523437500000067
0 0.6021484375 0.8064453125 0.016406249999999956 0.010937499999999933
0 0.61591796875 0.8185546875 0.013085937499999978 0.018749999999999933
0 0.63603515625 0.8201171875 0.011132812499999978 0.016796874999999933
0 0.6504882812499999 0.7964843749999999 0.020898437499999978 0.013281250000000022
0 0.33091001157407407 0.32156635802469136 0.018687307098765427 0.01085069444444442
0 0.3291015625 0.3315128279320988 0.017481674382716084 0.012056327160493818
1 0.3948591468978102 0.9831133097627737 0.019246122262773724 0.028869183394160558
0 0.3473817912581699 0.9770412071078431 0.020105698529411797 0.013084660947712434
0 0.3553602430555555 0.9373085171568627 0.018190870098039214 0.008935866013071947
0 0.42301751429738566 0.9784773284313726 0.015637765522875824 0.02106311274509809
0 0.6896573733660131 0.9361915339052287 0.021063112745097978 0.013722937091503185
0 0.6925296160130718 0.9574142156862745 0.02106311274509809 0.012127246732026142
0 0.6851894403594772 0.9746476715686274 0.02170138888888895 0.014042075163398726
0 0.7608480798192772 0.8663874246987953 0.009177334337349352 0.01647213855421692
0 0.80830078125 0.87939453125 0.011914062499999933 0.0205078125
0 0.71328125 0.8205078125 0.018359374999999956 0.013671875
0 0.71943359375 0.80244140625 0.019335937500000067 0.013867187499999933
0 0.7250000000000001 0.782421875 0.019921874999999978 0.012890624999999933
0 0.7302734375 0.7646484375 0.01953125 0.011328124999999911
0 0.73623046875 0.7455078125000001 0.019335937499999956 0.012109374999999978
0 0.76396484375 0.81767578125 0.017773437499999933 0.011914062499999933
0 0.7654296875 0.8068359375 0.020312500000000067 0.012890624999999933
0 0.7710633257997218 0.7879052938108484 0.02037334840055638 0.016027034075104307
0 0.769705102573018 0.7984994349791377 0.016027034075104307 0.011680719749652235
0 0.775817107093185 0.769297635605007 0.019558414464534102 0.011952364394993142
0 0.7809783553546592 0.7595184283727399 0.016841968011126474 0.012495653685674624
0 0.786003781293463 0.7417257041029206 0.018743480528511713 0.011137430458970754
0 0.788856050069541 0.732082319193324 0.01901512517385262 0.010322496522948477
0 0.7180148754612545 0.5677467712177121 0.019218942189421884 0.010810654981549872
0 0.7210178351783517 0.5589781288437884 0.018978705412054042 0.009609471094710997
0 0.7237805581180812 0.5503296048585485 0.019218942189421884 0.010570418204182142
0 0.7251018603936039 0.5407201337638377 0.02042012607626076 0.012011838868388636
0 0.7283450568880687 0.5320716097785978 0.021621309963099633 0.012011838868388636
0 0.7307474246617465 0.5227023754612545 0.023062730627306238 0.01057041820418203
0 0.7339906211562115 0.5129727859778597 0.021861546740467475 0.011291128536285444
0 0.7378344095940959 0.5019218942189422 0.022822493849938508 0.009849707872078672
0 0.7396361854243542 0.49159171279212793 0.02114083640836406 0.008888760762607584
0 0.7455219864698647 0.4835437807503075 0.01849823185731858 0.009609471094710997
0 0.8356537775616082 0.5715639186121919 0.010639591439688734 0.021532506485084313
0 0.7881556014915694 0.6060159289883268 0.013426151102464368 0.022545800907911806
0 0.7994285019455252 0.6094357976653696 0.014692769130998706 0.02482571335927375
0 0.8075348573281452 0.6158955496108949 0.011146238651102536 0.019505917639429327
0 0.807403915229885 0.5381196120689655 0.021776221264367734 0.014816810344827513
0 0.8530854565663475 0.6302528642270862 0.012290526675786562 0.01923734610123118
0 0.8716548392612858 0.635062200752394 0.014695194938440403 0.02084045827633374
0 0.8876859610123118 0.6416082421340629 0.013092082763337953 0.023245126538987693
0 0.9289660995212037 0.6522956566347469 0.013893638850889123 0.02217638508891928
0 0.9750555745554035 0.6652541467168263 0.016298307113543076 0.02190919972640215
0 0.9551501664959017 0.6610807825307377 0.013607838114754078 0.020211641905737765
0 0.9842669377561475 0.6718870069159837 0.013807953381147597 0.019010950307377095
0 0.7294170673076923 0.4013564560439561 0.019960508241758323 0.010731456043956034
0 0.7392900068681318 0.38354223901098905 0.01824347527472525 0.011160714285714246
0 0.7414362980769231 0.3757082760989011 0.018672733516483575 0.011375343406593408
0 0.7435825892857144 0.36540607829670335 0.02124828296703296 0.01094608516483514
0 0.7471239697802198 0.3573574862637363 0.01888736263736268 0.010302197802197821
0 0.7485190590659341 0.34769917582417587 0.019960508241758212 0.012019230769230782
0 0.7522750686813187 0.3387920673076923 0.02017513736263743 0.011804601648351676
0 0.7562457074175825 0.32945570054945056 0.017384958791208716 0.009872939560439553
0 0.757104223901099 0.30960250686813184 0.020389766483516536 0.010516826923076927
0 0.7582846840659341 0.3204412774725275 0.018028846153846145 0.009014423076923128
0 0.71025390625 0.309765625 0.0185546875 0.012109374999999978
0 0.70556640625 0.32578125 0.021679687500000044 0.013281249999999967
0 0.70380859375 0.33642578125 0.021289062500000067 0.011132812499999978
0 0.7839265046296297 0.4498657728909465 0.010247878086419693 0.018486368312757184
0 0.898613231041131 0.4423401349614396 0.01330535025706936 0.02209190231362468
0 0.8803576167728238 0.44525859209129515 0.010366905520169833 0.02425855891719747
0 0.8949838033536586 0.39991425304878053 0.018340320121951303 0.010480182926829285
0 0.8952219893292683 0.41158536585365857 0.018816692073170715 0.010003810975609762
0 0.8933165015243903 0.4239710365853659 0.018816692073170715 0.011909298780487854
0 0.8960556402439025 0.36656821646341464 0.01953125 0.010480182926829229
0 0.8960556402439025 0.3821693978658537 0.017625762195121908 0.010241996951219523
0 0.9513532870928829 0.4966450542822678 0.010366405307599469 0.02120401085645357
0 0.9603060916767188 0.4965272542219541 0.010366405307599469 0.020026010253317184
0 0.9789185012062724 0.4961738540410132 0.010366405307599469 0.020732810615198993
