1 0.390625 0.18305759803921567 0.029105392156862753 0.02297794117647059
0 0.049492642302716716 0.154349935316947 0.019708117723156532 0.0176867723156533
0 0.13464181759379046 0.19414517302716688 0.023245472186287197 0.017434104139715384
0 0.03949333639705883 0.7078026523109244 0.019490217962184878 0.017643776260504174
0 0.02397467456608813 0.7312979806408544 0.013559746328437917 0.016949682910547437
0 0.07844261984223302 0.1034492566747573 0.013747724514563103 0.012562575849514562
0 0.17586184010922332 0.16614362105582525 0.02180673543689321 0.020384557038834933
0 0.17718640405811625 0.1874608592184369 0.0213317259519038 0.016047720440881763
0 0.14342747995991986 0.2300264591683367 0.01996179859719438 0.014286385270541074
0 0.10095973196392788 0.006826152304609239 0.022701653306613223 0.012916457915831663
0 0.47390561740890685 0.3220837550607287 0.022667847503373806 0.021613529014844812
0 0.4087721456692913 0.3813976377952756 0.020300196850393692 0.017839566929133854
0 0.4392664138023631 0.4184974154135338 0.018461331901181544 0.017202604726100967
0 0.4011789957682292 0.3131866455078125 0.01958211263020837 0.019582112630208315
0 0.51826171875 0.45166015625 0.021289062500000067 0.016992187499999978
0 0.5646484375 0.46591796875 0.016015624999999978 0.011914062499999989
0 0.62841796875 0.5223632812500001 0.021289062499999956 0.016992187499999978
0 0.6942382812500001 0.4974609375 0.020898437499999978 0.017968750000000033
0 0.8227591341006424 0.6304787874732334 0.020284060492505307 0.01714735010706636
0 0.7643763260254597 0.6455865452616689 0.030388083451202252 0.01657531824611025
0 0.9682527404526167 0.6980750530410184 0.023205445544554504 0.015470297029702929
0 0.9612082301980198 0.6502828854314002 0.022376679632248986 0.013260254596888288
