0 0.011858258928571428 0.6789434523809523 0.011625744047619048 0.02139136904761907
0 0.020937499999999998 0.6812499999999999 0.01125 0.01749999999999996
0 0.0303125 0.6853125 0.013124999999999998 0.020625000000000004
0 0.03921875 0.69046875 0.013437499999999998 0.01781250000000001
0 0.05980603448275862 0.6916756465517242 0.01616379310344828 0.022359913793103536
0 0.06748383620689655 0.6982758620689655 0.012661637931034489 0.0193965517241379
0 0.09532061387240356 0.705454840504451 0.012750370919881307 0.019994899851632053
0 0.11343193620178044 0.7116851353857567 0.013619714391691393 0.022023367952522244
0 0.06745619580924855 0.6519824783236994 0.010725252890173419 0.014112174855491433
0 0.07916930093930635 0.6522647218208093 0.01326544436416184 0.022579479768786048
0 0.13138434790462428 0.6690582098988439 0.013829931358381509 0.020603775289017356
0 0.14083950505780346 0.6556516437861272 0.019192557803468208 0.014112174855491322
0 0.14464979226878613 0.6452086343930636 0.020039288294797675 0.014676661849711059
0 0.15057690570809248 0.6366002077312138 0.01665236632947975 0.011007496387283267
0 0.15263671875 0.6259765625 0.018945312500000006 0.012499999999999956
0 0.15576171875 0.61787109375 0.020117187500000022 0.010351562500000022
0 0.1583984375 0.6083007812500001 0.020312499999999983 0.013085937499999978
0 0.09892578125 0.64091796875 0.0185546875 0.011132812499999978
0 0.11572265625 0.5951171875 0.02128906250000001 0.014453124999999956
0 0.16923828125 0.56240234375 0.0185546875 0.013867187500000044
0 0.18710937500000002 0.5087890625 0.015234374999999994 0.010937500000000044
0 0.18486328125 0.51875 0.020898437500000006 0.010546875000000067
0 0.13765795765027325 0.5216124487704918 0.01867742486338797 0.011206454918032738
0 0.1101490257595773 0.5325090819022457 0.019092635402906205 0.013416446499339596
0 0.14369014200792604 0.5067082232496697 0.022704755614266825 0.012900429326287988
0 0.05390315389696171 0.4972909098414795 0.010836360634081901 0.02244674702774102
0 0.025522209379128157 0.514964498018494 0.01032034346103038 0.02270475561426688
0 0.07182040349417637 0.5017678868552413 0.021448627287853572 0.013649126455906768
0 0.06788114068930044 0.5215004501028807 0.01848636831275719 0.011855388374485631
0 0.023071791409465053 0.4415268132716049 0.008841306584362139 0.02069669495884774
0 0.04236191486625518 0.4418282214506173 0.010046939300411527 0.020495756172839497
0 0.05220791538065847 0.4429333847736625 0.009243184156378599 0.018285429526748997
0 0.04919383359053501 0.34638229809670784 0.013663837448559674 0.009645061728395077
0 0.09490740740740743 0.3477888695987654 0.02069669495884774 0.01085069444444442
0 0.08827642746913583 0.44514371141975306 0.010649755658436219 0.021500450102880653
0 0.10676279578189302 0.44484230324074076 0.009042245370370364 0.01888824588477367
0 0.11711114326131689 0.4452441808127572 0.01004693930041152 0.02089763374485598
0 0.1758035459474886 0.4456959902968037 0.010033176369863006 0.021850028538812793
0 0.19404296875 0.44658203124999996 0.009960937500000017 0.01933593750000001
0 0.20478515625 0.44560546874999996 0.009960937500000017 0.01972656249999999
0 0.25830078125 0.479296875 0.010351562500000022 0.017187500000000022
0 0.2677734375 0.476171875 0.011328125000000022 0.019140624999999967
0 0.26142578125000004 0.4203125 0.013476562500000011 0.016015625000000033
0 0.2916015625 0.46689453125 0.011328124999999967 0.020898437500000033
0 0.33359375 0.4162109375 0.010156250000000033 0.021874999999999978
0 0.34306640624999996 0.5059570312499999 0.013476562500000011 0.016992187499999978
0 0.354296875 0.5044921874999999 0.011328125000000022 0.016015624999999978
0 0.37041015624999996 0.4966796875 0.013476562500000011 0.01835937500000001
0 0.3580078125 0.57333984375 0.01679687499999999 0.013867187500000044
0 0.353125 0.58310546875 0.015234374999999967 0.011523437499999956
1 0.6392268073811931 0.48548486476238617 0.025278058645096024 0.03732463346814957
0 0.5919921875 0.56904296875 0.016015624999999978 0.022070312500000022
0 0.6024414062500001 0.57373046875 0.015039062499999978 0.0205078125
0 0.65966796875 0.60859375 0.01621093749999991 0.021093750000000022
0 0.668359375 0.6143554687499999 0.014843750000000044 0.020117187500000022
0 0.4986328125 0.390234375 0.01171875 0.016015625000000033
0 0.50849609375 0.37177734375000004 0.013867187499999933 0.01933593750000001
0 0.5400390625 0.33701171875 0.014453124999999956 0.0185546875
0 0.5759765625 0.35957031250000004 0.016796874999999933 0.02070312499999999
0 0.7176598837209303 0.37245639534883723 0.015777998776009827 0.02247169522643816
0 0.7342773437500001 0.37666015625000004 0.013085937499999978 0.01738281250000001
0 0.7440429687500001 0.38017578124999996 0.014257812500000022 0.01738281250000001
0 0.7537109375 0.38564453125 0.015234375000000022 0.01972656249999999
0 0.79013671875 0.4087890625 0.0146484375 0.017578125
0 0.80712890625 0.42099609375 0.013085937500000089 0.018164062499999967
0 0.8281210503033367 0.429300429726997 0.017576150151668357 0.020143452982810894
1 0.8337720788043478 0.9804262907608695 0.06292459239130443 0.035241168478260976
