0 0.06121496522094926 0.691904920212766 0.02077792553191489 0.0156633592471358
0 0.19323470744680848 0.7098059022094927 0.021417246317512267 0.016942000818330638
0 0.12274959083469722 0.7606319046644845 0.01854030278232406 0.013745396890343708
0 0.15455579991816693 0.7261085822422259 0.02205656710310966 0.014384717675941072
0 0.22024601063829785 0.7473659983633387 0.020458265139116194 0.015983019639934537
0 0.32701258183306053 0.7325017900981996 0.019179623567921467 0.0156633592471358
0 0.3044765241407529 0.7590336027004909 0.02141724631751224 0.016302680032733163
0 0.34539305441898527 0.7569558101472995 0.020777925531914876 0.015343698854337173
0 0.33340578968903434 0.7804508490180032 0.02237622749590834 0.0156633592471358
0 0.41103515625 0.7970703125 0.02363281249999999 0.017187500000000022
0 0.32607421875 0.83515625 0.0224609375 0.015234375000000022
0 0.36005859375000004 0.81728515625 0.01972656249999999 0.011914062500000044
0 0.4259765625 0.8578125 0.021874999999999978 0.013671875
0 0.4751953125 0.84013671875 0.02265624999999999 0.013085937499999978
0 0.58427734375 0.8720703125 0.0166015625 0.008593749999999956
0 0.6607421875 0.8669921875 0.022265624999999956 0.012500000000000067
0 0.63486328125 0.8064453125 0.021679687500000044 0.013281250000000022
0 0.70029296875 0.8134765625 0.019335937499999956 0.013671875
0 0.840625 0.85546875 0.021093750000000022 0.013281249999999911
0 0.9605468749999999 0.91875 0.019921874999999978 0.010546875000000067
