0 0.31748046875 0.83056640625 0.0107421875 0.021679687500000044
0 0.3060546875 0.82529296875 0.010156250000000033 0.0166015625
0 0.28837890625 0.8244140625 0.010351562500000022 0.019140625000000022
0 0.27890625 0.8212890625 0.011328124999999967 0.02109374999999991
0 0.26767578125 0.8224609375 0.009570312500000011 0.018749999999999933
0 0.24755859375 0.81982421875 0.0107421875 0.01816406249999991
0 0.296484375 0.879296875 0.010937499999999989 0.018750000000000044
0 0.28525390625 0.880078125 0.011523437500000011 0.020703124999999933
0 0.27490234375 0.8787109375 0.009570312499999956 0.01953125
0 0.2640625 0.878125 0.008984374999999989 0.01953125
0 0.25458984375000004 0.87578125 0.011523437500000011 0.0234375
0 0.205078125 0.83427734375 0.017187500000000022 0.015429687500000067
0 0.1708984375 0.787109375 0.01679687499999999 0.016796875000000044
0 0.2109375 0.82353515625 0.015234375000000022 0.013085937499999978
0 0.14157019539614563 0.8370834448608138 0.021329630620985 0.01672912205567456
0 0.13216006423982868 0.8510940845824411 0.021747858672376857 0.01631089400428276
0 0.1211815778907923 0.866777636509636 0.021956972698072813 0.01589266595289074
0 0.11083043361884368 0.8812065042826552 0.01840203426124197 0.013383297644539605
0 0.10673828125000001 0.8904296875 0.021679687500000003 0.014843749999999933
0 0.10068359375 0.8982421875 0.021289062499999997 0.017578125
0 0.09111328125000001 0.9144531250000001 0.017773437500000003 0.015234375000000022
0 0.08232421875 0.9295898437500001 0.018945312500000006 0.015039062499999978
0 0.076953125 0.9384765625 0.021093749999999994 0.01796875000000009
0 0.0677734375 0.95234375 0.019531250000000007 0.015234375000000022
0 0.0642578125 0.9613281250000001 0.019921875 0.015234375000000022
0 0.05673828125 0.968359375 0.02207031250000001 0.015625
0 0.05341796875 0.9779296875000001 0.0201171875 0.015234375000000022
0 0.14140625 0.99326171875 0.017968750000000006 0.009570312499999956
0 0.1431640625 0.98408203125 0.021484375 0.009960937499999933
0 0.1447265625 0.97412109375 0.020312499999999983 0.009960937500000044
0 0.14384765625 0.9642578125000001 0.022070312499999994 0.010156249999999978
0 0.14638671875 0.9546875 0.01972656249999999 0.008593749999999956
