0 0.024365821094793072 0.8399063334445928 0.021643441255006682 0.011473631508678306
0 0.03623059913217625 0.92282939753004 0.02138267690253672 0.011473631508678306
0 0.14975106808158767 0.8476648635611908 0.02261059812568908 0.016581105292171938
0 0.20390883406835722 0.8643536383682469 0.020672546857772867 0.013351019845644907
0 0.21952091372657112 0.8796427094818081 0.015289071113561176 0.01119762954796033
0 0.312978052646086 0.8569244418412347 0.03553093991179712 0.015289071113561259
1 0.4120340063395811 0.9460748001653804 0.047589925578831294 0.017011783351708942
0 0.4540251171444322 0.880504065600882 0.020887885887541313 0.013351019845645018
0 0.4605929575523705 0.8954701281697905 0.019811190738699025 0.013566358875413465
0 0.5183038175303197 0.954688361356119 0.020672546857772867 0.012274324696802674
0 0.61181640625 0.87646484375 0.02207031249999991 0.013476562499999956
0 0.65693359375 0.9076171875 0.025195312500000067 0.010546874999999956
0 0.69873046875 0.896484375 0.0166015625 0.01171875
0 0.72646484375 0.8836914062500001 0.013476562499999956 0.015039062499999978
0 0.794140625 0.8875 0.023046875000000022 0.012890624999999933
0 0.9056640625 0.979296875 0.021484375 0.013671875
