0 0.8937133348375451 0.016922382671480142 0.0204478790613718 0.0197427797833935
0 0.9885491877256318 0.10153429602888087 0.014101985559566876 0.016922382671480135
0 0.8926556859205776 0.18544111010830325 0.014101985559566765 0.018332581227436806
0 0.8824317463898916 0.1939023014440433 0.013396886281588416 0.016922382671480135
0 0.8736180054151624 0.1988379963898917 0.014101985559566765 0.015512184115523464
0 0.8510548285198556 0.2104721344765343 0.016922382671480163 0.016217283393501813
0 0.90234375 0.2405711206896552 0.011045258620689724 0.014547413793103453
0 0.8935883620689655 0.24245689655172414 0.010775862068965525 0.015086206896551713
0 0.884698275862069 0.24932650862068967 0.012392241379310276 0.01373922413793105
0 0.8756734913793103 0.2535021551724138 0.011584051724138011 0.012931034482758619
0 0.8683997844827587 0.2588900862068966 0.015894396551724088 0.017241379310344807
0 0.82125 0.25406249999999997 0.011874999999999969 0.014374999999999971
0 0.8121875000000001 0.2596875 0.012500000000000067 0.016249999999999987
0 0.80515625 0.2640625 0.014687499999999964 0.01874999999999999
0 0.795625 0.26859375 0.012499999999999956 0.018437499999999996
0 0.78796875 0.27437500000000004 0.010937500000000044 0.013749999999999984
0 0.77953125 0.27921874999999996 0.012187500000000018 0.015937499999999993
0 0.77 0.2834375 0.012499999999999956 0.013749999999999984
0 0.7603125 0.28921874999999997 0.012500000000000067 0.017187499999999967
0 0.74953125 0.29109375000000004 0.010937500000000044 0.015937499999999993
0 0.5792565047307132 0.7640499909024745 0.012224799854439583 0.015636371906841307
0 0.5900598162299855 0.7680301582969432 0.00938182314410485 0.013361990538573565
0 0.6012895742358079 0.77471115356623 0.014214883551673996 0.01762645560407572
0 0.6162152019650655 0.7855144650655022 0.012224799854439583 0.015352074235807867
0 0.6255970251091703 0.7897789301310043 0.010519013828238721 0.013077692867540014
0 0.633415211062591 0.7968863719068413 0.010234716157205281 0.012509097525473134
0 0.6396697598253276 0.8049888555312954 0.010803311499272161 0.016204967248908297
0 0.650330922489083 0.8064103438864629 0.00881322780203786 0.011656204512372592
0 0.6046932444852942 0.7261891084558822 0.00890395220588236 0.011776194852941235
0 0.614602481617647 0.7302102481617647 0.010340073529411797 0.0146484375
0 0.5733343160377359 0.39478920990566035 0.016214622641509413 0.00921285377358494
0 0.5694649174528301 0.38373378537735847 0.017320165094339646 0.010686910377358472
0 0.5587780070754718 0.3724941037735849 0.02026827830188671 0.011792452830188704
0 0.5480910966981132 0.34596108490566035 0.012897995283018826 0.01474056603773588
0 0.6482371794871795 0.8395432692307692 0.011518429487179405 0.009515224358974339
0 0.5050935813848921 0.9780940872302158 0.008430755395683498 0.015807666366906448
0 0.4943794964028777 0.9814312612410072 0.010187162769784153 0.019671762589927977
0 0.4848948965827338 0.9824851056654675 0.008782036870503607 0.02177945143884885
0 0.47541029676258995 0.9821338241906474 0.010187162769784153 0.019671762589928088
0 0.46452057104316546 0.9805530575539568 0.00948459982014388 0.02283329586330929
0 0.4520500786870504 0.9812556205035972 0.009133318345323715 0.016510229316546776
0 0.4420385566546763 0.9819581834532374 0.009484599820143935 0.017212792266187105
0 0.43150011241007197 0.9773915242805755 0.010187162769784153 0.020023044064748197
0 0.883566635032538 0.8886506914316702 0.018217868763557576 0.013133812364425124
0 0.8820837852494576 0.9206378796095445 0.019488882863340606 0.011862798264642094
0 0.8683144658351409 0.6026725189804771 0.014828497830802645 0.010591784164858953
0 0.8702209869848156 0.6138998101952278 0.016099511930585675 0.012710140997830854
0 0.8359375 0.6456801470588235 0.014705882352941124 0.011948529411764719
0 0.9427849264705882 0.27136948529411764 0.015165441176470562 0.01792279411764708
0 0.9347426470588236 0.27550551470588236 0.012867647058823484 0.017003676470588203
0 0.9253216911764706 0.2814797794117647 0.013327205882352922 0.014246323529411742
0 0.9175091911764706 0.28768382352941174 0.012408088235294157 0.01746323529411764
0 0.9092371323529411 0.2913602941176471 0.010569852941176516 0.01470588235294118
0 0.8995863970588236 0.2966452205882353 0.016084558823529327 0.013327205882352922
