0 0.1514991554054054 0.8372043918918919 0.0190033783783784 0.014780405405405372
0 0.17419763513513514 0.7939189189189189 0.017947635135135115 0.014780405405405372
0 0.24572423986486486 0.7786106418918919 0.02058699324324323 0.013724662162162171
0 0.21378800675675674 0.7247677364864864 0.016891891891891886 0.013724662162162171
0 0.8084227693602692 0.48980692340067344 0.020386153198653223 0.011837121212121215
0 0.8077651515151514 0.45166508838383845 0.01249473905723908 0.01709806397306396
0 0.6620861235119049 0.3031412760416667 0.009300595238095233 0.019182477678571397
0 0.6394159226190477 0.30372256324404767 0.015113467261904767 0.019182477678571452
0 0.6100609188988095 0.12672061011904762 0.01220703125 0.012788318452380959
0 0.9565033783783783 0.4331186655405405 0.017947635135135198 0.011085304054054057
0 0.6554140321011673 0.008298881322957169 0.018999270428015524 0.010639591439688718
0 0.41844936191099474 0.05594527159685868 0.016872545811518314 0.010737074607329845
