0 0.8890240778688524 0.05974641393442627 0.019851434426229497 0.014728483606557381
0 0.9655481557377049 0.028048155737704958 0.02177254098360648 0.014088114754098362
0 0.7298924180327868 0.021324282786885286 0.021772540983606592 0.014728483606557378
0 0.5525102459016393 0.035092213114754134 0.021772540983606592 0.01536885245901639
0 0.46702100409836067 0.0075563524590164365 0.018570696721311453 0.01024590163934426
0 0.17245133196721313 0.007556352459016436 0.014728483606557402 0.012807377049180326
0 0.3536757172131148 0.7186859631147542 0.01600922131147542 0.01472848360655743
0 0.34086834016393447 0.7695952868852458 0.018570696721311508 0.016649590163934413
0 0.479188012295082 0.732453893442623 0.014728483606557374 0.020491803278688603
0 0.6732197745901639 0.6786629098360656 0.01344774590163933 0.023053278688524692
0 0.6703381147540983 0.6405609631147541 0.010245901639344246 0.018570696721311508
0 0.5696614583333334 0.87890625 0.010463169642857206 0.0209263392857143
0 0.5638485863095237 0.9588332403273809 0.009300595238095233 0.019182477678571508
0 0.9207589285714286 0.830078125 0.013950892857142794 0.01627604166666663
