0 0.8549328745487365 0.14031475631768953 0.0204478790613718 0.014101985559566793
0 0.8207355595667869 0.1893191561371841 0.022563176895306847 0.014807084837545115
0 0.8605736687725631 0.6130838222021661 0.0204478790613718 0.016217283393501702
0 0.7322456001805053 0.5563233303249098 0.01903768050541521 0.01974277978339345
0 0.6786580550541517 0.5242413131768953 0.02185807761732861 0.017627481949458512
0 0.5626692238267148 0.44244979693140796 0.014101985559566765 0.014807084837545115
0 0.9064051218411553 0.8140371164259927 0.014807084837545115 0.013396886281588416
0 0.8182677120938628 0.9042898240072201 0.013396886281588416 0.016217283393501813
0 0.38815715252707583 0.9071102211191335 0.013396886281588472 0.017627481949458512
0 0.2957891471119134 0.741764440433213 0.020447879061371854 0.01833258122743686
0 0.4022591380866426 0.6504540839350181 0.014807084837545115 0.017627481949458512
0 0.07050992779783394 0.00987138989169675 0.019742779783393505 0.015512184115523466
0 0.398461612654321 0.20676601080246915 0.018084490740740755 0.022907021604938266
0 0.010233483840304163 0.1947778041825095 0.008911596958174905 0.014110028517110268
0 0.8612909933460076 0.2876069391634981 0.010396863117870692 0.018565826996197687
0 0.7614068441064639 0.45284279942965777 0.01708056083650189 0.017823193916349844
0 0.2980038022813688 0.2764674429657795 0.024506891634981043 0.011139496197718646
0 0.31694094581749055 0.2861216730038023 0.01930846007604564 0.012624762357414443
0 0.05330620247148288 0.5727780418250951 0.016337927756654 0.01708056083650189
