0 0.32399311823104693 0.8704450586642599 0.01903768050541521 0.016217283393501702
0 0.29508404783393505 0.8841944945848376 0.019037680505415155 0.015512184115523464
0 0.3571327842960289 0.9293208483754513 0.016217283393501758 0.014101985559566765
0 0.39732344314079426 0.9554095216606497 0.020447879061371854 0.01833258122743675
0 0.455141583935018 0.9621079648014441 0.02467847472924184 0.01903768050541521
0 0.5943986913357401 0.8750282039711191 0.015512184115523464 0.022563176895306958
0 0.6197822653429603 0.5214209160649819 0.01974277978339345 0.017627481949458512
0 0.6673764666064982 0.5785339575812274 0.014807084837545226 0.017627481949458512
0 0.6920549413357401 0.5961614395306859 0.0204478790613718 0.0190376805054151
0 0.8200304602888087 0.6479862364620939 0.015512184115523464 0.01833258122743686
0 0.9109882671480145 0.7484628835740073 0.01974277978339345 0.014807084837545115
0 0.3878046028880866 0.9145137635379061 0.018332581227436806 0.012691787003610067
0 0.270053023465704 0.8662144629963899 0.015512184115523464 0.013396886281588416
0 0.12198217509025269 0.7724362590252707 0.02397337545126353 0.016217283393501813
0 0.07720837093862816 0.03067181859205776 0.016217283393501813 0.014807084837545125
0 0.005288244584837545 0.08179151624548736 0.009166290613718412 0.014101985559566793
0 0.17274932310469315 0.2002481949458484 0.015512184115523492 0.014101985559566793
0 0.15476929151624547 0.22386902075812273 0.021858077617328525 0.016217283393501813
0 0.2083568366425993 0.22457412003610108 0.020447879061371826 0.019037680505415155
0 0.5048510830324909 0.1706340252707581 0.018332581227436806 0.018332581227436834
0 0.9194494584837545 0.3976759927797834 0.022563176895306847 0.012691787003610122
0 0.8133320171480145 0.4251748646209386 0.016217283393501813 0.01833258122743686
0 0.9331988944043321 0.2714632220216606 0.0190376805054151 0.014101985559566821
0 0.9159239620938628 0.5362280009025271 0.011281588447653479 0.0204478790613718
0 0.030319268953068593 0.9046423736462094 0.01692238267148015 0.016922382671480163
0 0.04547890342960288 0.8954760830324909 0.019037680505415162 0.015512184115523464
0 0.4415162852112676 0.5102882922535211 0.01650528169014087 0.02200704225352118
0 0.47707071109693877 0.7535973373724489 0.019431600765306145 0.017438616071428492
