0 0.9537013319672132 0.6434426229508197 0.01472848360655743 0.017930327868852514
0 0.9216828893442623 0.7013960040983607 0.01344774590163944 0.021132172131147486
0 0.9066342213114753 0.6591316598360656 0.008965163934426257 0.01728995901639352
0 0.9907626793032787 0.5004002305327869 0.014568391393442681 0.0187307889344262
0 0.9729123975409837 0.5368212090163935 0.01600922131147542 0.017289959016393408
0 0.928406762295082 0.8461193647540983 0.01921106557377039 0.01600922131147542
0 0.8147412909836065 0.9149590163934427 0.008324795081967262 0.016649590163934413
0 0.8624487704918034 0.8839011270491803 0.011526639344262235 0.019851434426229497
0 0.8726946721311475 0.8794185450819672 0.011526639344262235 0.01600922131147542
0 0.8800589139344261 0.990202356557377 0.021132172131147597 0.01472848360655743
0 0.6079021516393442 0.9764344262295082 0.026255122950819665 0.012807377049180335
