0 0.8744673295454546 0.6497896634615385 0.017072770979021046 0.012975305944055937
0 0.7645186844405595 0.7457386363636365 0.017072770979021046 0.012292395104895104
0 0.6538871284965035 0.8099322552447552 0.019804414335664378 0.015024038461538436
0 0.4824765078671329 0.87890625 0.014341127622377658 0.012292395104895104
0 0.4025759396853147 0.9270514641608392 0.021170236013985988 0.0184385926573426
0 0.47462303321678323 0.8457850743006994 0.01912150349650349 0.01570694930069927
0 0.7781769012237763 0.030048076923076924 0.012975305944055937 0.019121503496503496
0 0.7699819711538463 0.06351070804195805 0.021170236013985932 0.015024038461538464
0 0.7631528627622377 0.08877840909090909 0.012975305944055937 0.02048732517482517
0 0.7747623470279721 0.1481916520979021 0.01570694930069927 0.023218968531468542
0 0.7501775568181819 0.23389696241258742 0.012975305944055937 0.02253605769230771
0 0.7194465690559442 0.22194602272727273 0.01570694930069927 0.023218968531468542
0 0.6955446896853147 0.5302802666083917 0.02253605769230771 0.01570694930069927
0 0.6392045454545454 0.5688647290209791 0.015024038461538436 0.023218968531468542
0 0.6774475524475525 0.05941324300699301 0.016389860139860102 0.01638986013986015
0 0.9359293050699301 0.6149612106643356 0.02253605769230771 0.01570694930069927
0 0.4271607298951049 0.6508140297202798 0.018438592657342656 0.01365821678321677
0 0.39199082167832167 0.6702769886363638 0.017755681818181823 0.01570694930069927
0 0.7740794361888113 0.8061762456293706 0.01570694930069927 0.01570694930069927
