0 0.6431942894345238 0.14125279017857142 0.01569475446428581 0.015113467261904767
0 0.9512765066964286 0.26128859747023814 0.022670200892857206 0.01801990327380948
0 0.8870442708333334 0.29878162202380953 0.022088913690476275 0.01627604166666663
0 0.6844656808035714 0.38335890997023814 0.019182477678571508 0.013369605654761918
0 0.6341843377976191 0.44584728422619047 0.018601190476190466 0.015113467261904712
0 0.5914597284226191 0.44846307663690477 0.013369605654761862 0.0156947544642857
0 0.6283714657738095 0.41794549851190477 0.018601190476190466 0.011625744047619069
0 0.47287713913690477 0.48188709077380953 0.0156947544642857 0.017438616071428603
0 0.39265950520833337 0.48304966517857145 0.015694754464285754 0.0244140625
0 0.33162434895833337 0.5208333333333334 0.019182477678571452 0.013950892857142794
0 0.5408877418154763 0.3993443080357143 0.01685732886904756 0.012788318452380931
0 0.44497535342261907 0.5440848214285714 0.016857328869047616 0.013950892857142905
0 0.3647577194940476 0.5740211123511905 0.02383277529761907 0.014532180059523836
0 0.41387648809523814 0.5789620535714286 0.0244140625 0.01627604166666674
0 0.2711704799107143 0.6263369605654763 0.018019903273809534 0.014532180059523836
0 0.9064078282828283 0.7817892466329965 0.02170138888888895 0.01446759259259267
0 0.6854482323232323 0.9425768097643097 0.01775568181818188 0.013809974747474696
0 0.6242897727272727 0.9452072811447811 0.01644044612794615 0.013809974747474807
0 0.372750946969697 0.8255208333333333 0.013152356902356888 0.01775568181818188
0 0.359927398989899 0.8301241582491582 0.01249473905723908 0.019070917508417606
0 0.3365819654882155 0.8061211069023568 0.01709806397306396 0.013152356902356832
0 0.18560947516025642 0.7734249799679487 0.018154046474358976 0.014398036858974339
