0 0.8024041364734299 0.24949048913043478 0.017927234299516925 0.019814311594202938
0 0.7223742102888087 0.38286890794223827 0.0204478790613718 0.015512184115523464
0 0.4909045649509804 0.3939663756127451 0.014839920343137303 0.011488970588235281
0 0.5126857383578431 0.39253025428921573 0.015318627450980449 0.014361213235294101
0 0.49760646446078427 0.40377987132352944 0.014839920343137247 0.012925091911764663
0 0.46888403799019607 0.4432732077205882 0.017712162990196068 0.015318627450980393
0 0.4542834712009804 0.44853898590686275 0.01627604166666663 0.011488970588235281
0 0.4480602787990196 0.4571557138480392 0.02202052696078427 0.014361213235294157
0 0.4418370863970588 0.4655330882352941 0.019148284313725505 0.011967677696078427
0 0.4339384191176471 0.47438916973039214 0.020584405637254888 0.012446384803921573
0 0.42508233762254904 0.4834846047794118 0.018190870098039214 0.011488970588235337
1 0.39372702205882354 0.44901769301470584 0.011967677696078427 0.027765012254901966
1 0.37242455575980393 0.4542834712009804 0.019148284313725505 0.02776501225490191
0 0.38343481924019607 0.4827665441176471 0.015318627450980393 0.014839920343137247
0 0.4521292892156863 0.42268880208333337 0.014839920343137247 0.016276041666666685
0 0.8353343290441176 0.5177121629901961 0.01627604166666674 0.016754748774509887
0 0.6883712469362745 0.40186504289215685 0.020105698529411686 0.014839920343137247
0 0.7778405548628429 0.72742947319202 0.01753428927680789 0.013150716957605946
0 0.7449637624688279 0.8752532730673317 0.018021352867830465 0.014611907730673335
0 0.7063630756578947 0.7978515625 0.019017269736842146 0.014905427631578982
0 0.8211623953974896 0.2630099372384937 0.022881799163179894 0.014709728033472813
0 0.07410183758802817 0.27027398767605637 0.016849141725352124 0.01375440140845069
0 0.05518953565140845 0.27887048855633806 0.01753686179577465 0.012378961267605626
0 0.0991092486522911 0.2407239723719677 0.01316121967654986 0.02053150269541784
0 0.6035896501457726 0.869510750728863 0.017082725947521915 0.012527332361516041
0 0.5722713192419825 0.887447612973761 0.017082725947521915 0.0142356049562683
0 0.5531956086005831 0.8994055211370262 0.017652150145772594 0.013096756559766831
0 0.4674972667638484 0.9489454263848396 0.019360422740524796 0.013096756559766831
0 0.2869897959183674 0.9691599854227405 0.019360422740524796 0.014805029154518978
0 0.2869897959183673 0.8686566144314869 0.023915816326530615 0.016513301749271236
0 0.3225788083090379 0.9005443695335276 0.016513301749271125 0.017652150145772594
1 0.3693021616541354 0.6846657659774436 0.0279017857142857 0.019824953007518742
0 0.48281771993318484 0.6368057488864143 0.017399777282850803 0.01304983296213813
0 0.48782015590200445 0.644635648663697 0.016094793986636935 0.010439866369710393
