0 0.9316934121621621 0.07918074324324324 0.014780405405405372 0.01900337837837837
0 0.8670291385135135 0.039590371621621614 0.0205869932432432 0.01583614864864865
0 0.6948980104501608 0.5313002411575563 0.01821241961414788 0.021352491961414866
0 0.582805666909621 0.47888575072886297 0.024485240524781293 0.018221574344023328
0 0.5387665719696969 0.2644412878787879 0.020714962121212155 0.020123106060606077
0 0.4760298295454546 0.1567234848484849 0.01598011363636359 0.017755681818181823
0 0.4337121212121212 0.030066287878787918 0.013020833333333315 0.017755681818181816
0 0.10873463114754102 0.7238089139344261 0.017930327868852458 0.01600922131147542
0 0.12506403688524592 0.7119620901639344 0.022412909836065573 0.014088114754098324
0 0.14555584016393447 0.7033171106557377 0.019851434426229525 0.017289959016393408
0 0.1974257172131148 0.6719390368852458 0.017289959016393436 0.01600922131147542
0 0.2368084016393443 0.6485655737704918 0.021772540983606564 0.017930327868852514
0 0.3200563524590164 0.6014984631147542 0.017930327868852458 0.01472848360655743
0 0.4657402663934427 0.5454661885245902 0.019851434426229553 0.015368852459016424
0 0.04869327672605793 0.06761553452115815 0.020009743875278395 0.012614838530066813
0 0.05521819320712697 0.0760979259465479 0.01478981069042317 0.009569877505567925
0 0.0591331430957684 0.0874077811804009 0.019139755011135864 0.014789810690423164
0 0.00645109624145786 0.17918475939635536 0.01112257972665148 0.013569547266514825
0 0.014459353644646926 0.17273366315489752 0.015126708428246014 0.015794063211845094
0 0.022912514236902052 0.16950811503416857 0.011122579726651483 0.016906321184510242
0 0.033256513382687924 0.16394682517084283 0.013569547266514805 0.015571611617312076
0 0.04749341543280182 0.15182321326879272 0.010455224943052392 0.01623896640091116
0 0.056947608200455586 0.14759663297266518 0.012457289293849663 0.015349160022779057
0 0.07463250996583143 0.138698569191344 0.01090012813211845 0.015349160022779057
0 0.08297444476082005 0.1329148277334852 0.014236902050113895 0.01534916002277903
0 0.1202350868451025 0.11345031321184511 0.010455224943052385 0.012902192482915714
0 0.14047818194760822 0.1275759894646925 0.014014450455580862 0.009565418564920283
0 0.19905159065315314 0.0195752393018018 0.023314329954954943 0.012756897522522521
0 0.25179279384328357 0.3578299906716418 0.014575559701492519 0.010202891791044777
0 0.25853399020522383 0.3662109375 0.0171262826492537 0.012389225746268662
0 0.30741087147887325 0.5116637323943662 0.01650528169014087 0.014442121478873249
