0 0.777098620951417 0.027280490890688257 0.009884235829959453 0.012651821862348176
0 0.809321229757085 0.032815662955465584 0.014233299595141746 0.01502403846153846
0 0.8434806034482759 0.07704741379310344 0.01953125 0.02087823275862069
0 0.8889412715517242 0.8636853448275863 0.01751077586206906 0.014143318965517238
0 0.7986934267241379 0.7993669181034483 0.018857758620689613 0.01346982758620685
0 0.6082182949029127 0.5442202669902914 0.015485942556634269 0.01769822006472499
0 0.22548597440944884 0.6453309547244095 0.014353674540682398 0.01742946194225725
0 0.20549335629921262 0.5384473425196851 0.017429461942257224 0.013841043307086576
0 0.13090551181102364 0.5340899770341208 0.014866305774278235 0.01845472440944884
0 0.0952776410761155 0.4720615977690289 0.014353674540682412 0.017429461942257196
0 0.13910761154855644 0.30776328740157477 0.021017880577427817 0.014866305774278221
0 0.37473200363825365 0.17190748440748443 0.01705431392931389 0.015024038461538464
0 0.44394003378378377 0.1615287162162162 0.0200591216216216 0.016891891891891886
0 0.07025621397694527 0.22110275576368876 0.013508645533141211 0.018011527377521624
0 0.1639837846347607 0.2938641372795969 0.016235044080604527 0.014267159949622188
0 0.6560172441709844 0.8358970207253886 0.019733646373056968 0.014167746113989743
0 0.6864325944767442 0.7327057594476745 0.014761991279069742 0.018736373546511698
0 0.7680121527777777 0.7384982638888888 0.01519097222222221 0.01605902777777779
2 0.6069972826086957 0.4312160326086957 0.030570652173913082 0.020380434782608703
