0 0.04195340703971119 0.0743879738267148 0.023268276173285196 0.013396886281588444
1 0.1769799187725632 0.1325586642599278 0.029614169675090257 0.019742779783393505
0 0.22245882220216606 0.1300908167870036 0.016217283393501813 0.011986687725631759
0 0.2989620938628159 0.1473657490974729 0.021152978339350204 0.019742779783393477
0 0.3560751353790614 0.10646999097472924 0.023973375451263546 0.016922382671480135
0 0.3775806633574007 0.16640342960288806 0.019037680505415155 0.014101985559566793
0 0.37793321299638993 0.18262071299638988 0.019742779783393505 0.015512184115523464
0 0.606737928700361 0.28239226083032487 0.0204478790613718 0.013396886281588472
0 0.7160283167870036 0.19354975180505413 0.0204478790613718 0.013396886281588444
0 0.7184961642599278 0.23797100631768953 0.01833258122743686 0.011986687725631773
0 0.7280150045126353 0.3148268276173285 0.0204478790613718 0.011986687725631773
0 0.7995825812274369 0.25595103790613716 0.01833258122743675 0.012691787003610122
0 0.891245487364621 0.2732259702166065 0.022563176895306847 0.014807084837545115
0 0.9071102211191335 0.36101083032490977 0.026088673285198483 0.015512184115523464
0 0.9603452166064982 0.2834499097472924 0.01974277978339356 0.015512184115523464
0 0.8919505866425993 0.9363718411552346 0.015512184115523464 0.014101985559566765
0 0.8679772111913358 0.9532942238267148 0.01833258122743686 0.015512184115523464
0 0.9046423736462094 0.9539993231046932 0.014101985559566765 0.012691787003610067
0 0.662793321299639 0.957877369133574 0.011281588447653368 0.0204478790613718
0 0.8626669606854839 0.11843182963709678 0.021263860887096753 0.016538558467741937
