0 0.17495787377450983 0.2335994944852941 0.013882506127450983 0.019148284313725478
0 0.14599609375 0.3231177236519608 0.021063112745098034 0.02202052696078427
0 0.07347196691176472 0.2900869332107843 0.012925091911764705 0.019148284313725505
0 0.12421492034313726 0.3786477481617647 0.022499234068627444 0.021063112745098034
0 0.6859601197104677 0.9658790367483296 0.01913975501113585 0.01957474944320714
0 0.6291933463251671 0.8160234548997772 0.01870476057906456 0.01826976614699327
0 0.6254958936525612 0.9212921074610245 0.02000974387527843 0.010439866369710393
0 0.9378218958797326 0.29990256124721604 0.016529788418708224 0.020444738307349664
0 0.9252070573496659 0.3336146297327394 0.022619710467705945 0.01826976614699327
0 0.7623016425389755 0.2983800807349666 0.016964782850779514 0.01913975501113585
0 0.7812239003340757 0.2383508491091314 0.01913975501113585 0.016529788418708224
0 0.865612820155902 0.10937500000000003 0.014789810690423177 0.0213147271714922
0 0.7847038557906458 0.1380846325167038 0.022619710467706056 0.016964782850779514
0 0.647662047773655 0.6661424512987013 0.02065456864564008 0.017755681818181768
0 0.637334763450835 0.6907829893320965 0.0181180426716141 0.016306238404452666
0 0.6608882189239333 0.7061833256029686 0.02174165120593685 0.017393320964749548
0 0.7335436819830714 0.43396217503022977 0.014170193470374848 0.015351042926239455
0 0.6523079948512585 0.41230155892448517 0.021900028604118993 0.017430635011441653
0 0.64314573798627 0.4214638157894737 0.016089816933638423 0.010726544622425616
0 0.678677417048055 0.3783341676201373 0.013855120137299726 0.012961241418764313
0 0.6760629507211539 0.5683124248798077 0.02065805288461542 0.01643254206730771
0 0.030498798076923093 0.9098745492788463 0.015963040865384612 0.016902043269230727
0 0.32545692740286297 0.47443762781186094 0.019970603271983633 0.01597648261758694
0 0.43327945402298845 0.16163793103448273 0.018857758620689613 0.01885775862068967
