0 0.055636827689243024 0.3015282619521912 0.016340886454183273 0.016340886454183245
0 0.040463147410358564 0.33732258466135456 0.021787848605577687 0.010115786852589626
0 0.28518737549800793 0.008170443227091633 0.0163408864541833 0.016340886454183266
0 0.26962462649402386 0.029180154382470114 0.016340886454183245 0.019453436254980076
0 0.43848045318725093 0.3116440488047808 0.021009711155378474 0.017897161354581692
0 0.446261827689243 0.300750124501992 0.019453436254980083 0.019453436254980083
0 0.4271974601593625 0.24589143426294818 0.01711902390438247 0.01556274900398405
0 0.4435383466135458 0.23577564741035856 0.01711902390438247 0.018675298804780888
0 0.4684387450199203 0.2186566235059761 0.018675298804780915 0.023344123505976117
0 0.5295225348605577 0.28129668824701193 0.014784611553784854 0.019453436254980083
0 0.5256318476095617 0.3151456673306773 0.02100971115537842 0.01867529880478086
0 0.5544605993735763 0.28173494447608205 0.010010321753986307 0.012679740888382696
0 0.5623576309794989 0.2875186859339408 0.012012386104783612 0.013124644077448733
0 0.5715893721526197 0.29296875 0.013124644077448733 0.014236902050113909
0 0.5788190489749431 0.2970841044988611 0.01156748291571752 0.011789934510250566
0 0.5868273063781322 0.3053148134965832 0.012902192482915686 0.013569547266514825
0 0.5938345316059226 0.3079842326309795 0.011789934510250566 0.011789934510250566
0 0.6180460164835165 0.46351304945054944 0.01717032967032961 0.021462912087912067
0 0.5826322115384616 0.5583075778388278 0.019316620879120894 0.015024038461538436
0 0.8230168269230769 0.7207102793040293 0.016454899267399292 0.02360920329670324
0 0.6488095238095238 0.7815218635531136 0.021462912087912178 0.015024038461538547
0 0.9857772435897436 0.9138764880952381 0.020032051282051322 0.019316620879120894
0 0.7657823946886447 0.9471440018315018 0.01645489926739918 0.015739468864468864
0 0.11509844322344323 0.9206730769230769 0.015739468864468864 0.014308608058608008
0 0.42523752289377287 0.6180460164835164 0.019316620879120894 0.015739468864468864
0 0.6389508928571428 0.8741230867346939 0.015146683673469385 0.018335459183673408
0 0.6277901785714286 0.8633609693877551 0.015146683673469385 0.015943877551020447
0 0.5245535714285714 0.6580835459183674 0.015943877551020336 0.01992984693877553
0 0.2240114795918367 0.4193239795918367 0.019132653061224497 0.015943877551020447
