0 0.8801628561580881 0.5491368910845589 0.014720243566176516 0.011129940257352922
0 0.8704690372242646 0.5451875574448528 0.016874425551470562 0.014002182904411797
0 0.8659811580882353 0.5333395565257353 0.01723345588235292 0.016156364889705843
0 0.8534150965073528 0.530108283547794 0.016515395220588203 0.01759248621323528
0 0.8467730353860294 0.5238252527573529 0.01256606158088236 0.012925091911764719
0 0.8385153377757353 0.5177217371323529 0.01759248621323528 0.014361213235294157
0 0.8123061236213234 0.5148494944852942 0.01184800091911764 0.015797334558823484
0 0.7821475758272058 0.5150290096507353 0.010411879595588203 0.018310546875
0 0.7740693933823529 0.518798828125 0.012925091911764719 0.01938763786764708
0 0.7645550896139706 0.5195168887867647 0.014720243566176516 0.01866957720588236
0 0.7537841796875 0.5292107077205882 0.014002182904411797 0.014361213235294157
0 0.7475011488970588 0.5369298598345588 0.015797334558823595 0.015438304227941124
0 0.7392434512867647 0.5439309512867647 0.015797334558823484 0.01220703125
0 0.732421875 0.5530862247242647 0.014361213235294046 0.01256606158088236
0 0.727395450367647 0.5602668313419117 0.015797334558823484 0.010411879595588203
0 0.7256002987132353 0.5704991957720588 0.01723345588235292 0.01220703125
0 0.7203943589154411 0.5816291360294117 0.023336971507353033 0.01220703125
0 0.7194967830882353 0.5918615004595589 0.020105698529411797 0.011129940257352922
0 0.7180606617647058 0.6015553193933822 0.020105698529411686 0.010411879595588203
0 0.7177016314338235 0.6103515625 0.019387637867646967 0.010770909926470673
0 0.7164450252757353 0.6187887752757353 0.01902860753676472 0.01184800091911764
0 0.7196762982536764 0.6284825942095588 0.019746668198529438 0.010411879595588314
0 0.7178811465992646 0.6374583524816175 0.018310546875 0.009693818933823484
0 0.7164450252757353 0.6464341107536764 0.019746668198529438 0.010411879595588203
0 0.7168040556066175 0.6579230813419117 0.021900850183823484 0.01184800091911764
0 0.7177016314338235 0.6683349609375 0.020105698529411686 0.01256606158088236
0 0.7200353285845588 0.6819781135110294 0.01902860753676472 0.014002182904411797
0 0.7317038143382353 0.6895177504595588 0.012925091911764719 0.016874425551470562
0 0.740679572610294 0.6918514476102942 0.012925091911764719 0.01723345588235292
0 0.7541432100183822 0.6932875689338234 0.014002182904411797 0.01795151654411764
0 0.7665297564338235 0.6920309627757353 0.012925091911764719 0.015438304227941235
0 0.7783777573529411 0.6911333869485293 0.011488970588235281 0.013643152573529438
0 0.7896872127757353 0.6916719324448528 0.013284122242647078 0.014002182904411797
0 0.8975758272058822 0.6462545955882353 0.012925091911764719 0.015797334558823484
0 0.8880808491983968 0.8160618111222444 0.01330786573146292 0.019570390781563085
0 0.8386817076659039 0.922706307208238 0.010279605263157965 0.024581664759725452
0 0.6643753575514875 0.8646041905034325 0.017430635011441598 0.012961241418764313
0 0.8363938630041724 0.5881106571627259 0.008149339360222552 0.014668810848400549
0 0.8270221227399165 0.5883823018080667 0.008964273296244718 0.015212100139082141
0 0.8176503824756606 0.5877031901947148 0.009235917941585514 0.015483744784422715
0 0.8070562413073713 0.5881106571627259 0.010322496522948477 0.016841968011126585
0 0.7984994349791377 0.5871599009040334 0.010594141168289273 0.01711361265646727
0 0.7887202277468706 0.5859375 0.011137430458970754 0.015755389429763622
0 0.7769036856745479 0.584850921418637 0.010322496522948477 0.016298678720444992
