0 0.6781467878486056 0.3221489043824701 0.013228336653386408 0.020231573705179307
0 0.8637325697211155 0.031125498007968128 0.010893924302788793 0.020231573705179282
0 0.8816297310756971 0.03501618525896414 0.01245019920318724 0.018675298804780874
0 0.8306617280876494 0.07937001992031872 0.014784611553784854 0.021787848605577684
0 0.8294945219123505 0.10971738047808764 0.010893924302788793 0.02334412350597609
0 0.8275491782868525 0.1427882221115538 0.0163408864541833 0.024122260956175284
0 0.8769609063745019 0.11205179282868524 0.010893924302788904 0.01711902390438247
0 0.8754046314741035 0.13345057270916333 0.014006474103585687 0.01945343625498007
0 0.9318195966135457 0.16224165836653387 0.02100971115537842 0.016340886454183273
0 0.8271601095617529 0.21165338645418325 0.010893924302788793 0.01867529880478086
0 0.8244366284860557 0.26145418326693226 0.013228336653386519 0.020231573705179307
0 0.9477714143426295 0.2583416334661355 0.009337649402390347 0.015562749003984078
0 0.8228803535856573 0.30775336155378485 0.010115786852589626 0.019453436254980083
0 0.8205459412350598 0.3493837151394422 0.013228336653386408 0.01867529880478086
1 0.8116223962844274 0.48672463677897104 0.01862522735146377 0.039685686601420356
0 0.7726904880478087 0.5913844621513944 0.014006474103585687 0.015562749003984022
0 0.7703560756972111 0.6108378984063745 0.015562749003984022 0.018675298804780915
0 0.7524589143426295 0.6641403137450199 0.014006474103585576 0.0163408864541833
0 0.748957295816733 0.6828156125498007 0.013228336653386519 0.017897161354581748
0 0.8983596862549801 0.6388508466135457 0.022565986055776865 0.014006474103585687
0 0.7462338147410359 0.8594528137450199 0.01711902390438247 0.022565986055776865
0 0.2544509462151394 0.9761734312749003 0.01245019920318724 0.019453436254980083
0 0.36339018924302785 0.7524589143426295 0.01711902390438247 0.020231573705179362
0 0.30814243027888444 0.8100410856573704 0.014006474103585687 0.023344123505976144
0 0.5777670567729083 0.4089112300796812 0.017897161354581637 0.011672061752988017
0 0.7022690488047808 0.44042579681274896 0.022565986055776976 0.015562749003984022
0 0.6081144173306772 0.3832326942231075 0.02100971115537853 0.014784611553784854
0 0.6442978087649402 0.3956828934262948 0.018675298804780804 0.016340886454183245
0 0.37000435756972105 0.844668202191235 0.021009711155378474 0.014784611553784854
1 0.41708167330677287 0.49217193725099595 0.018675298804780915 0.033459910358565714
