0 0.22143954918032788 0.07319415983606561 0.012807377049180307 0.021132172131147542
0 0.25217725409836067 0.08568135245901642 0.01408811475409838 0.01921106557377049
0 0.2589011270491804 0.0645491803278689 0.01344774590163933 0.014088114754098359
0 0.22111936475409838 0.15420081967213117 0.012167008196721313 0.014088114754098352
0 0.1388319672131148 0.23969006147540986 0.014088114754098352 0.017289959016393464
0 0.166688012295082 0.18429815573770494 0.017289959016393436 0.021772540983606536
0 0.17437243852459017 0.24609375000000006 0.017289959016393436 0.018570696721311536
0 0.4013831967213115 0.24257172131147545 0.015368852459016424 0.020491803278688547
0 0.5019211065573771 0.23072489754098363 0.020491803278688547 0.017289959016393464
0 0.6014984631147541 0.21855788934426232 0.01216700819672134 0.017289959016393464
0 0.9139984631147541 0.40234375 0.021132172131147486 0.021132172131147542
0 0.3495133196721312 0.35591700819672134 0.020491803278688547 0.016649590163934413
0 0.06006659836065578 0.37993084016393447 0.011526639344262297 0.017289959016393408
0 0.06967213114754102 0.43468237704918034 0.01536885245901639 0.020491803278688547
0 0.05014088114754102 0.4644595286885246 0.013447745901639344 0.018570696721311453
0 0.02260502049180332 0.44556864754098363 0.013447745901639344 0.019211065573770503
0 0.29412141393442626 0.9671490778688524 0.021132172131147542 0.01344774590163933
0 0.33382428278688525 0.9642674180327868 0.014728483606557374 0.014088114754098435
0 0.3200563524590164 0.9751536885245902 0.019211065573770503 0.014088114754098324
0 0.0610271516393443 0.8368340163934427 0.013447745901639337 0.01921106557377039
0 0.4228355532786886 0.9757940573770492 0.014728483606557374 0.020491803278688492
0 0.43436219262295084 0.7872054303278688 0.01344774590163933 0.019851434426229497
0 0.5198514344262295 0.7686347336065573 0.017930327868852403 0.01472848360655743
0 0.8336321721311475 0.8682120901639344 0.01921106557377039 0.015368852459016313
1 0.8816598360655737 0.8147412909836065 0.02689549180327866 0.03137807377049173
0 0.8147412909836065 0.5838883196721312 0.017289959016393408 0.015368852459016313
0 0.7984118852459017 0.47022284836065575 0.019211065573770503 0.017289959016393464
0 0.7779200819672131 0.48078893442622955 0.019211065573770503 0.012807377049180335
0 0.5662781762295082 0.341828893442623 0.01472848360655743 0.021772540983606536
0 0.5083247950819672 0.5464267418032787 0.015368852459016424 0.023693647540983576
0 0.5172899590163935 0.6815445696721312 0.014088114754098435 0.01728995901639352
0 0.5067238729508197 0.7090804303278688 0.01344774590163933 0.022412909836065587
0 0.06679047131147545 0.892546106557377 0.021132172131147542 0.017930327868852403
0 0.6412013319672132 0.07319415983606561 0.009605532786885251 0.01985143442622951
0 0.2511160714285714 0.40835425967261907 0.01395089285714285 0.016857328869047616
