0 0.23885533146964855 0.39485573083067094 0.012480031948881781 0.018720047923322658
0 0.23261531549520764 0.4135757787539936 0.012480031948881809 0.016224041533546285
0 0.1836311900958466 0.43853584265175716 0.014352036741214075 0.022464057507987245
0 0.4666159145367412 0.3689596645367412 0.021216054313099086 0.018096046325878634
0 0.36521565495207664 0.42605581070287535 0.01809604632587858 0.01622404153354634
0 0.3352635782747604 0.24727935303514376 0.01185603035143773 0.018096046325878606
0 0.22169528753993606 0.6313523362619808 0.011856030351437702 0.02121605431309903
0 0.19860722843450476 0.6737844448881789 0.013104033546325888 0.019968051118210872
0 0.010470746805111807 0.6260483226837061 0.017472044728434506 0.015600039936102261
0 0.060702875399361006 0.6419603634185305 0.02184005591054313 0.016224041533546285
0 0.08815894568690094 0.5798722044728435 0.01934404952076678 0.014352036741213992
0 0.03696646341463417 0.6776867378048781 0.007939532520325199 0.01587906504065051
0 0.049352134146341486 0.6814977134146342 0.009209857723577235 0.01778455284552849
0 0.06332571138211385 0.6862614329268293 0.010480182926829264 0.01969004065040647
0 0.07396468495934962 0.6886432926829269 0.01016260162601626 0.018737296747967425
0 0.08301575203252035 0.6916603150406504 0.00984502032520325 0.016514227642276502
0 0.09238440040650409 0.6945185467479674 0.01016260162601626 0.015879065040650397
0 0.10318216463414637 0.6989646849593496 0.010797764227642281 0.01969004065040647
0 0.11148485725308643 0.7989969135802469 0.010850694444444434 0.021098572530864113
0 0.117211612654321 0.8357687114197532 0.010247878086419748 0.017481674382716084
0 0.12384259259259262 0.8571686921296298 0.012659143518518504 0.016878858024691357
0 0.1455439814814815 0.8954475308641976 0.015070408950617287 0.01627604166666663
0 0.16634114583333334 0.9337263695987654 0.013261959876543217 0.015673225308642014
0 0.21456645447530864 0.7757884837962963 0.013261959876543189 0.015673225308641903
0 0.20582561728395063 0.7857349537037037 0.016276041666666685 0.018687307098765427
0 0.24591290509259262 0.8228081597222223 0.021701388888888867 0.01446759259259267
0 0.19889322916666669 0.9870756172839507 0.013261959876543217 0.018687307098765427
0 0.36979166666666663 0.8776644483024691 0.016276041666666685 0.013261959876543217
0 0.21818335262345678 0.9301094714506173 0.015673225308641986 0.019290123456790154
0 0.6588421103395062 0.255859375 0.019290123456790154 0.015070408950617287
0 0.8473481234096691 0.3642851463104325 0.012921437659033086 0.017891221374045807
0 0.8192688454198473 0.38689766221374045 0.018388199745547174 0.015406329516539419
0 0.8287114344783715 0.4055343511450381 0.01640028625954204 0.014909351145038163
0 0.8692151717557252 0.404291905216285 0.014909351145038219 0.013418416030534341
0 0.9045006361323156 0.8006321564885496 0.01590330788804073 0.018885178117048262
0 0.9056036420863309 0.9540804856115108 0.017329886091127067 0.018735011990407724
