0 0.025285993303571428 0.21740141369047622 0.020345052083333336 0.017438616071428575
0 0.19124348958333334 0.09009951636904762 0.019763764880952384 0.015113467261904753
0 0.08980887276785715 0.06684802827380953 0.02034505208333333 0.01860119047619048
0 0.3220331101190476 0.19647507440476192 0.015113467261904767 0.019763764880952384
0 0.4874093191964286 0.1929873511904762 0.0156947544642857 0.01395089285714285
0 0.47287713913690477 0.23396809895833334 0.019182477678571452 0.016857328869047616
0 0.5118233816964286 0.2127511160714286 0.018019903273809534 0.017438616071428575
0 0.7170177641369049 0.060744512648809534 0.02034505208333337 0.016857328869047623
0 0.4978724888392857 0.38510277157738093 0.015694754464285754 0.020345052083333315
0 0.5356561569940477 0.30895414806547616 0.01685732886904756 0.01453218005952378
0 0.44090634300595244 0.4013788132440476 0.013369605654761918 0.018019903273809534
0 0.5173456101190477 0.4653204055059524 0.01627604166666663 0.018019903273809534
0 0.5408877418154763 0.4795619419642857 0.014532180059523836 0.020926339285714246
0 0.5060105096726191 0.5103701636904763 0.01453218005952378 0.017438616071428492
0 0.5199614025297619 0.5344935825892857 0.013369605654761973 0.018019903273809534
0 0.5437941778273809 0.5783807663690477 0.013369605654761973 0.01976376488095244
0 0.6068638392857143 0.5946568080357143 0.013950892857142794 0.019763764880952328
0 0.5763462611607143 0.6321498325892858 0.014532180059523725 0.02034505208333337
0 0.6045386904761905 0.6798153831845238 0.011625744047619069 0.01569475446428581
0 0.6295340401785714 0.7237025669642858 0.01627604166666663 0.017438616071428492
0 0.7588704427083334 0.7672991071428572 0.011044456845238138 0.01627604166666663
0 0.7925851004464286 0.8120582217261905 0.01569475446428581 0.013950892857142905
0 0.7257370721726191 0.885009765625 0.014532180059523725 0.019182477678571397
0 0.17380487351190477 0.537109375 0.015113467261904767 0.0209263392857143
0 0.30837286086309523 0.5772181919642858 0.013369605654761918 0.013950892857142905
0 0.1087007068452381 0.6617954799107143 0.015113467261904767 0.014532180059523725
0 0.7992699032738095 0.9751092819940477 0.01627604166666663 0.02034505208333326
0 0.4213852255351682 0.9774584288990826 0.018515863914373043 0.017321292048929737
0 0.5094849006116208 0.9240013379204893 0.016724006116207946 0.011945718654434279
0 0.8306803854466858 0.028885987031700314 0.01801152737752154 0.01519722622478386
0 0.6398255343264249 0.06198388924870467 0.014673737046632107 0.019733646373056996
