0 0.3264609657039711 0.030319268953068593 0.018332581227436806 0.015512184115523464
0 0.30389778880866425 0.042658506317689526 0.015512184115523464 0.014807084837545122
0 0.20588898916967507 0.2252792193140794 0.019742779783393477 0.016217283393501786
0 0.7463475857400722 0.20165839350180506 0.0176274819494584 0.015512184115523464
0 0.9025270758122743 0.12445002256317689 0.01833258122743675 0.02044787906137184
0 0.9592875676895307 0.2175231272563177 0.016217283393501813 0.023268276173285196
0 0.9487110785198556 0.27463616877256314 0.016217283393501702 0.017627481949458457
0 0.9765625 0.1685187274368231 0.015512184115523464 0.014101985559566793
0 0.972684453971119 0.3120064305054152 0.016217283393501813 0.019037680505415155
0 0.9885491877256318 0.3359798059566787 0.012691787003610178 0.017627481949458512
0 0.7223742102888087 0.7202589124548737 0.0176274819494584 0.013396886281588416
0 0.7403542418772564 0.7502256317689531 0.021152978339350148 0.015512184115523464
0 0.7759617554151625 0.8157998646209386 0.014807084837545115 0.012691787003610178
0 0.8277865523465704 0.7752566561371841 0.012691787003610067 0.024678474729241895
0 0.8762668918918919 0.7676133164414414 0.015836148648648574 0.01319679054054057
