0 0.3662990749097473 0.09836134927797835 0.014807084837545115 0.0162172833935018
0 0.5771237590252707 0.07262522563176896 0.01903768050541521 0.01833258122743682
0 0.629653655234657 0.07509307310469314 0.01833258122743675 0.014807084837545115
0 0.3708822202166065 0.1639355821299639 0.016922382671480163 0.020447879061371854
0 0.8420596965699207 0.5225511213720317 0.018552110817941947 0.012368073878627928
0 0.6537783462389379 0.6568030973451326 0.01814850663716816 0.01382743362831862
0 0.4627869192477876 0.7566198838495575 0.023333794247787643 0.01814850663716816
0 0.5127462813152401 0.4071388961377871 0.009378262004175464 0.014271268267223414
0 0.6079852764423077 0.5154935396634616 0.011268028846153855 0.01596304086538458
0 0.4012629357298475 0.2157373366013072 0.012765522875817004 0.017871732026143783
0 0.7134562841530054 0.023192025273224063 0.017076502732240484 0.01334101775956284
