0 0.4032628676470589 0.49345128676470595 0.02068014705882354 0.014935661764705899
0 0.19471974582701063 0.05571889226100152 0.009484066767830035 0.013633345978755686
0 0.203907435508346 0.05112504742033384 0.011262329286798184 0.01392972306525038
0 0.21605889605462822 0.053051498482549315 0.008298558421851288 0.011855083459787558
0 0.46126302083333337 0.2177734375 0.011067708333333315 0.016276041666666685
0 0.4749348958333333 0.25813802083333337 0.017578125 0.014973958333333315
0 0.9114583333333334 0.7503255208333334 0.01953125 0.017578125
0 0.904296875 0.41829427083333337 0.01692708333333326 0.014973958333333315
0 0.9611371805111821 0.3558556309904153 0.01684804313099042 0.013104033546325888
0 0.987969249201278 0.3689596645367412 0.015600039936102261 0.01185603035143773
0 0.8696831597222222 0.4193793402777778 0.01193576388888884 0.013020833333333315
0 0.7512972518552876 0.3566862824675324 0.013407351576994464 0.010508464749536206
