0 0.05229091183574876 0.24996225845410627 0.021701388888888895 0.013209541062801977
0 0.2225996376811594 0.2645871074879227 0.026419082125603843 0.01792723429951687
0 0.36035628019323673 0.2707201086956522 0.024532004830917886 0.015096618357487934
0 0.2877038043478261 0.2820425724637681 0.026419082125603843 0.018870772946859904
0 0.17070501207729466 0.306574577294686 0.01698369565217392 0.011322463768115965
0 0.3344089673913043 0.31223580917874394 0.021701388888888895 0.013209541062801977
0 0.3872471316425121 0.3391266606280193 0.019814311594202938 0.0141530797101449
0 0.5150966183574879 0.3202558876811594 0.024532004830917886 0.017927234299516925
1 0.11079030797101447 0.3178970410628019 0.0405721618357488 0.022644927536231874
1 0.1612696256038647 0.4056461352657005 0.04906400966183577 0.022644927536231874
0 0.7736262077294687 0.25232110507246375 0.022644927536231818 0.012266002415458943
0 0.8802460748792271 0.2348656400966183 0.02075785024154586 0.011322463768115937
