0 0.5062231924019608 0.18165977328431374 0.013882506127451011 0.020584405637254888
0 0.5320733762254902 0.19817516850490197 0.010052849264705843 0.020105698529411742
0 0.5445197610294117 0.20511642156862747 0.014839920343137192 0.022499234068627444
0 0.5720454197303921 0.0849609375 0.015318627450980449 0.015797334558823525
0 0.4961703431372549 0.12995940563725492 0.01866957720588236 0.01771216299019608
0 0.5933478860294118 0.22809436274509803 0.013882506127451011 0.020584405637254916
0 0.6108206954656863 0.2405407475490196 0.013403799019607865 0.020584405637254916
0 0.6318838082107843 0.24628523284313725 0.013403799019607865 0.017712162990196068
0 0.8415575214460784 0.30420879289215685 0.010531556372548989 0.016754748774509776
0 0.70247054973822 0.5636555137434556 0.014316099476439859 0.015849967277486887
0 0.7610131708115184 0.4498936518324607 0.016872545811518314 0.023519306282722474
0 0.7827429646596858 0.4307203043193717 0.015338678010471174 0.01891770287958111
0 0.5894756217277487 0.7950139070680629 0.0163612565445026 0.020451570680628306
0 0.578482902486911 0.9225805791884817 0.021985438481675335 0.021985438481675335
0 0.5485268967661692 0.6627021144278606 0.024292599502487522 0.02720771144278611
0 0.9246984294041452 0.09487329987046632 0.014673737046632107 0.019733646373056996
0 0.9674546632124352 0.012396777849740933 0.013155764248704682 0.022769591968911918
0 0.6068956906392694 0.031214326484018267 0.013377568493150749 0.017836757990867584
0 0.7513734303652968 0.2118115011415525 0.0169449200913242 0.02229594748858446
0 0.9698737157534247 0.08427868150684932 0.015161244292237419 0.015161244292237447
