0 0.3462032004830918 0.16504378019323668 0.024532004830917886 0.01320954106280195
0 0.2589258756038647 0.19334993961352653 0.02358846618357488 0.01698369565217392
0 0.21174894323671495 0.1480600845410628 0.017927234299516925 0.011322463768115937
0 0.9821306195175438 0.8951822916666665 0.012849506578947345 0.018845942982456232
0 0.961571408991228 0.908031798245614 0.007709703947368363 0.023985745614035103
0 0.9577165570175437 0.9645696271929823 0.015419407894736836 0.01884594298245612
0 0.9204529879385963 0.9106016995614035 0.01627604166666663 0.01370614035087725
0 0.9251644736842104 0.9285910087719298 0.017132675438596534 0.017132675438596423
0 0.9915535910087718 0.9508634868421051 0.012849506578947345 0.017132675438596423
0 0.6334806743421052 0.776110197368421 0.017989309210526327 0.017132675438596423
0 0.4608689692982456 0.7362767269736841 0.025699013157894746 0.017989309210526216
0 0.8819044682017543 0.6274842379385964 0.01627604166666674 0.019702576754385914
0 0.790244654605263 0.7118626644736841 0.017989309210526327 0.015419407894736836
0 0.4861396655701754 0.02655564692982456 0.01970257675438597 0.02055921052631579
0 0.1931933198380567 0.5585146761133604 0.018186993927125528 0.02134994939271251
0 0.2674229097682119 0.16394608857615894 0.013581332781456956 0.012287872516556275
