0 0.5630217734657039 0.2767514666064982 0.010576489169675019 0.020447879061371854
0 0.5947512409747293 0.311653880866426 0.010576489169675019 0.018332581227436806
0 0.579591606498195 0.4604298285198556 0.00987138989169678 0.01833258122743686
0 0.6204873646209386 0.44809059115523464 0.012691787003610178 0.021858077617328497
0 0.09852818080357142 0.9800502232142858 0.013369605654761904 0.01976376488095244
0 0.17409551711309523 0.8986700148809524 0.019182477678571425 0.011625744047619069
0 0.07992699032738096 0.7896786644345238 0.01220703125 0.02034505208333326
0 0.10899135044642858 0.811767578125 0.011044456845238082 0.02034505208333337
0 0.11364164806547619 0.6388346354166667 0.021507626488095233 0.010463169642857095
0 0.26585378253796094 0.5994949837310195 0.019912554229934876 0.011862798264642094
0 0.27623373101952275 0.6293638150759218 0.016946854663774436 0.011439126898047713
0 0.30292502711496744 0.6263981155097613 0.019488882863340606 0.011439126898047713
0 0.37727935195227763 0.5880558568329717 0.020759896963123636 0.011862798264642094
0 0.44591411334056397 0.6128406317787418 0.019065211496746226 0.012286469631236363
0 0.4899759354663774 0.6060618899132321 0.019912554229934876 0.013133812364425124
2 0.9594145275297619 0.6126767113095238 0.01685732886904756 0.01627604166666674
2 0.9245372953869048 0.5670456659226191 0.013369605654761862 0.014532180059523725
2 0.9018670944940477 0.6123860677083333 0.014532180059523836 0.0156947544642857
0 0.017138348509933773 0.18625827814569534 0.020048634105960264 0.014228062913907297
0 0.04236082367549669 0.18431808774834435 0.02263555463576159 0.012934602649006616
0 0.043977649006622516 0.21148075331125826 0.023282284768211925 0.012934602649006616
0 0.057882346854304635 0.15004139072847683 0.012287872516556289 0.01552152317880795
0 0.1351665976821192 0.20404335678807947 0.018108443708609284 0.013581332781456956
0 0.2742135761589404 0.18787510347682118 0.021988824503311244 0.013581332781456956
0 0.4090568087748344 0.17429377069536423 0.01875517384105957 0.009700951986754969
0 0.353529033180778 0.6898509010297482 0.012514302059496607 0.01832451372997712
0 0.173259636167147 0.8132317182997117 0.011257204610951005 0.01350864553314124
0 0.1787482923497268 0.01758879781420767 0.012807377049180335 0.021345628415300546
0 0.5085343942505134 0.1937082905544148 0.011229466119096476 0.015239989733059539
0 0.19935521288209607 0.3315536299126638 0.00895537663755458 0.016631413755458513
0 0.6736111111111112 0.013020833333333332 0.01909722222222221 0.015625
