0 0.10262217420212769 0.16547539893617022 0.02285571808510639 0.015583444148936143
0 0.033016123670212796 0.29845412234042556 0.018700132978723406 0.01766123670212766
0 0.01899102393617024 0.3426072140957447 0.01766123670212766 0.016622340425531956
0 0.2308628015350877 0.14048793859649122 0.00942297149122806 0.02055921052631579
0 0.4111842105263157 0.0839501096491228 0.020559210526315763 0.018845942982456135
0 0.43988144188596484 0.06724575109649122 0.021415844298245612 0.016276041666666664
0 0.5037006578947367 0.029553865131578944 0.017132675438596423 0.016276041666666664
0 0.8532072368421052 0.14905427631578944 0.017132675438596534 0.02055921052631579
0 0.9183114035087718 0.31738281249999994 0.017132675438596534 0.021415844298245612
1 0.8562054550438596 0.22443804824561403 0.02826891447368418 0.022272478070175433
0 0.8896141721491226 0.5636650219298245 0.0231291118421052 0.01884594298245612
0 0.9829872532894736 0.43131510416666663 0.012849506578947345 0.017989309210526327
0 0.9590015076754386 0.849352384868421 0.019702576754386025 0.01627604166666663
0 0.9774191337719298 0.863915158991228 0.01370614035087725 0.019702576754385914
0 0.7384183114035087 0.8270799067982455 0.01884594298245612 0.01627604166666663
0 0.6561814692982455 0.746556332236842 0.017132675438596423 0.021415844298245612
0 0.6411903782894737 0.8921840734649122 0.017989309210526216 0.019702576754386025
0 0.17475328947368418 0.9585731907894736 0.017132675438596506 0.013706140350877138
0 0.3238075657894737 0.8729098135964911 0.01713267543859648 0.017132675438596534
0 0.7735690235690236 0.6137678872053871 0.017755681818181768 0.01644044612794604
0 0.8687789351851851 0.10308159722222221 0.01591435185185186 0.015190972222222224
0 0.9918118990384615 0.6833683894230769 0.012469951923076983 0.016075721153846145
0 0.9378756009615384 0.6400240384615384 0.01277043269230771 0.01953125
0 0.4933307926829268 0.40567835365853655 0.013338414634146367 0.020960365853658514
