0 0.9113408167870036 0.7830127481949458 0.0190376805054151 0.017627481949458512
0 0.774904106498195 0.8514073781588447 0.014101985559566765 0.017627481949458512
0 0.6807733528880866 0.8411834386281588 0.02044787906137191 0.015512184115523464
0 0.5073189305054151 0.9487110785198556 0.011986687725631717 0.0190376805054151
0 0.5207158167870036 0.9747997518050542 0.016217283393501813 0.01903768050541521
0 0.469596119133574 0.8856046931407942 0.014101985559566765 0.01974277978339345
0 0.4822879061371841 0.9046423736462094 0.011281588447653423 0.01974277978339356
0 0.44844314079422387 0.8496446299638989 0.012691787003610122 0.016922382671480163
0 0.39802854241877256 0.7615072202166064 0.016217283393501813 0.01974277978339345
0 0.4138932761732852 0.7879484431407942 0.016922382671480163 0.02044787906137191
0 0.4502058889891697 0.6814784521660651 0.017627481949458457 0.014807084837545115
0 0.502735785198556 0.6204873646209386 0.012691787003610122 0.021152978339350148
0 0.4576094314079422 0.49709499097472926 0.018332581227436806 0.012691787003610178
0 0.29508404783393505 0.5637268727436824 0.013396886281588472 0.01903768050541521
0 0.1801528655234657 0.23726590703971118 0.011986687725631773 0.021858077617328525
0 0.3384476534296029 0.6582101759927798 0.014101985559566821 0.0204478790613718
0 0.4706537680505415 0.8299018501805053 0.016217283393501758 0.01974277978339345
0 0.6356469990974729 0.9409549864620939 0.021858077617328497 0.016217283393501702
0 0.7593919223826715 0.8700925090252708 0.021152978339350148 0.015512184115523464
0 0.7787821525270757 0.648338786101083 0.016217283393501813 0.01903768050541521
0 0.9028796254512635 0.05711304151624548 0.0176274819494584 0.014101985559566786
0 0.9592875676895307 0.12797551895306858 0.017627481949458512 0.017627481949458484
0 0.9349616425992779 0.22386902075812273 0.022563176895306847 0.016217283393501813
0 0.7234318592057762 0.38533675541516244 0.01833258122743675 0.020447879061371854
0 0.27262369791666663 0.775146484375 0.01395089285714285 0.014532180059523836
0 0.22263299851190477 0.7713681175595238 0.015113467261904767 0.012788318452380931
0 0.2293142712550607 0.800030048076923 0.017396255060728727 0.012256452429149745
0 0.21033653846153844 0.8089258603238866 0.017396255060728755 0.013442560728744946
0 0.1727764423076923 0.8002277327935221 0.019768471659919018 0.015814777327935237
0 0.08418996710526319 0.8623560855263157 0.017475328947368418 0.013363486842105199
0 0.037417763157894766 0.8772615131578947 0.016447368421052627 0.014391447368421018
0 0.06645764802631582 0.8939658717105263 0.014905427631578955 0.010793585526315819
0 0.7877173013245033 0.7540873344370861 0.016814983443708686 0.0219888245033113
0 0.7815733650662251 0.2810042425496688 0.02004863410596036 0.017461713576158944
