0 0.551097972972973 0.023490287162162157 0.013724662162162171 0.019531249999999997
0 0.5627111486486487 0.0440772804054054 0.014780405405405372 0.019531249999999993
0 0.5730046452702703 0.0636085304054054 0.014252533783783772 0.01636402027027028
0 0.6015097128378377 0.05964949324324324 0.017419763513513487 0.02005912162162163
0 0.5978146114864864 0.10794974662162163 0.014252533783783883 0.020586993243243243
0 0.6366131756756757 0.1538745777027027 0.011613175675675658 0.01953125
0 0.5801309121621621 0.19346494932432431 0.0200591216216216 0.012141047297297314
0 0.5130912162162162 0.2657833614864865 0.021114864864864802 0.015308277027027029
0 0.45317778716216217 0.2673669763513513 0.021642736486486458 0.014252533783783827
0 0.46294341216216217 0.2940244932432432 0.017947635135135143 0.013724662162162116
0 0.4127956081081081 0.3225295608108108 0.01583614864864863 0.011613175675675658
0 0.41147592905405406 0.28557854729729726 0.013196790540540515 0.019003378378378344
0 0.28135557432432434 0.36739864864864863 0.02322635135135137 0.016891891891891886
0 0.16786317567567566 0.4639991554054054 0.017947635135135115 0.014780405405405372
0 0.09580869932432431 0.4729729729729729 0.01636402027027027 0.011613175675675713
0 0.06440033783783783 0.5260240709459459 0.0168918918918919 0.014252533783783772
0 0.08234797297297297 0.9309016047297296 0.01900337837837837 0.012141047297297258
0 0.1662795608108108 0.8810177364864864 0.0200591216216216 0.014780405405405372
0 0.17710092905405406 0.8617504222972973 0.0142525337837838 0.016364020270270174
0 0.6498099662162162 0.6313344594594594 0.0190033783783784 0.012668918918918859
0 0.7968222128378377 0.6313344594594594 0.016364020270270285 0.01900337837837829
0 0.8071157094594594 0.6498099662162162 0.016891891891891886 0.0190033783783784
0 0.8580553209459459 0.5397487331081081 0.014252533783783772 0.016364020270270285
0 0.8976456925675675 0.6199852195945945 0.01214104729729737 0.018475506756756688
0 0.9888883023648649 0.6155774915540541 0.018317145270270285 0.014938766891891886
0 0.9697001689189189 0.620777027027027 0.017947635135135087 0.0190033783783784
0 0.9572951858108107 0.3758445945945946 0.01319679054054057 0.017947635135135143
0 0.7060546875 0.7708333333333333 0.017578125 0.02083333333333337
0 0.23209635416666669 0.8743489583333333 0.022786458333333343 0.01822916666666663
0 0.286376953125 0.43994928175403225 0.015357232862903192 0.017719884072580627
0 0.9140326052295918 0.22371253188775508 0.011459661989795977 0.019929846938775503
0 0.3536243736080178 0.8058010857461024 0.027839643652561252 0.016094793986636935
