0 0.8591424851190477 0.15781947544642858 0.01627604166666663 0.016857328869047616
0 0.6813539277522935 0.24772434059633025 0.01881450688073394 0.017022649082568786
0 0.9382172492937852 0.3900732697740113 0.01379325564971745 0.016551906779661008
0 0.49739583333333337 0.39876302083333337 0.015625000000000056 0.018880208333333315
1 0.3977864583333333 0.41048177083333337 0.02734375 0.022786458333333315
0 0.6125957520891365 0.4472057799442897 0.017409470752089096 0.011969011142061281
0 0.7434777997737556 0.8340639140271493 0.016791572398189958 0.019442873303167407
0 0.7536411199095022 0.8539486708144797 0.012372737556560987 0.01679157239819007
0 0.7839695411392404 0.8989319620253164 0.014339398734177222 0.017800632911392444
0 0.8121538765822784 0.9424446202531644 0.014339398734177111 0.017800632911392333
0 0.9098468440594059 0.8273385932343233 0.012247318481848124 0.01611489273927391
0 0.7131177325581395 0.7282582364341086 0.0141311369509044 0.018168604651162767
0 0.259754269622093 0.8065157158430233 0.01646529796511631 0.018736373546511587
0 0.25634765625 0.772449582122093 0.015329760174418589 0.01646529796511631
0 0.27678733648255816 0.739235101744186 0.01646529796511631 0.021575218023255793
0 0.19917659622302158 0.6958886016187049 0.014753821942446038 0.01896919964028776
0 0.16473121085594988 0.6195769180584552 0.013048016701461357 0.017533272442588732
0 0.13394604645093944 0.587160751565762 0.012640266179540699 0.01794102296450939
0 0.1431204331941545 0.6028591466597077 0.015494519832985387 0.0159022703549061
0 0.12619878653444677 0.490727753131524 0.015086769311064702 0.016717771398747416
0 0.0501495114555256 0.4439332041778976 0.015267014824797843 0.0173728099730458
0 0.034045298165137614 0.3243262614678899 0.01075114678899083 0.014334862385321112
0 0.13397752192982454 0.21347313596491227 0.01850328947368421 0.01713267543859648
0 0.07562614889705885 0.4888700597426471 0.017951516544117654 0.020105698529411797
0 0.7079042800859598 0.4152153474212035 0.013431232091690504 0.015669770773639013
0 0.5885345123626373 0.8122853708791209 0.01717032967032972 0.01717032967032961
0 0.16668500586854457 0.8722857981220657 0.012837441314553971 0.011920481220657364
0 0.2175762910798122 0.272593896713615 0.01192048122065728 0.02109008215962438
0 0.3158837579617835 0.2434190883757962 0.013684315286624171 0.015550358280254806
0 0.7234781095297029 0.8992110148514851 0.015953743811881194 0.015470297029702929
0 0.7416073638613861 0.9284595451732673 0.01353650990099009 0.016920637376237613
