0 0.12120863970588236 0.1510799632352941 0.017233455882352935 0.01723345588235295
0 0.19761029411764708 0.10569852941176472 0.02527573529411767 0.018382352941176475
0 0.19588694852941177 0.14073988970588236 0.01953125 0.014935661764705899
0 0.37224264705882354 0.14361213235294118 0.020680147058823484 0.011488970588235281
0 0.380859375 0.15222886029411764 0.01723345588235292 0.01034007352941177
0 0.39005055147058826 0.13556985294117646 0.01953125 0.011488970588235309
0 0.778952205882353 0.6922104779411764 0.01378676470588236 0.01723345588235292
0 0.80078125 0.7266773897058824 0.016084558823529438 0.01953125
0 0.8421415441176471 0.7071461397058824 0.018382352941176405 0.01953125
0 0.8582261029411765 0.7352941176470589 0.016084558823529438 0.020680147058823484
0 0.8392693014705883 0.7697610294117647 0.01723345588235292 0.020680147058823595
1 0.9041819852941176 0.8363970588235294 0.02757352941176472 0.04136029411764697
0 0.9677734375 0.9867302389705883 0.021484375 0.022633272058823484
0 0.7232306985294118 0.5669806985294118 0.014935661764705843 0.01953125
0 0.7266773897058825 0.39981617647058826 0.02182904411764708 0.016084558823529438
0 0.7657398897058824 0.4084329044117647 0.012637867647058876 0.01263786764705882
0 0.7433363970588236 0.42451746323529416 0.018382352941176516 0.014935661764705899
0 0.8432904411764706 0.33203125 0.020680147058823484 0.01378676470588236
0 0.8651194852941176 0.31824448529411764 0.022977941176470562 0.016084558823529438
0 0.9518612132352942 0.26941636029411764 0.02182904411764708 0.01723345588235292
0 0.9363511029411765 0.27688419117647056 0.020680147058823595 0.016084558823529382
0 0.6002987132352942 0.322265625 0.01723345588235292 0.024126838235294157
0 0.5503216911764706 0.302734375 0.016084558823529438 0.01723345588235292
0 0.5790441176470589 0.3504136029411765 0.016084558823529438 0.01838235294117646
0 0.6014476102941176 0.3877527573529412 0.014935661764705843 0.01723345588235292
0 0.9133731617647058 0.09995404411764706 0.018382352941176516 0.02297794117647059
0 0.5066636029411765 0.13959099264705882 0.016084558823529438 0.01953125
0 0.5233226102941178 0.16084558823529413 0.01723345588235292 0.01838235294117646
0 0.5394071691176471 0.1889935661764706 0.014935661764705843 0.01723345588235292
0 0.4302619485294118 0.034466911764705885 0.01953125 0.02297794117647059
0 0.2998621323529412 0.048828125 0.02757352941176472 0.017233455882352942
0 0.4417509191176471 0.11259191176470588 0.01263786764705882 0.01608455882352941
0 0.5129825367647058 0.23609834558823528 0.01953125 0.02182904411764705
0 0.5187270220588236 0.5233226102941176 0.02182904411764708 0.012637867647058876
0 0.4808134191176471 0.5698529411764706 0.01723345588235292 0.01378676470588236
0 0.6479779411764706 0.8450137867647058 0.018382352941176516 0.02182904411764708
0 0.44060202205882354 0.654296875 0.01723345588235292 0.01723345588235292
0 0.7456341911764706 0.6301700367647058 0.01378676470588236 0.01723345588235292
