0 0.2820542279411765 0.2619485294117647 0.0241268382352941 0.016084558823529438
0 0.21197150735294118 0.3372012867647059 0.02182904411764708 0.010340073529411797
0 0.24758731617647062 0.31594669117647056 0.019531250000000028 0.011488970588235337
0 0.19761029411764708 0.38545496323529416 0.02068014705882351 0.017233455882352977
0 0.6853170955882353 0.42911305147058826 0.02182904411764708 0.01953125
0 0.6623391544117647 0.06893382352941177 0.024126838235294157 0.020680147058823525
0 0.25965073529411764 0.7289751838235294 0.022977941176470562 0.014935661764705843
0 0.0057444852941176475 0.8484604779411764 0.006893382352941176 0.01723345588235292
0 0.3716681985294118 0.6680836397058825 0.021829044117647023 0.01723345588235292
0 0.7238051470588236 0.9053308823529411 0.020680147058823484 0.018382352941176516
