0 0.06424753289473684 0.8904708059210525 0.017132675438596486 0.019702576754385914
1 0.08095189144736842 0.8986088267543859 0.021415844298245612 0.027412280701754388
0 0.0775253563596491 0.9298759594298245 0.017989309210526314 0.017989309210526327
0 0.0385485197368421 0.8553488212719298 0.01713267543859649 0.019702576754386025
0 0.07966694078947367 0.8536355537280701 0.017132675438596492 0.017989309210526327
0 0.09979783442982455 0.8519222861842104 0.01970257675438597 0.017989309210526327
0 0.1250685307017544 0.8566337719298245 0.017132675438596506 0.020559210526315708
0 0.12121367872807015 0.8797628837719297 0.021415844298245598 0.01884594298245612
0 0.13877467105263158 0.8669133771929824 0.017132675438596506 0.015419407894736836
0 0.15419407894736842 0.8365028782894736 0.02055921052631579 0.017989309210526327
0 0.18032140899122806 0.8232250548245612 0.023129111842105254 0.015419407894736836
0 0.2694113212719298 0.7632606907894737 0.021415844298245612 0.01370614035087725
0 0.3049616228070175 0.7696854440789473 0.023985745614035103 0.014562774122807043
0 0.639477110745614 0.795384457236842 0.017989309210526327 0.011136239035087758
0 0.7088644462719298 0.800095942982456 0.017989309210526327 0.011992872807017552
0 0.7791084155701753 0.7688288103070174 0.019702576754386025 0.011136239035087758
0 0.7940995065789473 0.8022375274122806 0.022272478070175405 0.011136239035087758
0 0.8168003015350876 0.805235745614035 0.02312911184210531 0.013706140350877138
0 0.8416426809210524 0.8018092105263157 0.021415844298245612 0.013706140350877138
0 0.8690549616228069 0.7996676260964912 0.019702576754385914 0.00942297149122806
0 0.9041769462719298 0.7996676260964911 0.019702576754386025 0.012849506578947345
0 0.9380139802631577 0.800095942982456 0.023985745614034992 0.011992872807017552
0 0.9675678453947367 0.8155153508771928 0.02312911184210531 0.011992872807017552
0 0.9350157620614035 0.9230228892543859 0.026555646929824595 0.014562774122807043
0 0.985557154605263 0.9718510142543859 0.021415844298245612 0.014562774122807043
0 0.863486842105263 0.9474369517543859 0.023985745614035103 0.015419407894736836
0 0.8986088267543859 0.9547183388157894 0.022272478070175405 0.014562774122806932
0 0.815087033991228 0.9392989309210525 0.021415844298245612 0.01627604166666674
0 0.8009525767543859 0.961571408991228 0.02055921052631582 0.014562774122807043
0 0.8403577302631577 0.9932668585526314 0.022272478070175405 0.00942297149122806
0 0.6690309758771928 0.9765624999999999 0.022272478070175405 0.013706140350877138
0 0.20430715460526314 0.21244517543859648 0.016276041666666685 0.013706140350877194
0 0.15847724780701752 0.17775150767543857 0.01884594298245612 0.016276041666666657
0 0.05653782894736842 0.32851905153508765 0.017132675438596486 0.0128495065789474
0 0.3700657894736842 0.6360505756578947 0.025699013157894746 0.019702576754385914
0 0.4120408442982456 0.6116365131578947 0.02227247807017546 0.01884594298245612
0 0.6495516065140845 0.5051303917253521 0.019943882042253502 0.015817561619718257
