0 0.014395542828685258 0.23499750996015933 0.01945343625498008 0.014006474103585659
0 0.03657246015936255 0.18869833167330674 0.023344123505976096 0.011672061752988044
0 0.0758684013944223 0.1497914591633466 0.024122260956175298 0.014784611553784854
0 0.031514566733067725 0.048244521912350596 0.01011578685258964 0.01867529880478088
0 0.02995829183266932 0.10738296812749003 0.011672061752988044 0.02023157370517928
0 0.17274651394422308 0.13539591633466136 0.018675298804780888 0.014006474103585659
0 0.21359873007968128 0.15407121513944222 0.017897161354581664 0.01245019920318724
0 0.298804780876494 0.11244086155378485 0.021787848605577698 0.01634088645418326
0 0.3275958665338645 0.0743121264940239 0.021787848605577698 0.014784611553784854
0 0.40540961155378485 0.13228336653386452 0.02334412350597609 0.014006474103585659
0 0.5213520916334662 0.09415463147410358 0.021787848605577698 0.014006474103585659
0 0.4306990786852589 0.06847609561752988 0.022565986055776865 0.014006474103585659
0 0.47116222609561753 0.029569223107569716 0.017897161354581692 0.01245019920318725
0 0.532246015936255 0.049411728087649404 0.023344123505976033 0.016340886454183266
0 0.5513103834661355 0.014395542828685258 0.02100971115537853 0.013228336653386453
0 0.5458634213147411 0.030736429282868523 0.022565986055776865 0.014784611553784858
0 0.6754233067729083 0.30775336155378485 0.02490039840637448 0.014784611553784854
0 0.6937095368525896 0.298804780876494 0.02100971115537853 0.01711902390438247
0 0.720555278884462 0.28518737549800793 0.01711902390438247 0.017897161354581637
0 0.7271694472111554 0.2762387948207171 0.0163408864541833 0.015562749003984078
0 0.7396196464143425 0.2727371762948207 0.019453436254980083 0.0163408864541833
0 0.7505135707171313 0.26417766434262946 0.017897161354581637 0.0163408864541833
0 0.7551823954183265 0.8843532121513944 0.008559511952191179 0.022565986055776865
0 0.7462338147410358 0.8186005976095616 0.010893924302788793 0.018675298804780804
0 0.7454556772908366 0.8427228585657369 0.009337649402390458 0.020231573705179362
0 0.8147099103585657 0.6785358565737052 0.021787848605577587 0.01711902390438247
0 0.8322180029880477 0.6481884960159362 0.017897161354581637 0.012450199203187351
0 0.840777514940239 0.6291241284860557 0.017897161354581637 0.014784611553784854
0 0.850504233067729 0.6116160358565736 0.015562749003984133 0.015562749003984022
0 0.8602309511952191 0.5944970119521912 0.017897161354581637 0.012450199203187351
0 0.8353305527888446 0.7201662101593624 0.017897161354581637 0.019453436254980083
0 0.8435009960159362 0.7345617529880477 0.018675298804780915 0.01245019920318724
0 0.8399993774900398 0.7466228834661354 0.0163408864541833 0.013228336653386519
0 0.8528386454183265 0.6863172310756971 0.01711902390438247 0.01711902390438247
0 0.8571184013944222 0.6734779631474104 0.013228336653386408 0.0163408864541833
0 0.8629544322709163 0.6586933515936255 0.015562749003984022 0.0163408864541833
0 0.8699576693227091 0.6493557021912351 0.014006474103585576 0.0163408864541833
0 0.8792953187250996 0.6415743276892429 0.015562749003984133 0.017897161354581637
0 0.8648997758964143 0.5797124003984062 0.017897161354581637 0.01711902390438247
0 0.8119864292828685 0.699156499003984 0.019453436254980083 0.013228336653386408
0 0.7960346115537849 0.7225006225099602 0.01711902390438247 0.0163408864541833
0 0.7828062749003983 0.741175921314741 0.015562749003984022 0.017897161354581748
0 0.7415649900398406 0.8641216384462151 0.009337649402390458 0.02100971115537853
0 0.7505135707171313 0.9839548057768923 0.013228336653386408 0.017897161354581637
0 0.7470119521912351 0.942324452191235 0.01245019920318724 0.018675298804780915
0 0.7435103336653386 0.9065301294820716 0.007003237051792843 0.018675298804780804
0 0.7625747011952191 0.7734686254980079 0.010893924302788904 0.02490039840637448
0 0.8189896663346612 0.4793326693227091 0.007003237051792843 0.018675298804780915
0 0.808484810756972 0.4742747758964143 0.01245019920318724 0.016340886454183245
0 0.7983690239043824 0.465715263944223 0.01245019920318724 0.016340886454183245
0 0.8458354083665338 0.44859624003984055 0.010893924302788793 0.017897161354581692
0 0.8540058515936254 0.454043202191235 0.013228336653386519 0.014784611553784854
0 0.8645107071713147 0.457933889442231 0.01245019920318724 0.014784611553784854
0 0.871903012948207 0.46376992031872505 0.008559511952191179 0.02023157370517925
0 0.8800734561752988 0.46454805776892427 0.01245019920318724 0.01867529880478086
0 0.890578311752988 0.4707731573705179 0.011672061752987961 0.021787848605577698
0 0.8427228585657369 0.4913937998007968 0.010893924302788904 0.019453436254980083
0 0.8536167828685258 0.4964516932270916 0.010893924302788793 0.014006474103585687
0 0.8602309511952191 0.5034549302788844 0.011672061752988072 0.015562749003984078
0 0.8687904631474103 0.5069565488047809 0.013228336653386519 0.0163408864541833
0 0.8785171812749003 0.511625373505976 0.010893924302788793 0.017897161354581748
0 0.8862985557768923 0.5197958167330676 0.01245019920318724 0.018675298804780804
0 0.8936908615537849 0.5256318476095617 0.011672061752988072 0.01634088645418319
0 0.689429780876494 0.33498817231075695 0.01711902390438247 0.014784611553784854
0 0.7057706673306772 0.3482165089641434 0.018675298804780804 0.014784611553784854
0 0.7302819970119521 0.31825821713147406 0.014784611553784965 0.01711902390438247
0 0.7477900896414342 0.3089205677290836 0.014006474103585687 0.01867529880478086
0 0.7544042579681274 0.33887885956175295 0.014784611553784854 0.017897161354581637
0 0.7649091135458167 0.34666023406374497 0.014006474103585687 0.014784611553784854
0 0.9609997509960159 0.1968687749003984 0.015562749003984022 0.014006474103585659
0 0.9703374003984063 0.2003703934262948 0.014006474103585687 0.013228336653386435
0 0.9788969123505975 0.20854083665338644 0.01711902390438247 0.01867529880478086
0 0.9431025896414342 0.4801108067729083 0.015562749003984133 0.014006474103585631
0 0.9493276892430278 0.48905938745019917 0.015562749003984022 0.013228336653386463
0 0.9664467131474103 0.4178598107569721 0.015562749003984022 0.014006474103585631
0 0.9656685756972111 0.40735495517928283 0.015562749003984022 0.013228336653386408
0 0.9711155378486055 0.3991845119521912 0.018675298804780915 0.014006474103585631
0 0.9734499501992031 0.36689180776892427 0.010893924302788793 0.02100971115537853
0 0.7435103336653386 0.40968936752988044 0.013228336653386519 0.02100971115537853
0 0.91781312250996 0.05291334661354581 0.02879108565737054 0.014006474103585659
0 0.733394546812749 0.022565986055776893 0.022565986055776865 0.01245019920318725
1 0.7925329930278884 0.03501618525896414 0.03657246015936255 0.01711902390438247
0 0.6863172310756971 0.04707731573705179 0.02490039840637459 0.014784611553784854
0 0.7695779382470118 0.09571090637450198 0.021787848605577698 0.01245019920318724
0 0.03618339143426295 0.442371140438247 0.013228336653386453 0.02256598605577692
0 0.18947646912350596 0.49256100597609553 0.013228336653386463 0.02023157370517925
0 0.026067604581673304 0.46065737051792827 0.014784611553784861 0.021787848605577698
0 0.04785545318725099 0.5007314492031871 0.014784611553784854 0.022565986055776865
0 0.034627116533864535 0.516683266932271 0.014784611553784861 0.021787848605577698
0 0.038517803784860555 0.5462524900398407 0.016340886454183263 0.028012948207171262
0 0.05291334661354581 0.5439180776892429 0.014006474103585659 0.02490039840637448
0 0.03968500996015936 0.5781561254980079 0.015562749003984057 0.02490039840637448
0 0.057582171314741026 0.5781561254980079 0.014006474103585652 0.026456673306772927
0 0.043575697211155374 0.6061690737051793 0.014006474103585659 0.018675298804780915
0 0.05797124003984064 0.6057800049800797 0.014784611553784861 0.022565986055776865
0 0.05797124003984064 0.639628984063745 0.014784611553784861 0.026456673306772927
0 0.041630353585657365 0.6645293824701195 0.014784611553784861 0.021787848605577698
0 0.12022223605577688 0.6863172310756971 0.013228336653386435 0.021787848605577698
0 0.016729955179282868 0.8971924800796812 0.016340886454183266 0.02490039840637448
1 0.013617405378486054 0.35132905876494025 0.019453436254980076 0.04279755976095617
0 0.024122260956175298 0.3229270418326693 0.01245019920318725 0.023344123505976144
0 0.004279755976095617 0.3692262201195219 0.007003237051792828 0.017897161354581637
