0 0.5457261029411764 0.07001091452205882 0.015079273897058876 0.01077090992647059
0 0.5494959214154411 0.08042279411764705 0.016874425551470562 0.011488970588235295
0 0.5570355583639706 0.08796243106617646 0.01902860753676472 0.014361213235294115
0 0.5624210133272058 0.09765625 0.021182789522058876 0.012207031249999986
0 0.5679859834558822 0.10752958409926469 0.01866957720588236 0.010411879595588244
0 0.5704991957720588 0.11883903952205882 0.021541819852941124 0.008616727941176475
0 0.5782183478860294 0.12709673713235292 0.019746668198529327 0.009334788602941166
0 0.5789364085477942 0.13679055606617646 0.022618910845588203 0.007898667279411742
0 0.5796544692095588 0.14576631433823528 0.021900850183823595 0.00933478860294118
0 0.5841423483455882 0.15599867876838236 0.022977941176470562 0.01041187959558823
0 0.5846808938419117 0.16605152803308823 0.021182789522058765 0.01184800091911764
0 0.5852194393382353 0.17861758961397056 0.020823759191176516 0.011848000919117668
0 0.5794749540441175 0.21523868336397056 0.01795151654411764 0.01041187959558823
0 0.5755256204044117 0.22583007812499997 0.01795151654411764 0.01220703125
0 0.5722943474264706 0.23516486672794118 0.01723345588235292 0.012925091911764691
0 0.5690630744485294 0.24378159466911764 0.016515395220588203 0.01220703125
0 0.5631390739889706 0.2525778377757353 0.021182789522058876 0.014720243566176433
0 0.5360322840073528 0.1906451056985294 0.01795151654411764 0.01220703125
0 0.5344166475183822 0.20482680376838236 0.015438304227941235 0.01400218290441177
0 0.525979434742647 0.16138413373161764 0.01723345588235292 0.01400218290441177
0 0.5209530101102942 0.1409194048713235 0.020105698529411797 0.01543830422794118
0 0.501565372242647 0.2249325022977941 0.024414062499999944 0.014002182904411742
0 0.4967184627757353 0.21218692555147056 0.018310546875 0.01077090992647059
0 0.4956413717830882 0.20195456112132354 0.016156364889705843 0.01041187959558823
0 0.4958208869485294 0.19244025735294118 0.01866957720588236 0.01077090992647059
0 0.49707749310661764 0.1868752872242647 0.01543830422794118 0.01472024356617646
0 0.5577536190257353 0.2708883846507353 0.016874425551470562 0.016156364889705843
0 0.5406996783088235 0.31074075137867646 0.022259880514705843 0.01256606158088236
0 0.5475212545955882 0.3014059627757353 0.022977941176470562 0.013284122242647078
0 0.5414177389705882 0.3216911764705882 0.0244140625 0.012925091911764719
0 0.5338781020220588 0.330666934742647 0.022977941176470562 0.013643152573529438
0 0.5274155560661764 0.34520766314338236 0.01723345588235292 0.012566061580882304
0 0.524004767922794 0.3563376034007353 0.018310546875 0.01184800091911764
0 0.5202349494485294 0.36495433134191174 0.020823759191176516 0.01256606158088236
0 0.518798828125 0.3760842715992647 0.020105698529411797 0.014002182904411742
0 0.5159265854779411 0.38488051470588236 0.02369600183823528 0.014361213235294101
0 0.5112591911764706 0.3925996668198529 0.014361213235294157 0.011129940257352922
0 0.5082074333639706 0.3996007582720588 0.01902860753676472 0.01220703125
0 0.5055147058823529 0.4094740923713235 0.017951516544117585 0.011129940257352922
0 0.501565372242647 0.41898839613970584 0.016515395220588203 0.010770909926470562
0 0.45560948988970584 0.42634851792279405 0.01795151654411764 0.00897575827205882
0 0.4538143382352941 0.4162956686580882 0.01723345588235292 0.010411879595588203
0 0.4602768841911764 0.3949333639705882 0.01507927389705882 0.00933478860294118
0 0.46171300551470584 0.384521484375 0.01579733455882354 0.00933478860294118
0 0.4653033088235294 0.37518669577205876 0.014361213235294157 0.010052849264705899
0 0.4676370059742647 0.3674675436580882 0.0161563648897059 0.00897575827205882
0 0.4730224609375 0.3622616038602941 0.019746668198529382 0.01220703125
0 0.47517664292279405 0.3511316636029411 0.02118278952205882 0.010052849264705899
0 0.47679227941176466 0.34143784466911764 0.01866957720588236 0.01220703125
0 0.4723044002757353 0.31038172104779405 0.016874425551470618 0.00897575827205882
0 0.45166015625 0.3119973575367647 0.016515395220588258 0.00861672794117646
0 0.4285026999080882 0.31702378216911764 0.020464728860294157 0.01220703125
0 0.4073199103860294 0.32617905560661764 0.016874425551470562 0.01184800091911764
0 0.3859576056985294 0.335693359375 0.01723345588235292 0.011488970588235337
0 0.31217687270220584 0.26227165670955876 0.01256606158088236 0.0161563648897059
0 0.16505311375899284 0.7992918165467626 0.01194357014388489 0.015807666366906448
0 0.14942108812949642 0.9062570256294964 0.019320481115107924 0.01826663669064743
0 0.18981845773381298 0.8886929518884892 0.00948459982014388 0.016158947841726556
0 0.385185917721519 0.78125 0.010878164556962056 0.018789556962025333
0 0.39754746835443033 0.7847112341772151 0.009889240506329167 0.017800632911392333
0 0.6736374728850325 0.6787215292841648 0.014404826464208265 0.016099511930585675
0 0.6575379609544468 0.6948210412147505 0.014404826464208265 0.014404826464208265
0 0.6321176789587852 0.7219360086767895 0.015252169197396914 0.013557483731019504
0 0.6208903877440346 0.7335869712581344 0.016523183297180055 0.016523183297179944
0 0.6617746746203904 0.7469326193058567 0.008473427331887162 0.015252169197396914
0 0.6058500542299349 0.7607019387201734 0.012710140997830743 0.022454582429501158
0 0.6187720309110629 0.7621847885032538 0.011439126898047713 0.018641540130151846
0 0.631905843275488 0.7666333378524945 0.012286469631236474 0.015675840563991295
0 0.6891014777657266 0.7549823752711495 0.010591784164859064 0.016946854663774436
0 0.5067109544468547 0.734222478308026 0.01779419739696314 0.014404826464208265
0 0.5298010439262473 0.741213055856833 0.018217868763557465 0.014828497830802645
0 0.5511964479392624 0.7518048400216919 0.019488882863340495 0.017370526030368705
0 0.5734391946854663 0.7594309246203904 0.020759896963123747 0.013133812364425124
0 0.7173759992732558 0.6909747456395349 0.014194222383720922 0.02271075581395343
0 0.6728061409883721 0.8533566497093024 0.012490915697674465 0.01589752906976738
0 0.6693995276162791 0.86669921875 0.01589752906976738 0.01646529796511631
0 0.885719476744186 0.8888422056686047 0.02271075581395343 0.022142986918604612
0 0.8854355922965116 0.8326330850290697 0.0164652979651162 0.018736373546511698
0 0.7312863372093024 0.34719067950581395 0.013626453488372103 0.018736373546511642
0 0.7219181504360466 0.28871048328488375 0.019871911337209336 0.014194222383720922
0 0.7224859193313954 0.30631131904069764 0.018736373546511587 0.016465297965116255
0 0.7457644440406976 0.2765034520348837 0.009652071220930147 0.02157521802325585
0 0.7372479106104651 0.3142600835755814 0.015329760174418672 0.01760083575581395
0 0.7068722747093024 0.3684820130813954 0.021575218023255793 0.01249091569767441
0 0.72021484375 0.38750227107558144 0.01760083575581395 0.01192314680232559
0 0.7307185683139534 0.4181617914244186 0.014761991279069853 0.021007449127906974
0 0.7929547741502684 0.53108228980322 0.005240943649373886 0.01886739713774599
0 0.8036113595706619 0.5351003466010733 0.008385509838998217 0.020614378354203988
0 0.7810753018783543 0.5471545169946332 0.0178192084078711 0.012578264758497326
0 0.7784548300536673 0.5614797629695886 0.016771019677996324 0.015373434704829991
0 0.8107739825581396 0.5031305903398926 0.017819208407871212 0.00978309481216455
0 0.8170631149373881 0.5169317419499107 0.019216793381037545 0.010831283542039327
0 0.8575500124254473 0.836970365308151 0.011260561630218602 0.01592010437375735
0 0.8633744408548707 0.843765531809145 0.012037152087475134 0.017084990059642147
0 0.8746350024850894 0.8493958126242545 0.014366923459244507 0.01592010437375746
0 0.8969619781312126 0.776202162027833 0.008542495029821073 0.016308399602385726
0 0.8245257914847162 0.6083174126637554 0.010661162663755497 0.017484306768558944
0 0.366230498844376 0.6221831664098614 0.01143586286594761 0.01775568181818188
0 0.3760111710323575 0.6190232569337443 0.009931144067796605 0.014445300462249566
0 0.3883498651771957 0.6244402446070878 0.014144356702619432 0.02106606317411408
0 0.4021932781201849 0.6205279757318953 0.014746244221879812 0.016852850539291198
0 0.45205218715393136 0.5250510451273533 0.015140503875968991 0.009300595238095233
0 0.4531336517165006 0.5145608388704319 0.01557308970099669 0.009949473975636725
0 0.45302550526024365 0.49509447674418605 0.01665455426356588 0.009949473975636725
0 0.45345809108527135 0.4853612956810631 0.018384897563676672 0.010382059800664478
0 0.45432326273532675 0.47519552879291255 0.019250069213732013 0.01081464562569212
0 0.45432326273532675 0.46470532253599117 0.018384897563676617 0.008868009413067535
0 0.45334994462901446 0.45518843438538215 0.015140503875969047 0.011463524363233668
0 0.4546477021040975 0.4462122785160576 0.019033776301218164 0.010382059800664478
0 0.49655757189239336 0.4929339633580705 0.012682629870129913 0.008334299628942499
0 0.49673875231910947 0.4983693761595548 0.01376971243042674 0.009783743042671711
0 0.5166337568681318 0.5445355425824177 0.009658310439560336 0.02182062728937728
0 0.5293326465201466 0.5427469665750917 0.011446886446886406 0.019674336080586108
0 0.5392617984693877 0.5468351403061225 0.008769132653061229 0.020727040816326592
0 0.5470344387755102 0.5482302295918366 0.012356505102040893 0.01953124999999989
0 0.5591916454081632 0.5484295280612245 0.010363520408163351 0.01992984693877542
0 0.5691565688775511 0.550422512755102 0.00956632653061218 0.024713010204081565
0 0.472297512755102 0.5440449617346939 0.01036352040816324 0.01913265306122458
0 0.4860491071428571 0.5791214923469388 0.010762117346938771 0.02072704081632648
0 0.4970105229591837 0.5880899234693877 0.008769132653061285 0.01873405612244894
0 0.5063775510204082 0.5882892219387754 0.00996492346938771 0.020727040816326592
0 0.5165417729591837 0.5898836096938775 0.00956632653061218 0.021524234693877542
0 0.5358737244897959 0.5886878188775511 0.00996492346938771 0.014349489795918324
0 0.9225003248440748 0.05191820426195431 0.012181652806652843 0.017866424116424112
0 0.9555938149688149 0.07303306912681917 0.010151377338877277 0.01624220374220374
0 0.9635118892931392 0.07790573024948029 0.012181652806652732 0.01543009355509356
0 0.9744753768191268 0.08298141891891897 0.01380587318087323 0.01746036902286903
0 0.9659482198544698 0.11363857848232853 0.021114864864864802 0.015430093555093546
0 0.9606695036382535 0.12236876299376304 0.01867853430353439 0.014211928274428257
0 0.9604664760914761 0.13252014033264037 0.019896699584199595 0.010963487525987525
0 0.9592483108108107 0.14165637993762997 0.019084589397089458 0.012181652806652787
0 0.9590452832640333 0.15079261954261958 0.021114864864864802 0.013399818087318105
0 0.9310274818087317 0.05618178274428279 0.011369542619542594 0.017460369022869016
0 0.940772804054054 0.06166352650727655 0.013805873180873118 0.016242203742203747
0 0.9722979428956834 0.7573136803057554 0.015456384892086339 0.016158947841726556
0 0.9650966726618704 0.7639880283273381 0.014402540467625902 0.014753821942446121
0 0.9498159285071943 0.7766341614208633 0.01896919964028776 0.017564073741007213
0 0.9485851025763359 0.7180492604961832 0.014909351145038219 0.013045682251908386
0 0.9908903864503817 0.8969614742366412 0.011554747137404564 0.015282084923664119
0 0.5053685373036649 0.06719363547120422 0.018917702879581222 0.019940281413612558
0 0.3310525782937365 0.2764241360691145 0.012655237580993517 0.018139173866090763
0 0.8179193853021978 0.3567350618131868 0.021999484890109833 0.01180460164835162
0 0.981222885032538 0.2916977359002169 0.016946854663774436 0.013981155097613884
0 0.987366119848156 0.30144217733188716 0.016523183297180055 0.01313381236442518
0 0.9913295654826464 0.3060178280911063 0.013434619034707218 0.012964343817787438
0 0.9930856832971799 0.258863204989154 0.009320770065075923 0.01948888286334058
0 0.7713926789906104 0.5978579812206573 0.0160468016431925 0.012837441314553888
0 0.7789575997652582 0.5779140991784038 0.015588321596244126 0.012378961267605626
