0 0.007151308463251693 0.9454342984409799 0.011744849665924274 0.016094793986636935
0 0.0184611636971047 0.9419543429844097 0.015224805122494432 0.016094793986637046
0 0.031510996659242785 0.937604398663697 0.016964782850779504 0.015224805122494467
0 0.03760091870824056 0.9297744988864143 0.015224805122494432 0.015224805122494467
0 0.05217323218262808 0.9289045100222717 0.01826976614699332 0.014354816258351888
0 0.015851197104677084 0.9014998608017817 0.011744849665924277 0.020444738307349608
0 0.02759604677060136 0.8784451559020043 0.011744849665924276 0.01870476057906456
0 0.03825341035634746 0.8951924415367483 0.01478981069042316 0.023489699331848524
0 0.03999338808463254 0.8760526865256124 0.011309855233853007 0.01913975501113585
0 0.05891564587973276 0.8877975361915367 0.01522480512249444 0.020879732739420898
0 0.09828264198218264 0.8884500278396437 0.014789810690423164 0.01870476057906456
0 0.09132273106904235 0.8684402839643652 0.013049832962138089 0.017834771714922093
0 0.02128862750556795 0.8432106069042316 0.02174972160356347 0.017834771714921982
0 0.04956326559020047 0.833423232182628 0.017399777282850783 0.021749721603563366
0 0.06000313195991094 0.8290732878619154 0.015659799554565715 0.020879732739420898
0 0.08197035077951004 0.8456030762806236 0.01348482739420935 0.01826976614699327
0 0.159399359688196 0.6694303312917594 0.016964782850779514 0.02087973273942101
0 0.16896923719376394 0.6890050807349666 0.016094793986636963 0.022619710467705945
0 0.18419404231625836 0.7118422884187081 0.02218471603563474 0.014354816258351888
0 0.18702150612472163 0.7238046353006682 0.016529788418708252 0.011309855233852972
0 0.19093645601336304 0.7366369710467706 0.021749721603563477 0.01261483853006684
0 0.19463390868596883 0.7442493736080178 0.017834771714922037 0.009569877505567925
0 0.19898385300668153 0.7540367483296213 0.016094793986636963 0.010874860801781794
0 0.2033337973273942 0.7642591174832962 0.023924693763919813 0.012179844097995551
0 0.20855373051224946 0.7733940005567927 0.02218471603563474 0.012179844097995551
0 0.21290367483296213 0.7853563474387528 0.024794682628062364 0.011744849665924373
0 0.21725361915367483 0.7960137110244989 0.021314727171492187 0.010439866369710393
0 0.22356103841870822 0.8153709632516704 0.022619710467706028 0.011744849665924262
0 0.22660599944320714 0.8249408407572383 0.020009743875278402 0.01261483853006684
0 0.18963147271714922 0.8416881263919822 0.012179844097995551 0.018269766146993383
0 0.23117344097995546 0.8362506959910913 0.020444738307349664 0.011744849665924262
0 0.23291341870824053 0.8449505846325167 0.017834771714922037 0.010874860801781794
0 0.23943833518930957 0.856695434298441 0.019574749443207112 0.01261483853006684
0 0.2490082126948775 0.8782276586859687 0.019574749443207112 0.011309855233852972
0 0.25140068207126953 0.8886675250556793 0.018269766146993327 0.012179844097995551
0 0.26423301781737196 0.9204221185968819 0.021314727171492243 0.014789810690423177
0 0.2705404370824054 0.9328194599109131 0.018269766146993327 0.011744849665924262
0 0.273150403674833 0.9439118179287305 0.020879732739420953 0.01304983296213802
0 0.2775003479955457 0.9539166898663697 0.017399777282850748 0.009569877505567925
0 0.2811978006681515 0.9634865673719376 0.020444738307349664 0.010439866369710504
0 0.28511275055679286 0.9761014059020043 0.021314727171492187 0.011309855233852972
0 0.2916376670378619 0.9852362889755011 0.016964782850779514 0.010439866369710504
0 0.2950088738864143 0.9946865430122493 0.019357252227171495 0.006720663975501195
0 0.1279408269961977 0.3462749524714829 0.011139496197718618 0.018565826996197743
0 0.12162844581749047 0.3622415636882129 0.01188212927756653 0.017823193916349844
0 0.2582165948275862 0.3471174568965517 0.016837284482758647 0.011449353448275856
0 0.28481950431034486 0.4191810344827586 0.02020474137931033 0.012796336206896575
0 0.3087284482758621 0.4154768318965517 0.01818426724137928 0.012122844827586188
0 0.3282596982758621 0.41042564655172414 0.01818426724137928 0.012796336206896575
0 0.3573851965962441 0.40529636150234744 0.021548562206572808 0.013754401408450745
0 0.38191387910798125 0.4013992811032864 0.018339201877934252 0.016046801643192443
0 0.3862694395539906 0.3640331572769953 0.0160468016431925 0.012837441314553999
0 0.4238648034037559 0.3580729166666667 0.020631602112676062 0.01467136150234738
0 0.42822036384976525 0.39154196009389675 0.02017312206572769 0.01375440140845069
0 0.6442840189873418 0.4403184335443038 0.017800632911392444 0.013350474683544333
0 0.5953881048387096 0.4569645398481973 0.01890120967741926 0.01185958254269448
0 0.5940909629981024 0.4684535104364326 0.02001304554079697 0.011859582542694536
0 0.5935350450664136 0.4897636978178368 0.018159985768500975 0.01371264231499053
0 0.5909407613851991 0.5086649074952562 0.01593631404174578 0.011488970588235281
0 0.5892730075901328 0.5201538780834914 0.017789373814041776 0.010747746679316883
0 0.6335611361480076 0.523118773719165 0.01964243358633777 0.013712642314990475
0 0.6331905241935483 0.5121857210626186 0.01667753795066418 0.007412239089184092
0 0.6337464421252371 0.5036616461100569 0.01630692599620498 0.009635910815939286
0 0.6339317481024667 0.4918020635673624 0.014453866223908984 0.010377134724857684
0 0.6441592261904762 0.4603500939849624 0.018601190476190466 0.01027960526315791
0 0.6444039786967418 0.47283247180451127 0.020069705513784397 0.012727130325814573
0 0.5825988247863247 0.0734508547008547 0.012520032051282048 0.021701388888888895
0 0.9133363381410258 0.12019230769230771 0.013772035256410242 0.02003205128205128
0 0.7473320057189543 0.029271343954248373 0.015318627450980338 0.01914828431372549
0 0.7042483660130718 0.15947967728758172 0.013403799019607754 0.0204248366013072
0 0.6685049019607843 0.024484272875817 0.0159569035947712 0.012127246732026142
0 0.8073299632352942 0.6723345588235294 0.01659517973856206 0.01085069444444442
0 0.8114787581699345 0.6870149101307189 0.01723345588235292 0.012127246732026142
0 0.964984170751634 0.6515905841503268 0.020424836601307228 0.012765522875817004
0 0.8146367521367521 0.8075420673076923 0.02170138888888895 0.009181356837606791
0 0.9294037126068376 0.7720686431623932 0.019197382478632452 0.01168536324786329
0 0.9694678151709402 0.7420205662393162 0.015858707264957306 0.013354700854700918
