0 0.24842379385964908 0.17989309210526314 0.017132675438596506 0.011992872807017552
0 0.2724095394736842 0.0561095120614035 0.013706140350877138 0.017989309210526314
0 0.2826891447368421 0.08223684210526315 0.015419407894736836 0.02055921052631579
0 0.29798560049019607 0.008607153799019615 0.017712162990196068 0.009574142156862744
0 0.3025333180147059 0.02009612438725491 0.019148284313725505 0.013403799019607842
0 0.3087565104166667 0.03206380208333334 0.01723345588235292 0.01053155637254902
0 0.31210746017156865 0.044749540441176475 0.018190870098039214 0.011010263480392156
0 0.3176125919117647 0.056717218137254916 0.014839920343137247 0.014839920343137254
0 0.4502144607843137 0.10243374693627452 0.012925091911764719 0.014361213235294115
0 0.4490176930147059 0.11488013174019608 0.019148284313725505 0.012446384803921573
0 0.4461454503676471 0.12421492034313728 0.019148284313725505 0.014839920343137261
0 0.4459060968137255 0.14432061887254902 0.012925091911764719 0.014839920343137247
0 0.44470932904411764 0.15652765012254904 0.01627604166666663 0.013403799019607837
0 0.4439912683823529 0.16610179227941177 0.01579733455882354 0.013403799019607865
0 0.44135837928921573 0.1766333486519608 0.020105698529411742 0.01723345588235292
0 0.3872644761029412 0.2577742034313726 0.011488970588235281 0.01675474877450983
0 0.39468443627450983 0.27620442708333337 0.011967677696078427 0.015318627450980393
0 0.4030618106617647 0.2955920649509804 0.013403799019607865 0.016754748774509776
0 0.40880629595588236 0.3159371170343137 0.012446384803921573 0.01914828431372545
0 0.3898973651960784 0.3585420496323529 0.012925091911764719 0.020105698529411742
0 0.4597886029411765 0.3329312193627451 0.01579733455882354 0.012925091911764719
0 0.41096047794117646 0.416226256127451 0.011967677696078427 0.019626991421568596
0 0.5615138633578431 0.5280043658088236 0.018190870098039214 0.013403799019607754
0 0.5325520833333334 0.6388250612745099 0.011967677696078427 0.01866957720588236
0 0.527765012254902 0.6977060355392157 0.0138825061274509 0.021541819852941235
0 0.5648648131127452 0.7199659160539216 0.014361213235294046 0.01627604166666674
0 0.635952818627451 0.9083371629901961 0.013882506127451011 0.016754748774509887
0 0.643133425245098 0.9267673866421569 0.014839920343137192 0.018190870098039214
0 0.6524682138480392 0.95166015625 0.020105698529411686 0.022977941176470562
0 0.7008176317401962 0.953335631127451 0.018190870098039214 0.012925091911764719
0 0.8990444032485876 0.3980733580508474 0.018207097457627164 0.012689795197740106
0 0.9652520303672316 0.4110390183615819 0.020414018361581965 0.013241525423728806
0 0.863181938559322 0.4446945621468926 0.017103637005649652 0.012138064971751461
0 0.7464909957627118 0.4816604872881356 0.017655367231638408 0.014344985875706207
0 0.6700763594632768 0.483591543079096 0.016000176553672363 0.013793255649717506
0 0.639455331920904 0.4960054731638418 0.01875882768361581 0.012138064971751461
0 0.6736626059322034 0.5106263241525424 0.017655367231638408 0.01158633474576276
0 0.01465137012012013 0.02432901651651653 0.014076576576576577 0.019355292792792793
