0 0.6429461050724637 0.15372131642512074 0.012266002415458832 0.018870772946859904
1 0.7731544384057971 0.9698822463768115 0.033023852657004804 0.01509661835748799
0 0.8316431290064101 0.5530724158653846 0.010642027243589758 0.014398036858974339
0 0.8379031450320513 0.5693484575320513 0.019406049679487114 0.011894030448717952
0 0.7011787765017667 0.6028323763250882 0.012422703180211991 0.014493153710247397
0 0.7400225903614458 0.19330446787148597 0.01176581325301207 0.019609688755020088
0 0.7639464106425703 0.18977472389558234 0.017256526104417746 0.020394076305220887
0 0.7961063002008033 0.18585278614457834 0.010981425702811243 0.01882530120481926
0 0.6801589439655173 0.026030441810344793 0.013469827586206962 0.01683728448275862
0 0.7496127424568966 0.9116716056034484 0.017679148706896575 0.013469827586206962
0 0.8342783938172043 0.48565608198924726 0.017851142473118253 0.013650873655913942
