0 0.8109995860927153 0.9280577400662251 0.019401903973509937 0.016814983443708686
0 0.7395359064569537 0.9700951986754967 0.02004863410596025 0.01552152317880795
0 0.1135011382450331 0.5122102649006622 0.016168253311258277 0.02457574503311255
0 0.13937034354304634 0.5933748965231788 0.018755173841059597 0.02004863410596025
0 0.11479459850993377 0.552954263245033 0.017461713576158944 0.020695364238410563
0 0.1267591059602649 0.570092611754967 0.016814983443708603 0.021342094370860987
0 0.31204113328313254 0.40469691265060237 0.011177522590361422 0.016472138554216864
0 0.005842681623931624 0.5479600694444444 0.011685363247863248 0.018362713675213693
0 0.061974158653846145 0.25791266025641024 0.017528044871794872 0.012520032051282048
0 0.9545323988970589 0.9720052083333333 0.008616727941176516 0.015797334558823484
