0 0.0948304521276596 0.3436461103723405 0.021816821808510634 0.014544547872340441
0 0.3789685837765958 0.11041389627659577 0.020777925531914876 0.019739029255319146
0 0.5862283909574468 0.026263297872340455 0.021816821808510634 0.030127992021276598
0 0.5114278590425532 0.3187125997340426 0.019739029255319118 0.0166223404255319
0 0.09015541888297876 0.9140001662234043 0.022855718085106377 0.02077792553191482
0 0.3259848736702128 0.8911444481382979 0.0166223404255319 0.0166223404255319
0 0.5940201130319149 0.7992021276595744 0.014544547872340385 0.019739029255319118
0 0.5851894946808511 0.7212849069148937 0.02389461436170215 0.017661236702127714
0 0.6532372007978724 0.9119223736702128 0.016622340425532012 0.022855718085106336
0 0.8101105385638298 0.5212973736702128 0.0166223404255319 0.018700132978723305
0 0.8869888630319149 0.9420503656914894 0.018700132978723416 0.02493351063829785
0 0.9176363031914894 0.3540350731382979 0.017661236702127603 0.0166223404255319
0 0.4776637300531915 0.34572390292553196 0.02285571808510639 0.018700132978723416
0 0.14210023271276595 0.11093334441489364 0.020777925531914904 0.014544547872340427
2 0.9810855263157894 0.08778782894736845 0.021587171052631526 0.050370065789473686
