0 0.06078275966183571 0.024928291062801894 0.019814311594202896 0.014153079710144924
0 0.1032419987922705 0.07729468599033813 0.019814311594202896 0.018870772946859904
0 0.8019323671497585 0.41460975241545894 0.018870772946859904 0.017927234299516925
0 0.8632623792270531 0.980732940821256 0.016983695652173947 0.023588466183574908
0 0.6929536533816425 0.9142134661835748 0.019814311594202882 0.018870772946859904
0 0.45471014492753625 0.8958144625603864 0.018870772946859904 0.017927234299516925
0 0.4561254528985508 0.9260076992753623 0.01792723429951687 0.019814311594202882
0 0.5174554649758454 0.7028608091787439 0.019814311594202882 0.015096618357487879
0 0.6028457125603864 0.8396739130434783 0.013209541062801922 0.018870772946859904
0 0.26270003019323673 0.9637492451690821 0.016040157004830913 0.02170138888888884
0 0.2829861111111111 0.7684367451690821 0.018870772946859904 0.01604015700483097
0 0.21410778985507245 0.6118093297101449 0.02075785024154589 0.014153079710145011
0 0.17542270531400964 0.4683914553140097 0.020757850241545917 0.016040157004830913
0 0.09050422705314007 0.49009284420289856 0.018870772946859918 0.014153079710144956
0 0.6738449622844829 0.8548457704741379 0.015995420258620663 0.015995420258620663
0 0.5386880990415336 0.6229283146964857 0.020592052715654896 0.011856030351437674
0 0.4556107954545455 0.5489925294612794 0.01709806397306396 0.015782828282828287
0 0.3668323863636364 0.521043771043771 0.015782828282828287 0.02170138888888884
0 0.625424321086262 0.472231928913738 0.014352036741214103 0.014976038338658126
0 0.3696276763224181 0.733932226070529 0.013283217884131004 0.01279124685138544
0 0.8818873355263157 0.3766447368421053 0.02055921052631582 0.015419407894736836
0 0.8505859375 0.9593098958333333 0.013671875 0.02018229166666663
