0 0.06264006474103585 0.012061130478087649 0.010115786852589632 0.019453436254980076
0 0.2777950697211155 0.04668824701195219 0.01245019920318724 0.009337649402390437
0 0.08170443227091634 0.3766185258964143 0.015562749003984064 0.018675298804780915
0 0.2715699701195219 0.6979892928286853 0.01711902390438247 0.01711902390438247
0 0.30736429282868527 0.7046034611553784 0.015562749003984078 0.017897161354581748
0 0.199203187250996 0.6026674551792828 0.01245019920318724 0.0163408864541833
0 0.2972485059760956 0.6267897161354581 0.010893924302788793 0.02100971115537853
0 0.3174800796812749 0.6326257470119521 0.014006474103585631 0.01245019920318724
0 0.2186566235059761 0.48594683764940233 0.01711902390438247 0.019453436254980083
0 0.1813060258964143 0.5450852838645418 0.014006474103585659 0.019453436254980083
0 0.3630011205179282 0.8536167828685257 0.016340886454183245 0.01711902390438247
0 0.33498817231075695 0.8053722609561752 0.011672061752988072 0.015562749003984022
0 0.8590637450199202 0.8372758964143425 0.015562749003984022 0.015562749003984022
0 0.871903012948207 0.8567293326693226 0.013228336653386408 0.015562749003984022
0 0.8232694223107568 0.7474010209163346 0.018675298804780804 0.011672061752988072
0 0.8384431025896413 0.7765811752988048 0.013228336653386408 0.01711902390438247
0 0.7501245019920317 0.6446868774900398 0.015562749003984133 0.017897161354581637
0 0.8329961404382469 0.6703654133466135 0.0163408864541833 0.013228336653386519
0 0.8590637450199202 0.6602496264940239 0.018675298804780915 0.011672061752987961
0 0.3462711653386454 0.9096426792828685 0.014006474103585687 0.01245019920318724
0 0.4310478234824281 0.7920327476038339 0.018720047923322714 0.013104033546325944
0 0.41014376996805113 0.8042007787539937 0.02184005591054311 0.012480031948881809
1 0.2644856770833333 0.8737521701388888 0.02332899305555558 0.01573350694444442
0 0.05611055929095355 0.7826826100244499 0.01862393031784841 0.014326100244498763
0 0.48828125 0.09526141008174388 0.017562159400544952 0.012772479564032699
0 0.6351647649863761 0.5053112227520435 0.013304666212534122 0.015433412806539537
0 0.6512419871794872 0.5325520833333333 0.012520032051282048 0.015524839743589758
0 0.7308610094142258 0.04890167364016739 0.018795763598326354 0.011440899581589961
0 0.7467965481171548 0.48120423640167365 0.019612970711297084 0.011440899581589947
0 0.7602804654811715 0.5956132322175731 0.018795763598326354 0.013075313807531352
0 0.7692697437238494 0.6050111140167365 0.018795763598326354 0.010623692468619272
0 0.9041089173640167 0.8187107740585773 0.015526935146443543 0.014709728033472813
0 0.6716134937238494 0.77008695083682 0.019612970711297084 0.012258106694560733
0 0.5996992677824268 0.5008172071129707 0.016344142259414163 0.01634414225941422
0 0.5915271966527196 0.5073548640167365 0.019612970711296973 0.016344142259414274
0 0.7933138250883391 0.7211931316254416 0.013112853356890497 0.013803003533568892
0 0.24641927083333331 0.4365234375 0.017578124999999972 0.01106770833333337
