0 0.8045014880952381 0.04853748139880953 0.017438616071428603 0.014532180059523808
0 0.8059547061011905 0.06161644345238095 0.014532180059523836 0.012788318452380945
0 0.8071172805059524 0.07266090029761904 0.016857328869047672 0.012788318452380945
0 0.8074079241071429 0.08399600074404762 0.013950892857142794 0.009881882440476192
0 0.8091517857142858 0.09445917038690477 0.0209263392857143 0.016857328869047616
0 0.8905319940476191 0.08835565476190477 0.010463169642857206 0.017438616071428575
0 0.7768903459821428 0.20693824404761907 0.009881882440476164 0.022088913690476192
0 0.7864815848214286 0.2051943824404762 0.012788318452380931 0.018601190476190466
0 0.7643926711309523 0.23048037574404762 0.01976376488095244 0.01104445684523811
0 0.7652646019345238 0.2406529017857143 0.019182477678571397 0.009300595238095233
0 0.8382161458333334 0.2758207775297619 0.022088913690476275 0.01220703125
0 0.8823939732142858 0.16014462425595238 0.012788318452381042 0.019182477678571425
0 0.8847191220238095 0.19008091517857145 0.012788318452380931 0.020926339285714274
0 0.9117489769345238 0.21740141369047622 0.011044456845238138 0.017438616071428575
0 0.8989606584821428 0.2633231026785714 0.009881882440476164 0.019763764880952384
0 0.9021577380952381 0.2859933035714286 0.011625744047619069 0.017438616071428548
0 0.9056454613095238 0.3077915736607143 0.010463169642857206 0.021507626488095233
0 0.9068080357142858 0.3275553385416667 0.010463169642857095 0.019182477678571397
0 0.9271530877976191 0.32552083333333337 0.011625744047619069 0.020926339285714246
0 0.9132021949404763 0.3679547991071429 0.010463169642857095 0.019763764880952384
0 0.9190150669642858 0.39876302083333337 0.01627604166666663 0.020926339285714246
0 0.9268624441964286 0.45224144345238093 0.01220703125 0.023251488095238082
0 0.9509858630952381 0.47607421875 0.011625744047619069 0.018601190476190466
0 0.9355817522321429 0.5147298177083334 0.01220703125 0.02034505208333326
0 0.6557642487046632 0.411370628238342 0.017203691709844593 0.010119818652849721
0 0.6577882124352332 0.42326141515544047 0.016191709844559532 0.011637791450777202
0 0.615031978626943 0.4187074967616581 0.01973364637305708 0.011637791450777202
0 0.6157909650259068 0.430092292746114 0.018215673575129543 0.010119818652849721
0 0.6168029468911918 0.44021211139896377 0.019227655440414493 0.012143782383419677
0 0.6200918879533679 0.4596927623056995 0.015685718911917057 0.010625809585492196
0 0.6598121761658031 0.4341402202072539 0.017203691709844593 0.010119818652849721
0 0.6608241580310881 0.4440070433937824 0.017203691709844593 0.009613827720207246
0 0.6631011172279793 0.4558978303108808 0.016697700777202118 0.011131800518134727
0 0.6990264734455959 0.47335451748704666 0.009613827720207357 0.019733646373056968
0 0.6881476683937824 0.47563147668393785 0.012143782383419621 0.018215673575129543
0 0.6168029468911918 0.48322134067357514 0.010119818652849721 0.017203691709844593
0 0.6049121599740933 0.489293231865285 0.013661755181347157 0.018215673575129543
0 0.5917563957253886 0.49334115932642486 0.013661755181347157 0.017203691709844537
0 0.5836605408031088 0.5044729598445596 0.016697700777202007 0.016191709844559532
0 0.7377347797927462 0.49587111398963735 0.017203691709844593 0.012143782383419677
0 0.739758743523316 0.508014896373057 0.011131800518134671 0.010119818652849721
0 0.7245790155440415 0.5239536107512954 0.011131800518134671 0.016697700777202118
0 0.7142062014248705 0.5269895563471503 0.010625809585492196 0.01973364637305708
0 0.7045923737046633 0.5280015382124352 0.0075898639896373465 0.019733646373056968
0 0.6937135686528497 0.528760524611399 0.011131800518134782 0.021251619170984393
0 0.702315414507772 0.5712637629533679 0.019227655440414493 0.017203691709844593
0 0.704339378238342 0.584925518134715 0.018215673575129543 0.014167746113989632
0 0.7083873056994818 0.6089600874352332 0.015179727979274582 0.013661755181347157
0 0.5689868037564767 0.5231946243523315 0.015685718911917057 0.014167746113989632
0 0.5677218264248705 0.5398923251295338 0.017203691709844593 0.012143782383419732
0 0.6175619332901554 0.6165499514248705 0.017709682642487068 0.012649773316062207
0 0.6190799060880829 0.6261637791450777 0.02074562823834203 0.013661755181347157
0 0.6056711463730571 0.6952315414507773 0.014167746113989632 0.019227655440414493
0 0.5583609941709844 0.7066163374352332 0.009613827720207246 0.019733646373056968
0 0.6061771373056994 0.7582274125647668 0.013155764248704682 0.017709682642487068
0 0.674232917746114 0.7622753400259068 0.02378157383419688 0.011637791450777146
0 0.751143539507772 0.7369757933937824 0.02175761010362698 0.015685718911917057
0 0.6064301327720207 0.8219822700777202 0.012649773316062207 0.020745628238341918
0 0.616043960492228 0.8166693652849741 0.012649773316062207 0.019227655440414493
0 0.6269227655440415 0.8143924060880829 0.009107836787564771 0.017709682642487068
0 0.6375485751295337 0.8126214378238342 0.009107836787564771 0.016191709844559643
0 0.6524753076424871 0.8090795012953369 0.011637791450777257 0.021251619170984504
0 0.661836139896373 0.8075615284974094 0.010119818652849832 0.018215673575129543
0 0.6719559585492227 0.8052845693005182 0.012143782383419732 0.02074562823834203
0 0.6833407545336788 0.801995628238342 0.012649773316062207 0.020239637305699443
0 0.7235670336787565 0.7949117551813472 0.010119818652849721 0.016191709844559643
0 0.7346988341968912 0.7949117551813472 0.011131800518134671 0.019227655440414493
0 0.7453246437823835 0.7918758095854923 0.010119818652849832 0.018215673575129432
0 0.8151513924870466 0.7212900744818653 0.018215673575129432 0.010625809585492196
0 0.8409569300518135 0.7139532059585492 0.019227655440414493 0.013155764248704682
0 0.808320514896373 0.7751781088082902 0.010625809585492196 0.016191709844559643
0 0.7893458549222798 0.7941527687823835 0.014167746113989632 0.010625809585492196
0 0.7703711949481865 0.7979477007772021 0.014673737046632107 0.010119818652849721
0 0.812368442357513 0.8154043879533679 0.009613827720207246 0.01973364637305708
0 0.8007306509067358 0.8169223607512954 0.010625809585492307 0.017709682642487068
0 0.7850449319948187 0.8202113018134716 0.011637791450777146 0.018215673575129543
0 0.7739131314766841 0.8237532383419689 0.010625809585492196 0.019227655440414493
0 0.7642993037564767 0.8270421794041452 0.011637791450777257 0.020745628238341918
0 0.7544324805699482 0.8280541612694301 0.009107836787564771 0.018721664507772018
0 0.7445656573834197 0.83210208873057 0.012649773316062207 0.02175761010362698
0 0.7331808613989638 0.8328610751295338 0.011131800518134671 0.015179727979274582
0 0.7253380019430051 0.8358970207253886 0.010625809585492196 0.017203691709844593
0 0.7162301651554404 0.8369090025906736 0.011637791450777146 0.019227655440414493
0 0.705351360103627 0.8394389572538861 0.011131800518134671 0.017203691709844593
0 0.6937135686528497 0.8409569300518135 0.009107836787564771 0.015179727979274693
0 0.6861237046632125 0.8460168393782384 0.008095854922279822 0.016191709844559643
0 0.6767628724093264 0.8480408031088084 0.010625809585492196 0.018215673575129543
0 0.6663900582901554 0.8493057804404145 0.010119818652849832 0.019733646373056968
0 0.6436204663212436 0.8533537079015545 0.010119818652849721 0.017709682642487068
0 0.6532342940414508 0.8773882772020726 0.012143782383419732 0.021251619170984393
0 0.663860103626943 0.8740993361398963 0.009107836787564771 0.017709682642487068
0 0.6747389086787565 0.8733403497409327 0.009613827720207246 0.018215673575129543
0 0.6838467454663213 0.8710633905440415 0.012649773316062207 0.01973364637305708
0 0.6934605731865285 0.8680274449481866 0.012649773316062207 0.017709682642487068
0 0.7058573510362695 0.8637265220207254 0.008095854922279822 0.016191709844559643
0 0.7149651878238342 0.8627145401554405 0.010119818652849721 0.016191709844559643
0 0.7336868523316062 0.8816892001295337 0.013155764248704571 0.014673737046632107
0 0.7331808613989638 0.859172603626943 0.012143782383419621 0.020239637305699443
0 0.7430476845854923 0.8558836625647668 0.009613827720207246 0.018721664507772018
0 0.7546854760362695 0.8548716806994818 0.012649773316062207 0.018721664507772018
0 0.7691062176165804 0.8510767487046633 0.010119818652849721 0.016191709844559532
0 0.7787200453367876 0.8500647668393783 0.010119818652849721 0.017203691709844593
0 0.7890928594559585 0.8475348121761659 0.010625809585492196 0.020239637305699554
0 0.7971887143782384 0.8412099255181347 0.009613827720207246 0.017709682642487068
0 0.8078145239637307 0.8409569300518135 0.011637791450777146 0.016191709844559643
0 0.8429808937823835 0.8159103788860104 0.022263601036269454 0.013661755181347157
0 0.7392527525906736 0.8988928918393784 0.012143782383419621 0.018721664507772018
0 0.7503845531088082 0.8993988827720207 0.014167746113989632 0.02074562823834203
0 0.760504371761658 0.8953509553108809 0.013155764248704682 0.019733646373056968
0 0.7961767325129534 0.8859901230569949 0.011637791450777257 0.019227655440414493
0 0.8062965511658031 0.8832071729274611 0.010625809585492307 0.019733646373056968
0 0.8181873380829016 0.8834601683937824 0.012143782383419621 0.019227655440414493
0 0.8285601522020726 0.8824481865284974 0.011637791450777257 0.016191709844559643
0 0.8401979436528497 0.8801712273316062 0.012649773316062096 0.014673737046632107
0 0.8500647668393783 0.8703044041450778 0.020239637305699443 0.017203691709844482
0 0.8558836625647669 0.8581606217616581 0.02074562823834203 0.010119818652849721
0 0.8548716806994818 0.8477878076424872 0.017709682642487068 0.009613827720207246
0 0.8513297441709845 0.8409569300518135 0.015685718911917057 0.009107836787564771
0 0.8467758257772021 0.830078125 0.015685718911917057 0.010625809585492196
0 0.7200250971502591 0.9036998056994818 0.010119818652849721 0.016191709844559532
0 0.710664264896373 0.9102776878238342 0.009613827720207246 0.017203691709844593
0 0.702315414507772 0.9117956606217616 0.011131800518134671 0.015179727979274582
0 0.6921955958549223 0.9143256152849741 0.010119818652849721 0.015179727979274693
0 0.6795458225388602 0.9171085654145078 0.013155764248704682 0.015685718911917057
0 0.6706909812176166 0.916349579015544 0.010625809585492307 0.021251619170984504
0 0.6610771534974094 0.9221684747409327 0.011637791450777257 0.017709682642486957
0 0.6517163212435233 0.9246984294041452 0.009107836787564771 0.017709682642487068
0 0.642102493523316 0.930770320595855 0.010119818652849721 0.015685718911917057
0 0.5603849579015545 0.8252712111398963 0.018721664507772018 0.015179727979274582
0 0.5844195272020726 0.8346320433937824 0.018215673575129543 0.012649773316062207
0 0.5844195272020726 0.8475348121761659 0.016191709844559643 0.011131800518134782
0 0.5879614637305699 0.8589196081606219 0.017203691709844482 0.008601845854922296
0 0.5937803594559585 0.8756173089378239 0.018721664507772018 0.010625809585492307
0 0.5965633095854923 0.8862431185233162 0.021251619170984504 0.009613827720207246
0 0.6001052461139897 0.8981339054404145 0.015179727979274582 0.010119818652849721
0 0.6160439604922281 0.9416491256476685 0.018721664507772018 0.011131800518134671
0 0.6198388924870466 0.9492389896373057 0.017203691709844482 0.009107836787564771
0 0.6264167746113989 0.968213649611399 0.014167746113989632 0.010625809585492307
0 0.6304647020725389 0.977574481865285 0.018215673575129543 0.00910783678756466
0 0.6643660945595855 0.9669486722797928 0.011131800518134671 0.019227655440414493
0 0.6370425841968912 0.9882002914507773 0.019227655440414493 0.009107836787564771
0 0.5469761981865285 0.8804242227979275 0.017203691709844593 0.011131800518134782
0 0.5507711301813472 0.8915560233160622 0.017709682642487068 0.010119818652849721
0 0.5533010848445596 0.900663860103627 0.016697700777202118 0.010119818652849721
0 0.5565900259067358 0.9115426651554404 0.018215673575129543 0.010625809585492196
0 0.5608909488341969 0.9201445110103628 0.02378157383419688 0.012649773316062096
0 0.5667098445595855 0.9378541936528497 0.016191709844559643 0.011637791450777146
0 0.5710107674870466 0.9472150259067358 0.014673737046632218 0.008095854922279822
0 0.5758176813471503 0.9573348445595855 0.018215673575129543 0.008095854922279822
0 0.5780946405440415 0.9674546632124352 0.014673737046632107 0.010119818652849721
0 0.5829015544041452 0.9773214863989638 0.019227655440414604 0.011637791450777257
0 0.5854315090673575 0.986935314119171 0.018215673575129543 0.008601845854922185
0 0.409497893258427 0.7288009129213483 0.00877808988764045 0.016239466292134797
0 0.3980863764044944 0.7347261235955056 0.012289325842696652 0.016678370786516794
0 0.38799157303370785 0.7421875 0.012289325842696597 0.0158005617977528
0 0.3776773174157303 0.7450403792134831 0.01272823033707865 0.016239466292134797
0 0.44482970505617975 0.7134392556179775 0.017117275280898903 0.010972612359550604
0 0.45251053370786515 0.7316537921348314 0.014922752808988804 0.0096558988764045
0 0.4571190308988764 0.7443820224719101 0.0215063202247191 0.012289325842696597
0 0.4586551966292135 0.7546962780898876 0.01667837078651685 0.010972612359550604
0 0.4663360252808989 0.7656688904494382 0.018872893258426948 0.010972612359550604
0 0.47357794943820225 0.781688904494382 0.0158005617977528 0.0096558988764045
0 0.4163009129213483 0.7555740870786516 0.019750702247191 0.010094803370786498
0 0.42156776685393255 0.7665466994382022 0.019750702247191 0.009216994382022503
0 0.42507900280898875 0.7759831460674157 0.016239466292134797 0.008778089887640395
0 0.43122366573033705 0.7869557584269662 0.0215063202247191 0.010533707865168496
0 0.4325403792134831 0.7970505617977528 0.017995084269662953 0.010533707865168496
0 0.39216116573033705 0.781469452247191 0.0136060393258427 0.017117275280898903
0 0.4183545524691358 0.845837466931217 0.02032352292768963 0.011367394179894186
0 0.49155368165784835 0.8280974426807761 0.0172233245149912 0.009645061728395077
0 0.49379271384479717 0.851521164021164 0.012745260141093506 0.0172233245149912
0 0.5046434082892416 0.8921682098765433 0.015156525573192192 0.02066798941798942
0 0.7583717462039046 0.6861357781995661 0.011015455531453333 0.019912554229934876
0 0.7509574972885031 0.7020234544468547 0.009744441431670192 0.013557483731019504
0 0.8668388872997711 0.7061641876430206 0.016536756292906185 0.009832665903890092
0 0.8936552488558351 0.70035397597254 0.021900028604118993 0.009832665903890092
0 0.9189073226544622 0.6940968249427918 0.016983695652173947 0.010726544622425616
0 0.9448298054919908 0.6934264159038901 0.01787757437070936 0.010279605263157854
0 0.9671767734553776 0.6634814788329519 0.008044908466819267 0.01206736270022879
0 0.894102188215103 0.6073905892448512 0.01474899885583525 0.009832665903890092
0 0.8949960669336384 0.6210222397025171 0.016536756292906185 0.009385726544622441
0 0.9666229325699744 0.577737356870229 0.009939567430025442 0.019382156488549684
0 0.9643865298982188 0.049200858778625955 0.02335798346055984 0.009939567430025449
0 0.8602695610687022 0.02310949427480916 0.010933524173027953 0.02037611323155216
0 0.7985952706812651 0.20434154501216545 0.010929896593673938 0.019958941605839414
0 0.7775665897651007 0.156892302852349 0.013763632550335525 0.01114198825503357
0 0.984348783557047 0.836553586409396 0.007864932885906062 0.01638527684563762
