0 0.23297856280193235 0.2400551026570048 0.015096618357487906 0.01037892512077293
0 0.3825294384057971 0.2862884963768116 0.017927234299516925 0.017927234299516925
0 0.20655948067632848 0.2707201086956522 0.018870772946859904 0.015096618357487934
0 0.18532986111111108 0.26270003019323673 0.016040157004830913 0.016040157004830913
0 0.3608280495169083 0.3433725845410628 0.016040157004830913 0.020757850241545917
0 0.09286307367149756 0.27119187801932365 0.014153079710144928 0.023588466183574852
0 0.04898852657004828 0.5844467089371981 0.011322463768115944 0.019814311594202882
0 0.032476600241545854 0.9665798611111112 0.014153079710144924 0.023588466183574908
0 0.16504378019323668 0.9378019323671498 0.018870772946859904 0.016983695652173947
0 0.21599486714975843 0.886850845410628 0.018870772946859904 0.013209541062801922
0 0.22448671497584538 0.9260076992753623 0.02075785024154589 0.0141530797101449
0 0.23958333333333331 0.9472373188405797 0.018870772946859904 0.011322463768115965
0 0.7094655797101449 0.885907306763285 0.024532004830917886 0.016983695652173947
