0 0.049460295893719766 0.03813783212560383 0.01604015700483092 0.021701388888888885
0 0.5344391606280193 0.690594806763285 0.019814311594202882 0.02264492753623193
0 0.47924214975845414 0.6957842693236715 0.015096618357487934 0.019814311594202993
0 0.45518191425120774 0.5891644021739131 0.012266002415458943 0.016040157004830857
0 0.3178970410628019 0.7528683574879227 0.013209541062801922 0.018870772946859904
0 0.27826841787439616 0.8302385265700483 0.01698369565217389 0.02075785024154586
0 0.2905344202898551 0.6995584239130435 0.01698369565217389 0.019814311594202882
0 0.45235129830917875 0.7189009661835748 0.016040157004830913 0.018870772946859904
0 0.8443916062801933 0.9774305555555556 0.018870772946859904 0.009435386473430007
0 0.8458069142512077 0.9859224033816425 0.017927234299516925 0.009435386473430007
0 0.9491243961352657 0.7023890398550725 0.013209541062801922 0.016040157004830857
0 0.9576162439613527 0.7108808876811594 0.013209541062801922 0.01604015700483097
1 0.6651192632850241 0.7259775060386473 0.02264492753623193 0.017927234299516925
0 0.7151268115942029 0.10984676932367146 0.011322463768115965 0.012266002415458943
0 0.5764266304347825 0.06455691425120769 0.018870772946859904 0.016040157004830927
0 0.7547554347826086 0.05842391304347822 0.01509661835748799 0.016983695652173905
0 0.07352053140096615 0.410835597826087 0.01509661835748792 0.019814311594202882
0 0.20957880434782616 0.27751358695652173 0.020380434782608647 0.02207880434782611
