0 0.1614754660087719 0.5199766995614035 0.016276041666666685 0.020559210526315708
0 0.11436060855263155 0.434313322368421 0.011136239035087717 0.01884594298245612
0 0.5649499725877192 0.3949081688596491 0.011136239035087647 0.02055921052631582
0 0.5739446271929824 0.37649054276315785 0.015419407894736836 0.019702576754385914
0 0.7341351425438596 0.922594572368421 0.011992872807017552 0.017132675438596423
0 0.7144325657894737 0.7474129660087718 0.02055921052631582 0.014562774122807043
0 0.7054379111842104 0.7555509868421052 0.01627604166666663 0.013706140350877138
0 0.6142064144736841 0.6411903782894737 0.017132675438596423 0.012849506578947456
0 0.9572882401315789 0.05782277960526315 0.02312911184210531 0.014562774122807015
0 0.912314967105263 0.03640693530701754 0.01884594298245612 0.01284950657894737
0 0.7084361293859649 0.9628563596491228 0.015419407894736836 0.011992872807017552
