0 0.1509308510638298 0.11301113696808512 0.02181682180851066 0.02077792553191489
0 0.7690741356382979 0.15560588430851063 0.015583444148936199 0.02493351063829788
0 0.8282912234042553 0.13742519946808512 0.017661236702127603 0.01558344414893617
0 0.5794755651595744 0.3239070811170213 0.014544547872340385 0.018700132978723416
0 0.5119473071808511 0.3571517619680851 0.02077792553191482 0.018700132978723416
0 0.8293301196808511 0.5722032912234043 0.019739029255319118 0.02077792553191493
0 0.8973778257978723 0.5768783244680851 0.0166223404255319 0.019739029255319118
0 0.9103640292553192 0.6251870013297873 0.013505651595744683 0.012466755319148981
0 0.5425947473404256 0.42468001994680854 0.019739029255319118 0.02493351063829785
0 0.5675282579787234 0.4361078789893617 0.017661236702127603 0.018700132978723416
0 0.6537566489361701 0.5966173537234043 0.013505651595744683 0.017661236702127714
0 0.17794215425531915 0.21586186835106383 0.01766123670212766 0.0166223404255319
0 0.41065492021276595 0.07353307845744683 0.019739029255319174 0.016622340425531915
0 0.04756067154255322 0.3327376994680851 0.01870013297872341 0.019739029255319118
