2 0.9127038043478259 0.07540760869565222 0.022078804347826053 0.03566576086956521
2 0.9653532608695651 0.20533288043478265 0.0390625 0.03396739130434784
2 0.6290760869565217 0.6095448369565217 0.025475543478260865 0.02377717391304357
2 0.580672554347826 0.6944633152173912 0.020380434782608647 0.02717391304347827
2 0.637456938976378 0.7481852854330708 0.019992618110236227 0.029219980314960647
2 0.6897453248031495 0.7535679133858268 0.019992618110236227 0.027682086614173262
2 0.7312684547244095 0.6789800688976377 0.03229576771653553 0.019992618110236227
2 0.6566806102362205 0.8235420767716535 0.02153051181102361 0.03229576771653553
2 0.6766732283464567 0.8181594488188977 0.01537893700787396 0.03690944881889757
2 0.6751353346456692 0.8619894192913385 0.01537893700787396 0.029219980314960647
2 0.7128137303149606 0.9081262303149606 0.016916830708661457 0.03229576771653542
