0 0.05453530844155845 0.5960836038961039 0.022828733766233768 0.012682629870129802
0 0.1357041396103896 0.48067167207792205 0.012682629870129858 0.020292207792207806
0 0.1445819805194805 0.5992542613636364 0.020292207792207806 0.008877840909090828
0 0.12809456168831168 0.6252536525974026 0.022828733766233775 0.017755681818181768
0 0.0970221185064935 0.3652597402597403 0.019023944805194815 0.02282873376623379
0 0.23082386363636365 0.3462357954545454 0.020292207792207778 0.017755681818181823
1 0.487012987012987 0.1934101055194805 0.03297483766233761 0.026633522727272707
0 0.48193993506493504 0.21940949675324672 0.017755681818181823 0.010146103896103903
0 0.7038859577922079 0.2625304383116883 0.0279017857142857 0.01521915584415584
0 0.627156047077922 0.2676034902597403 0.02156047077922074 0.012682629870129858
0 0.5802303165584415 0.16297179383116883 0.021560470779220853 0.01395089285714285
0 0.9784648944805194 0.1959466314935065 0.02156047077922074 0.011414366883116894
0 0.9848062094155844 0.21116578733766234 0.016487418831168776 0.011414366883116867
