0 0.45375460355285957 0.14199929592720967 0.011847378682842302 0.017263323223570187
0 0.46584699453551914 0.2251750341530055 0.012807377049180335 0.013874658469945345
0 0.7173402255639096 0.058711231203007544 0.016153665413533802 0.019090695488721804
0 0.9229323308270676 0.29147086466165417 0.016153665413533913 0.016153665413533858
0 0.6652079417293233 0.41996593045112784 0.013216635338345828 0.01468515037593987
0 0.494011080994898 0.494011080994898 0.015445631377551061 0.012456154336734748
0 0.7229551977040816 0.6123445471938775 0.013950892857142905 0.015943877551020447
0 0.734913105867347 0.6300322863520409 0.01992984693877553 0.01444913903061218
0 0.7827333860759493 0.7095530063291139 0.015822784810126667 0.02076740506329111
0 0.8625890031645569 0.7065862341772151 0.019284018987341778 0.014833860759493667
0 0.8205597310126582 0.8267405063291139 0.015328322784810111 0.019778481012658222
0 0.8324268196202531 0.8460245253164557 0.014339398734177222 0.019778481012658222
0 0.3294314822635135 0.8345386402027026 0.0151763091216216 0.01715582770270274
0 0.36737225506756754 0.7032305743243243 0.014516469594594628 0.010557432432432456
0 0.2858820734797297 0.6916833826013513 0.019135346283783772 0.021774704391891886
0 0.17041015625 0.3584644214527027 0.017815667229729715 0.0151763091216216
0 0.7826373583123425 0.6175810768261965 0.014759130982367696 0.012299275818639765
0 0.39272513440860213 0.9413852486559139 0.014700940860215006 0.017851142473118253
0 0.4457535282258064 0.9644867271505375 0.019951276881720437 0.02205141129032262
