0 0.7538377192982455 0.08352179276315788 0.010279605263157854 0.01627604166666667
0 0.8527789199561402 0.25998834978070173 0.014562774122807043 0.023129111842105227
0 0.6411903782894737 0.20473547149122806 0.026555646929824595 0.011992872807017524
0 0.6116365131578947 0.10108278508771928 0.01884594298245612 0.011992872807017538
0 0.4758600603070175 0.21501507675438594 0.01627604166666663 0.01027960526315791
0 0.4210354989035088 0.2175849780701754 0.01970257675438597 0.013706140350877194
0 0.2933970668859649 0.1220703125 0.00942297149122806 0.021415844298245626
0 0.1674719024122807 0.22957785087719296 0.024842379385964897 0.013706140350877194
0 0.28268914473684204 0.22486636513157893 0.025699013157894746 0.014562774122807015
0 0.08823327850877191 0.20045230263157893 0.02398574561403509 0.013706140350877194
0 0.7213165613718411 0.29296875 0.011281588447653479 0.021858077617328497
0 0.7241369584837545 0.3211727211191336 0.011281588447653479 0.021858077617328497
0 0.7244895081227436 0.3451460965703971 0.011986687725631717 0.019037680505415155
0 0.7262522563176895 0.3684143727436823 0.011281588447653368 0.020447879061371854
0 0.7262522563176895 0.3937979467509025 0.00987138989169667 0.020447879061371854
0 0.729425203068592 0.41918152075812276 0.011986687725631828 0.017627481949458457
0 0.7290726534296028 0.44139214801444043 0.011281588447653479 0.016922382671480163
0 0.7297777527075813 0.46607062274368233 0.00987138989169678 0.022563176895306847
0 0.7315405009025271 0.4939220442238267 0.01057648916967513 0.0204478790613718
0 0.7354185469314078 0.5404585965703972 0.00987138989169678 0.017627481949458512
0 0.7364761958483754 0.5647845216606499 0.01057648916967513 0.015512184115523464
0 0.7382389440433212 0.5862900496389891 0.00987138989169678 0.02044787906137191
0 0.7068620261732852 0.5436315433212997 0.00916629061371843 0.023973375451263546
0 0.695932987364621 0.5432789936823105 0.008461191335740081 0.021858077617328497
0 0.685709047833935 0.5432789936823105 0.01057648916967513 0.0204478790613718
0 0.6758376579422383 0.5439840929602888 0.01057648916967513 0.021858077617328497
0 0.6659662680505415 0.5443366425992779 0.01057648916967513 0.021152978339350148
0 0.6560948781588447 0.5439840929602888 0.00916629061371832 0.0190376805054151
0 0.6469285875451263 0.5478621389891697 0.014807084837545115 0.01833258122743686
0 0.6243654106498195 0.5316448555956679 0.010576489169675019 0.01833258122743686
0 0.6137889214801444 0.5616115749097472 0.0190376805054151 0.014807084837545115
0 0.5788865072202166 0.579591606498195 0.01974277978339356 0.011281588447653368
0 0.6226026624548736 0.598276737364621 0.012691787003610067 0.0176274819494584
0 0.6116736236462094 0.5975716380866426 0.011986687725631828 0.0204478790613718
0 0.6867666967509025 0.6208399142599278 0.011281588447653368 0.0204478790613718
0 0.6783055054151625 0.6176669675090253 0.008461191335740081 0.016922382671480163
0 0.6694917644404332 0.619077166064982 0.011986687725631717 0.01833258122743686
0 0.727309905234657 0.6518642824909747 0.013396886281588416 0.0190376805054151
0 0.6994584837545126 0.6892345442238268 0.016922382671480052 0.016217283393501813
0 0.637762296931408 0.7146181182310469 0.0204478790613718 0.011986687725631828
0 0.6194297157039712 0.7160283167870036 0.017627481949458512 0.01057648916967513
0 0.5767712093862816 0.7181436146209386 0.01974277978339356 0.013396886281588416
0 0.5203632671480145 0.7216691110108303 0.021152978339350148 0.011986687725631828
0 0.48828125 0.6909972924187726 0.013396886281588416 0.016922382671480052
0 0.47594201263537905 0.7248420577617328 0.025383574007220244 0.01833258122743686
0 0.49744754061371843 0.7237844088447654 0.021858077617328553 0.013396886281588416
0 0.5394009476534296 0.8905403880866425 0.015512184115523464 0.023973375451263546
0 0.5284719088447654 0.8986490297833936 0.011986687725631828 0.02044787906137191
0 0.5164852211191335 0.899706678700361 0.011986687725631717 0.01974277978339356
0 0.5062612815884476 0.9060525722021661 0.011281588447653368 0.01974277978339356
0 0.4953322427797834 0.9088729693140793 0.01480708483754517 0.021152978339350148
0 0.4868710514440433 0.9113408167870036 0.010576489169675074 0.0190376805054151
0 0.4784098601083032 0.9159239620938628 0.010576489169675074 0.01833258122743686
0 0.469596119133574 0.9176867102888087 0.012691787003610122 0.0190376805054151
0 0.45972472924187724 0.9208596570397112 0.009871389891696725 0.022563176895306847
0 0.45126353790613716 0.9215647563176895 0.012691787003610122 0.01833258122743686
0 0.43222585740072206 0.9250902527075813 0.009871389891696725 0.022563176895306847
0 0.4220019178700361 0.926500451263538 0.013396886281588416 0.01833258122743675
0 0.4124830776173285 0.9275581001805053 0.011281588447653423 0.017627481949458512
0 0.4022591380866426 0.9296733980144405 0.013396886281588416 0.01903768050541521
0 0.39309284747292417 0.932846344765343 0.010576489169675074 0.01974277978339345
0 0.3846316561371841 0.9339039936823105 0.010576489169675074 0.0176274819494584
0 0.37476026624548736 0.9346090929602888 0.01057648916967513 0.0204478790613718
0 0.3641837770758123 0.9363718411552346 0.013396886281588472 0.01974277978339356
0 0.3539598375451264 0.937076940433213 0.011281588447653423 0.01974277978339356
0 0.455141583935018 0.9592875676895307 0.02467847472924184 0.013396886281588416
0 0.4287003610108303 0.9621079648014441 0.021152978339350148 0.013396886281588416
0 0.407194833032491 0.9652809115523466 0.021858077617328497 0.008461191335740081
0 0.4826404557761733 0.9638707129963899 0.017627481949458457 0.014101985559566876
0 0.5009730370036101 0.9772675992779783 0.02044787906137191 0.015512184115523464
0 0.3793434115523466 0.9684538583032491 0.021152978339350148 0.011986687725631717
0 0.357485333935018 0.9726844539711191 0.016922382671480107 0.00916629061371843
0 0.33739000451263534 0.9769150496389891 0.020447879061371854 0.013396886281588416
0 0.31694212545126355 0.9811456453068592 0.019037680505415155 0.01057648916967513
0 0.2957891471119134 0.9825558438628159 0.020447879061371854 0.014807084837545115
0 0.25242554151624547 0.9892542870036101 0.022563176895306847 0.012691787003610178
0 0.3275186146209386 0.9176867102888087 0.017627481949458512 0.01057648916967513
0 0.32434566787003605 0.9071102211191335 0.019742779783393505 0.00916629061371843
0 0.32399311823104693 0.8979439305054151 0.01903768050541521 0.010576489169675019
0 0.3232880189530686 0.8894827391696751 0.019037680505415155 0.010576489169675019
0 0.31905742328519854 0.8799638989169676 0.016217283393501813 0.011281588447653479
0 0.31870487364620936 0.8679772111913358 0.018332581227436806 0.00987138989169678
0 0.31658957581227437 0.858105821299639 0.021152978339350148 0.00987138989169667
0 0.315884476534296 0.8468242328519855 0.01833258122743686 0.014101985559566876
0 0.31376917870036103 0.8362477436823105 0.021152978339350204 0.012691787003610067
0 0.1755697202166065 0.9501212770758123 0.011281588447653423 0.017627481949458512
0 0.17839011732851984 0.9268530009025271 0.009871389891696752 0.013396886281588416
0 0.13855200812274368 0.9592875676895307 0.010576489169675074 0.023268276173285196
0 0.12832806859205775 0.9592875676895307 0.009871389891696752 0.02044787906137191
0 0.11951432761732853 0.9592875676895307 0.011986687725631773 0.014807084837545115
0 0.10999548736462093 0.9617554151624549 0.009871389891696752 0.01974277978339356
0 0.10259194494584836 0.9645758122743682 0.014807084837545129 0.01833258122743675
0 0.09095780685920578 0.966338560469314 0.011281588447653423 0.01903768050541521
0 0.0835542644404332 0.9205071074007221 0.010576489169675088 0.023268276173285196
0 0.07297777527075813 0.9243851534296028 0.009166290613718417 0.01974277978339345
0 0.06204873646209386 0.9240326037906137 0.012691787003610108 0.0204478790613718
0 0.05252989620938628 0.9254428023465704 0.011986687725631766 0.0204478790613718
0 0.04406870487364621 0.9257953519855595 0.01339688628158845 0.01974277978339345
0 0.032787116425992774 0.9300259476534296 0.00916629061371841 0.016922382671480163
0 0.021858077617328518 0.9331988944043321 0.009871389891696749 0.0204478790613718
0 0.03983810920577617 0.9726844539711191 0.010576489169675095 0.0204478790613718
0 0.09307310469314078 0.9208596570397112 0.008461191335740068 0.01833258122743686
0 0.11246333483754513 0.644108190433213 0.011986687725631773 0.0176274819494584
0 0.10153429602888087 0.6444607400722022 0.012691787003610108 0.01974277978339345
0 0.07932366877256317 0.6419928925992779 0.0162172833935018 0.01903768050541521
0 0.06522168321299639 0.6448132897111913 0.011986687725631766 0.0190376805054151
0 0.05076714801444043 0.6434030911552346 0.014101985559566793 0.0204478790613718
0 0.039485559566787 0.6434030911552346 0.012691787003610108 0.0204478790613718
0 0.020095329422382673 0.6444607400722022 0.01057648916967509 0.01833258122743675
0 0.00987138989169675 0.6476336868231047 0.01128158844765343 0.023268276173285196
0 0.2961416967509025 0.6871192463898916 0.018332581227436806 0.013396886281588416
0 0.29931464350180503 0.6987533844765343 0.021858077617328553 0.012691787003610178
0 0.3409155009025271 0.7223742102888087 0.019037680505415155 0.0176274819494584
0 0.390625 0.7290726534296028 0.016922382671480163 0.012691787003610178
0 0.4128356272563177 0.7276624548736462 0.017627481949458457 0.012691787003610067
0 0.43645645306859204 0.7251946074007221 0.019742779783393505 0.013396886281588416
0 0.5972190884476534 0.7177910649819494 0.01833258122743675 0.011281588447653368
0 0.36408517480211083 0.5447105870712401 0.018036774406332445 0.009276055408971029
0 0.36795019788918204 0.5867105046174143 0.01958278364116095 0.010822064643799534
0 0.40376607849604224 0.5444529188654353 0.018036774406332445 0.011852737467018537
0 0.40222006926121373 0.5970172328496042 0.014944755936675436 0.00979139182058042
0 0.40350841029023743 0.5859375 0.012368073878627983 0.008245382585752026
0 0.4027354056728232 0.6068086246701847 0.011852737467018482 0.010822064643799534
0 0.5011506782945736 0.6760234980620154 0.008074935400516847 0.01160771963824292
0 0.9011656746031746 0.605406746031746 0.014260912698412787 0.02170138888888884
0 0.9434977854330708 0.7627952755905512 0.007689468503937036 0.01845472440944884
