0 0.5252945696721312 0.013960040983606599 0.014728483606557319 0.011526639344262296
0 0.5304175204918034 0.02420594262295086 0.01600922131147542 0.011526639344262294
0 0.5505891393442623 0.03957479508196725 0.017930327868852403 0.01664959016393442
0 0.5544313524590164 0.049500512295082004 0.015368852459016313 0.013447745901639344
0 0.5547515368852459 0.06294825819672135 0.016009221311475308 0.01216700819672132
0 0.5557120901639345 0.07479508196721316 0.016649590163934413 0.012807377049180321
0 0.557953381147541 0.08600153688524594 0.019851434426229497 0.014728483606557374
0 0.5582735655737705 0.0962474385245902 0.019211065573770503 0.014728483606557374
0 0.5601946721311476 0.10841444672131151 0.019211065573770503 0.012167008196721313
0 0.5621157786885247 0.12026127049180331 0.021772540983606592 0.014088114754098352
0 0.5656378073770492 0.14235399590163939 0.018570696721311397 0.013447745901639357
0 0.5675589139344263 0.15388063524590168 0.018570696721311508 0.014728483606557374
0 0.5669185450819672 0.1670081967213115 0.017289959016393408 0.012807377049180335
0 0.5707607581967213 0.17693391393442626 0.01600922131147542 0.014728483606557374
0 0.5710809426229508 0.19934682377049184 0.019211065573770503 0.01600922131147539
0 0.5784451844262295 0.2342469262295082 0.019851434426229497 0.016649590163934413
0 0.5803662909836066 0.2476946721311476 0.014728483606557319 0.015368852459016452
0 0.5912525614754098 0.2508965163934427 0.01088627049180324 0.01921106557377053
0 0.6047003073770492 0.2505763319672132 0.01472848360655743 0.019851434426229553
0 0.6184682377049181 0.24929559426229514 0.012807377049180335 0.018570696721311536
0 0.6591316598360656 0.2438524590163935 0.01344774590163933 0.023053278688524637
0 0.6700179303278688 0.23840932377049184 0.01216700819672134 0.017289959016393436
0 0.6344774590163935 0.2095927254098361 0.014088114754098435 0.017289959016393464
0 0.6469646516393442 0.20767161885245905 0.01216700819672134 0.01600922131147542
0 0.656890368852459 0.20446977459016397 0.012807377049180335 0.017289959016393436
0 0.6953125 0.19966700819672134 0.014088114754098324 0.015368852459016397
0 0.7250896516393444 0.1951844262295082 0.01600922131147542 0.01664959016393444
0 0.7964907786885246 0.21855788934426232 0.017930327868852514 0.012167008196721285
0 0.7900870901639345 0.20446977459016397 0.016649590163934413 0.010886270491803268
0 0.7894467213114753 0.19102202868852464 0.016649590163934413 0.013447745901639357
0 0.7872054303278688 0.17341188524590168 0.021132172131147486 0.015368852459016397
0 0.7856045081967213 0.16124487704918034 0.020491803278688492 0.015368852459016397
0 0.7583888319672132 0.11898053278688528 0.01216700819672123 0.019211065573770503
0 0.7702356557377049 0.11866034836065578 0.012807377049180335 0.01985143442622951
0 0.8512423155737705 0.09912909836065578 0.010886270491803351 0.023053278688524595
0 0.11289702868852462 0.055263831967213156 0.021132172131147542 0.012167008196721306
0 0.11449795081967218 0.06550973360655742 0.023053278688524595 0.012167008196721313
0 0.11198496659242764 0.08262284242761694 0.014354816258351888 0.008699888641425388
0 0.11263745824053455 0.09175772550111361 0.013919821826280626 0.00782989977728285
0 0.1148124304008909 0.09937012806236083 0.01652978841870824 0.008264894209354112
0 0.11568241926503342 0.11002749164810693 0.01652978841870824 0.008699888641425388
0 0.11655240812917597 0.11763989420935414 0.017399777282850762 0.009134883073496664
0 0.11742239699331851 0.12742726893095768 0.017399777282850776 0.009569877505567898
0 0.1180748886414254 0.13482217427616927 0.019574749443207126 0.009569877505567925
0 0.12024986080178174 0.14482704621380849 0.014354816258351874 0.00782989977728285
0 0.12133734688195992 0.1524394487750557 0.015659799554565673 0.008264894209354112
0 0.12786226336302897 0.16287931514476617 0.020009743875278388 0.010004871937639187
0 0.0597856347438753 0.08958275334075727 0.02218471603563476 0.011309855233853014
0 0.06435307628062363 0.11459493318485525 0.021749721603563477 0.010004871937639201
0 0.06500556792873054 0.12285982739420936 0.018704760579064596 0.010874860801781724
0 0.06761553452115815 0.1393896158129176 0.020444738307349664 0.01087486080178171
0 0.06957300946547887 0.1493944877505568 0.019139755011135864 0.010874860801781738
0 0.0397758908685969 0.11568241926503342 0.009134883073496657 0.020009743875278374
0 0.028683532850779535 0.11220246380846327 0.010439866369710466 0.020009743875278402
0 0.01933115256124724 0.11089748051224946 0.011744849665924277 0.020009743875278388
0 0.00889128619153677 0.10589504454342988 0.010004871937639197 0.01783477171492205
0 0.08284033964365259 0.22247355233853006 0.016094793986636963 0.016964782850779486
0 0.0760979259465479 0.2126861776169265 0.020009743875278402 0.017399777282850776
0 0.06957300946547887 0.2039862889755011 0.01652978841870824 0.0156597995545657
0 0.060873120824053474 0.19485140590200445 0.014789810690423164 0.012179844097995524
0 0.05630567928730514 0.18549902561247217 0.016094793986636977 0.017834771714922037
0 0.048258282293986654 0.18027909242761694 0.013049832962138082 0.014354816258351888
0 0.036730929844098016 0.1761466453229399 0.016094793986636963 0.01913975501113588
0 0.02782485064338235 0.17107795266544118 0.014002182904411763 0.01687442555147059
0 0.01615636488970588 0.16838522518382354 0.012925091911764705 0.01938763786764705
0 0.02986253415300548 0.3030865778688525 0.011740095628415294 0.020278346994535512
0 0.01838925887978144 0.30255293715847 0.012273736338797813 0.018143784153005493
0 0.007182803961748653 0.3033533982240437 0.01013917349726776 0.01761014344262296
0 0.06348867866004962 0.3799627791563275 0.009692928039702224 0.013570099255583112
0 0.05234181141439206 0.37705490074441683 0.00775434243176179 0.01550868486352358
0 0.04192191377171216 0.3802051023573201 0.011146867245657568 0.02083979528535984
0 0.03150201612903226 0.37875116315136476 0.010662220843672455 0.018901209677419373
0 0.021809088089330023 0.3722084367245657 0.009692928039702231 0.020355148883374696
0 0.0296563458588957 0.5101490605828221 0.018572661042944784 0.011383243865030757
0 0.048828125 0.5080521472392638 0.018572661042944784 0.010784125766871155
0 0.11353287960122699 0.4981666986196318 0.01737442484662577 0.012581480061349681
0 0.07488976226993864 0.5215323044478527 0.019171779141104295 0.012581480061349737
0 0.4376557707055214 0.45413151840490795 0.01737442484662577 0.013180598159509227
0 0.6686157975460123 0.5020609662576687 0.01917177914110424 0.013180598159509282
0 0.8001222200920245 0.4631182898773006 0.01857266104294486 0.010784125766871155
0 0.8675230061349692 0.45083636886503065 0.01797354294478526 0.011383243865030646
0 0.815399731595092 0.4807922737730061 0.01797354294478526 0.01737442484662577
0 0.7788535276073619 0.5281226035276073 0.014378834355828207 0.02096913343558282
0 0.6853911042944785 0.4975675805214724 0.013180598159509227 0.01737442484662577
0 0.6518763354700855 0.8213141025641026 0.020032051282051322 0.01168536324786329
0 0.9043636485042735 0.758296607905983 0.019197382478632452 0.014189369658119677
0 0.3589075854700855 0.8668035523504274 0.020032051282051322 0.014189369658119677
0 0.3146701388888889 0.8484408386752137 0.016693376068376065 0.01085069444444442
0 0.250400641025641 0.8839142628205129 0.020032051282051294 0.016693376068376065
0 0.15566573183760685 0.8709768963675214 0.01585870726495725 0.01085069444444442
0 0.13229500534188035 0.8759849091880343 0.019197382478632466 0.014189369658119566
0 0.029630742521367524 0.8905916132478633 0.017528044871794872 0.013354700854700807
0 0.6037703804347825 0.1330389492753623 0.020946557971014523 0.010190217391304351
0 0.6037703804347825 0.12199954710144928 0.017549818840579712 0.011888586956521743
0 0.599524456521739 0.11096014492753623 0.016983695652173947 0.009057971014492752
0 0.5983922101449275 0.10161911231884058 0.018115942028985588 0.01188858695652173
0 0.5975430253623188 0.08973052536231885 0.01868206521739124 0.009624094202898545
0 0.5992413949275361 0.08067255434782608 0.020946557971014523 0.009624094202898559
0 0.5966938405797101 0.07161458333333333 0.015851449275362306 0.009624094202898559
0 0.5944293478260869 0.06170742753623189 0.020380434782608647 0.011322463768115944
0 0.5921648550724637 0.050951086956521736 0.016983695652173836 0.013586956521739135
0 0.5921648550724637 0.044157608695652176 0.020380434782608647 0.011322463768115944
0 0.5896173007246377 0.021229619565217392 0.01868206521739124 0.01188858695652174
0 0.5896173007246377 0.03283514492753623 0.015285326086956541 0.01132246376811594
0 0.5862205615942029 0.010190217391304348 0.015285326086956541 0.010190217391304346
0 0.7162505024115755 0.6647533159163987 0.010676245980707377 0.01570036173633449
0 0.2753843448553055 0.5978697749196141 0.018212419614147934 0.011304260450160752
0 0.9787605506430869 0.6832797427652734 0.01821241961414799 0.012560289389067503
0 0.6355506430868167 0.6839077572347267 0.017584405144694504 0.011304260450160752
0 0.1745285167638484 0.18876412172011658 0.007402514577259461 0.014235604956268216
