0 0.9671395285087718 0.673314144736842 0.020559210526315708 0.013706140350877138
0 0.8660567434210525 0.7200006853070174 0.01884594298245612 0.011136239035087758
0 0.736705043859649 0.7397032620614035 0.017132675438596423 0.00942297149122806
0 0.7161458333333333 0.7427014802631579 0.015419407894736836 0.011992872807017552
0 0.7358484100877192 0.707579495614035 0.017132675438596423 0.010279605263157965
0 0.663462856359649 0.7525527686403508 0.021415844298245612 0.011136239035087758
0 0.6698876096491228 0.717430783991228 0.01884594298245612 0.011136239035087647
0 0.6467584978070176 0.7229989035087718 0.022272478070175405 0.011992872807017552
0 0.5816543311403508 0.7332785087719298 0.01884594298245612 0.011992872807017552
0 0.4942776864035087 0.7773951480263157 0.02055921052631582 0.014562774122806932
0 0.5743729440789473 0.7641173245614035 0.017989309210526327 0.01370614035087725
0 0.3203810307017544 0.8039507949561403 0.02227247807017546 0.012849506578947345
0 0.37906044407894735 0.7281387061403508 0.00942297149122806 0.01884594298245612
0 0.2959669682017544 0.8069490131578947 0.016276041666666685 0.011992872807017552
0 0.25399191337719296 0.815087033991228 0.017989309210526327 0.011136239035087758
0 0.19060101425438594 0.8227967379385964 0.017989309210526327 0.012849506578947345
0 0.17304002192982454 0.7949561403508771 0.01713267543859648 0.011992872807017552
0 0.16276041666666663 0.8275082236842104 0.017132675438596506 0.01370614035087725
0 0.08095189144736842 0.8412143640350876 0.02312911184210527 0.010279605263157965
0 0.08994654605263157 0.829649808114035 0.01713267543859648 0.012849506578947345
0 0.20559210526315785 0.11521724232456138 0.010279605263157882 0.019702576754385956
0 0.35164816337719296 0.2694113212719298 0.023129111842105254 0.011136239035087758
0 0.11521724232456138 0.3041049890350877 0.019702576754385956 0.011992872807017552
0 0.047971491228070165 0.2861156798245613 0.020559210526315784 0.013706140350877194
0 0.05054139254385964 0.3156695449561403 0.02055921052631579 0.014562774122807043
0 0.029553865131578944 0.3173828125 0.019702576754385963 0.011136239035087703
0 0.595360471491228 0.4133257949561403 0.023985745614034992 0.014562774122807043
0 0.45572916666666663 0.45358758223684204 0.02227247807017546 0.014562774122806987
0 0.7084361293859649 0.24842379385964908 0.022272478070175405 0.015419407894736809
0 0.8544921875 0.20088061951754382 0.014562774122807043 0.023129111842105282
0 0.9765624999999999 0.09208813048245612 0.011992872807017552 0.017989309210526314
0 0.956431606359649 0.6214878015350876 0.019702576754386025 0.012849506578947345
0 0.7752535635964912 0.5795127467105263 0.02055921052631582 0.011136239035087647
0 0.7765385142543859 0.5675198739035088 0.01627604166666663 0.00942297149122806
0 0.05467129149377596 0.036841934647302926 0.013777230290456431 0.018639782157676345
0 0.39180822095435686 0.19122795643153528 0.010535529045643144 0.021071058091286288
