0 0.9429913949275361 0.41696859903381644 0.023588466183574908 0.015096618357487879
0 0.892512077294686 0.4056461352657005 0.016983695652173947 0.015096618357487934
0 0.8821331521739131 0.3773399758454107 0.016983695652173947 0.01698369565217389
0 0.8665647644927537 0.3693198973429952 0.0141530797101449 0.012266002415458943
0 0.5393276300904977 0.15533088235294118 0.01679157239819007 0.012372737556561098
0 0.8296607905982907 0.37351428952991456 0.016693376068376065 0.015858707264957306
0 0.9944906069364161 0.866352059248555 0.006773843930635848 0.012418713872832332
0 0.9928818190028902 0.841480762283237 0.010330111994219626 0.012350975433526035
0 0.16844637008733626 0.2763373362445415 0.014499181222707408 0.015352074235807867
0 0.16928970410628016 0.4613149154589372 0.014153079710144956 0.016983695652173947
0 0.1800865255376344 0.642641129032258 0.015751008064516125 0.018901209677419373
