0 0.4522107712765958 0.5581781914893618 0.01766123670212766 0.013505651595744683
0 0.06574135638297876 0.6631067154255319 0.02805019946808511 0.015583444148936199
0 0.24962599734042554 0.3981881648936171 0.01766123670212766 0.019739029255319174
0 0.3955909242021277 0.268326130319149 0.016622340425531956 0.021816821808510634
0 0.9441281582446808 0.4220827792553192 0.022855718085106447 0.013505651595744683
0 0.8324468085106382 0.451171875 0.015583444148936088 0.011427859042553223
0 0.8069938497340425 0.6532372007978724 0.022855718085106336 0.012466755319148981
0 0.8464719082446808 0.6786901595744681 0.014544547872340385 0.021816821808510634
0 0.670378989361702 0.6906374667553192 0.019739029255319118 0.014544547872340385
0 0.8797165890957447 0.5509059175531915 0.01246675531914887 0.021816821808510634
