0 0.6724575109649122 0.5007024396929824 0.017132675438596423 0.021415844298245612
0 0.6883052357456139 0.49641927083333326 0.014562774122807043 0.019702576754385914
0 0.7212856359649122 0.5015590734649122 0.01370614035087725 0.01970257675438597
0 0.731993558114035 0.5041289747807017 0.012849506578947345 0.017989309210526327
0 0.741844846491228 0.5109820449561403 0.01370614035087725 0.017989309210526327
0 0.7529810855263157 0.5152652138157894 0.013706140350877138 0.021415844298245612
0 0.8185135690789473 0.5735163103070176 0.019702576754386025 0.01627604166666663
0 0.8690549616228069 0.6009285910087718 0.021415844298245612 0.017989309210526327
0 0.898180509868421 0.6210594846491228 0.021415844298245612 0.022272478070175517
0 0.4660087719298245 0.8060923793859649 0.020559210526315763 0.015419407894736836
0 0.38677014802631576 0.8018092105263157 0.012849506578947345 0.017132675438596534
0 0.4317434210526315 0.8506373355263157 0.015419407894736836 0.020559210526315708
0 0.38462856359649117 0.8275082236842104 0.011992872807017552 0.022272478070175405
0 0.33323053728070173 0.9474369517543859 0.015419407894736836 0.01199287280701744
0 0.3323739035087719 0.9581448739035087 0.015419407894736836 0.012849506578947345
3 0.061274509803921566 0.9491166258169934 0.05106209150326797 0.04978553921568629
0 0.41234756097560976 0.911108993902439 0.013338414634146367 0.02762957317073167
