0 0.3669610507246377 0.05417798913043474 0.013209541062801922 0.021701388888888888
0 0.3660175120772947 0.07682291666666663 0.011322463768115965 0.021701388888888895
0 0.7962711352657005 0.9250641606280193 0.026419082125603843 0.019814311594202882
0 0.8415609903381642 0.9297818538647343 0.018870772946859904 0.01604015700483097
0 0.9562009359903382 0.9368583937198067 0.017927234299516925 0.02075785024154586
0 0.9859224033816425 0.8443916062801933 0.018870772946859904 0.02075785024154586
0 0.7802309782608696 0.6203011775362319 0.02075785024154586 0.0141530797101449
0 0.9462937801932367 0.15749547101449274 0.015096618357487879 0.015096618357487906
0 0.9566727053140096 0.19429347826086954 0.018870772946859904 0.01698369565217389
0 0.8047629830917874 0.00841636473429948 0.011322463768115965 0.015096618357487924
0 0.679272342995169 0.4297063707729469 0.01509661835748799 0.023588466183574908
0 0.5014153079710144 0.10560084541062797 0.017927234299516814 0.013209541062801936
0 0.49292346014492755 0.1211692330917874 0.016040157004830857 0.016040157004830913
0 0.49245169082125606 0.13201992753623185 0.020757850241545805 0.013209541062801922
0 0.49716938405797095 0.3867753623188406 0.015096618357487823 0.024532004830917886
0 0.34997735507246375 0.4622584541062802 0.009435386473429952 0.020757850241545917
0 0.15318341121495327 0.5844224591121495 0.027380257009345793 0.020991530373831724
0 0.07286799065420563 0.7003322137850467 0.02190420560747665 0.026467581775700966
0 0.04503139602803741 0.6638252044392523 0.01551547897196262 0.022816880841121545
0 0.08199474299065423 0.7783659462616822 0.012777453271028028 0.025554906542056166
0 0.06511025116822433 0.9440165011682242 0.017340829439252345 0.024642231308411255
0 0.06754709404205608 0.9913387120327102 0.00943706191588782 0.013416325934579532
0 0.0464004088785047 0.7135660046728971 0.014602803738317752 0.021904205607476634
