0 0.4625822368421052 0.04154673793859649 0.013706140350877194 0.016276041666666664
0 0.4677220394736842 0.06381921600877193 0.013706140350877194 0.01970257675438597
0 0.6472811371841155 0.05993343862815884 0.01833258122743686 0.01410198555956678
0 0.6419928925992779 0.723079309566787 0.013396886281588416 0.0204478790613718
0 0.554560582129964 0.8425936371841155 0.017627481949458512 0.01833258122743686
0 0.5034408844765343 0.860221119133574 0.01551218411552352 0.015512184115523464
0 0.4868710514440433 0.8556379738267148 0.020447879061371854 0.016217283393501813
0 0.42975800992779783 0.799935130866426 0.021858077617328497 0.013396886281588527
0 0.3349221570397112 0.7579817238267148 0.021152978339350204 0.015512184115523464
0 0.2912060018050541 0.6955804377256318 0.015512184115523464 0.02044787906137191
0 0.25736123646209386 0.6363520983754513 0.016922382671480135 0.0204478790613718
0 0.22140117328519854 0.5587911777978338 0.016922382671480135 0.016217283393501813
0 0.1660508799638989 0.4498533393501805 0.017627481949458484 0.022563176895306847
0 0.16428813176895307 0.5062612815884476 0.016922382671480163 0.022563176895306902
0 0.13326376353790614 0.43927685018050544 0.016922382671480135 0.018332581227436806
0 0.15441674187725632 0.4272901624548736 0.015512184115523464 0.021152978339350204
0 0.3472613944043321 0.26441222924187724 0.01903768050541521 0.015512184115523464
0 0.3292813628158845 0.23303531137184114 0.019742779783393505 0.016217283393501786
0 0.3000197427797834 0.3430307987364621 0.013396886281588416 0.014807084837545115
0 0.2855652075812274 0.3476139440433213 0.011281588447653423 0.01833258122743686
0 0.5859375 0.44950078971119134 0.00987138989169667 0.021858077617328497
0 0.5436315433212997 0.3962657942238267 0.012691787003610178 0.022563176895306902
0 0.25031478937728935 0.6777844551282052 0.011446886446886406 0.02360920329670324
0 0.5926482371794872 0.6377203525641026 0.015024038461538436 0.02074748168498164
0 0.5292496980676328 0.5103789251207729 0.024532004830917886 0.018870772946859904
0 0.5799950132978724 0.10210272606382981 0.02389461436170215 0.01558344414893617
