0 0.9165974069148937 0.37273520611702127 0.013505651595744683 0.012466755319148926
0 0.8625748005319149 0.8589386635638299 0.021816821808510634 0.014544547872340385
0 0.8714054188829787 0.894780585106383 0.02077792553191493 0.015583444148936088
0 0.2428731715425532 0.9747755984042553 0.014544547872340441 0.025972406914893664
0 0.21378407579787234 0.9784117353723404 0.012466755319148926 0.02077792553191493
0 0.11405003324468087 0.8319273603723405 0.022855718085106363 0.018700132978723416
0 0.21118683510638298 0.7758269614361701 0.021816821808510634 0.018700132978723416
0 0.31299867021276595 0.7192071143617021 0.01766123670212766 0.015583444148936199
0 0.6407704454787234 0.5472697805851063 0.018700132978723305 0.016622340425532012
0 0.7041431183510638 0.5540226063829787 0.018700132978723416 0.01973902925531923
0 0.8651720412234043 0.6973902925531914 0.016622340425532012 0.019739029255319118
