3 0.1509850543478261 0.30044157608695654 0.11888586956521738 0.07133152173913043
3 0.21722146739130438 0.32082201086956524 0.07133152173913046 0.06793478260869568
3 0.20278532608695654 0.17306385869565222 0.14096467391304343 0.10869565217391304
3 0.22656250000000006 0.06521739130434788 0.1409646739130435 0.1137907608695652
0 0.19655311158798283 0.03686628218884122 0.01592677038626611 0.02011802575107296
0 0.19068535407725323 0.041895788626609455 0.017603272532188824 0.021794527896995704
0 0.1781115879828326 0.048601797210300446 0.014250268240343339 0.016765021459227467
0 0.26361319742489275 0.021777762875536497 0.014250268240343311 0.020118025751072965
0 0.2577454399141631 0.1852367221030043 0.01760327253218885 0.021794527896995708
0 0.3340262875536481 0.17014820278969955 0.014250268240343367 0.020118025751072938
0 0.3424087982832618 0.20745037553648069 0.01592677038626611 0.020956276824034337
0 0.2782825912017167 0.17014820278969955 0.013412017167381995 0.020118025751072938
0 0.2929519849785408 0.16637607296137338 0.01592677038626611 0.020956276824034337
0 0.21792851394849785 0.24349517167381973 0.020118025751072965 0.012573766094420596
0 0.2250536480686695 0.2615175697424893 0.02095627682403431 0.015088519313304682
0 0.2263110246781116 0.2770252145922747 0.020118025751072965 0.014250268240343367
0 0.008365745708154522 0.2531350590128756 0.015088519313304722 0.011735515021459253
0 0.39057793674698793 0.7282567771084337 0.012550200803212841 0.018040913654618462
0 0.4618675595238095 0.7393353174603174 0.021081349206349187 0.01302083333333337
0 0.44915674603174605 0.7241443452380953 0.019221230158730174 0.016121031746031744
0 0.4327256944444444 0.7725074404761905 0.013640873015873023 0.01736111111111105
0 0.766465388446215 0.014006474103585657 0.023344123505976144 0.018675298804780877
0 0.9261363636363635 0.6637468434343434 0.019070917508417495 0.013809974747474807
0 0.9346853956228955 0.7554845328282828 0.013809974747474696 0.015782828282828287
0 0.30041298400673405 0.7295086279461278 0.015782828282828287 0.028277567340067367
0 0.41155039983164987 0.7051767676767676 0.024989478114478103 0.024331860269360295
0 0.19559403153153157 0.1955940315315316 0.0096776463963964 0.027273367117117114
0 0.32360289977477474 0.2136296452702703 0.012317004504504514 0.0193552927927928
