0 0.14417802526595747 0.7140126329787234 0.014544547872340413 0.01973902925531923
0 0.06989694148936174 0.6947930518617021 0.017661236702127665 0.0166223404255319
0 0.009640957446808542 0.48233876329787234 0.013505651595744681 0.013505651595744683
0 0.023146609042553223 0.5031166888297872 0.01766123670212766 0.021816821808510578
0 0.2605344082446809 0.7498545545212767 0.014544547872340385 0.018700132978723416
0 0.48701379654255317 0.9617893949468085 0.020777925531914876 0.0166223404255319
0 0.5509059175531915 0.7347905585106382 0.015583444148936199 0.013505651595744683
0 0.8277717752659575 0.8641331449468085 0.018700132978723416 0.0166223404255319
0 0.8708859707446809 0.8776387965425532 0.015583444148936199 0.014544547872340496
0 0.9820478723404256 0.13742519946808512 0.015583444148936088 0.019739029255319146
0 0.98828125 0.16080036569148937 0.015583444148936199 0.018700132978723416
0 0.6728586906934306 0.9063070255474452 0.01710766423357668 0.014969206204379581
0 0.7733662180656934 0.916286496350365 0.015682025547445244 0.01924612226277378
0 0.0947622034671533 0.8728045164233577 0.015682025547445258 0.009266651459854058
