0 0.7242751901140685 0.12162844581749047 0.012624762357414387 0.016337927756653978
0 0.7387565351711026 0.1424221720532319 0.02227899239543718 0.02079372623574144
0 0.7331867870722433 0.4446738355513308 0.012624762357414387 0.022278992395437236
0 0.7142496435361216 0.5133673954372623 0.02227899239543718 0.01708056083650189
0 0.9570906606463878 0.8460670152091254 0.0118821292775666 0.02302162547528519
0 0.3592710313688213 0.9080768773764258 0.02079372623574144 0.020793726235741383
0 0.1791825095057034 0.8275011882129277 0.018565826996197715 0.015595294676806093
0 0.16164679276315788 0.8021317079463364 0.017646655701754388 0.019914215686274273
0 0.4335343393536122 0.6782319391634981 0.02376425855513309 0.015595294676806093
0 0.44950095057034223 0.7094225285171103 0.015595294676806093 0.014110028517110185
0 0.5753772576045627 0.5954283507604562 0.01782319391634979 0.014852661596958194
0 0.9032497623574145 0.4643536121673004 0.012624762357414387 0.023021625475285135
0 0.9251574382129277 0.6095383792775666 0.0118821292775666 0.02376425855513309
0 0.16615613758992803 0.38324808902877694 0.014753821942446038 0.016158947841726612
0 0.17458689298561147 0.41556598471223016 0.020374325539568333 0.013348696043165464
0 0.36293143656716415 0.9887087997512436 0.026236007462686506 0.016518967661691586
0 0.3319114263803681 0.8612322661042944 0.013180598159509227 0.01977089723926373
0 0.5272823309748427 0.6617899960691824 0.019039897798742156 0.012897995283018937
0 0.8299713134765625 0.3485565185546875 0.01373291015625 0.0213623046875
0 0.8803253173828125 0.3813629150390625 0.01373291015625 0.018310546875
0 0.1631622314453125 0.5335693359375 0.01678466796875 0.020599365234375
0 0.01877823795180727 0.13604417670682734 0.02039407630522088 0.014903363453815266
0 0.5291521990740741 0.166015625 0.0209780092592593 0.015190972222222238
0 0.19677005597014924 0.5854516480099501 0.012632151741293535 0.020405783582089554
0 0.11745689655172413 0.8074488146551724 0.015490301724137928 0.018857758620689613
0 0.9438189338235294 0.5032169117647058 0.01953125 0.016084558823529382
0 0.9524356617647058 0.40441176470588236 0.022977941176470673 0.01378676470588236
0 0.9041819852941176 0.35041360294117646 0.022977941176470562 0.01378676470588236
0 0.9639246323529411 0.6830193014705883 0.018382352941176516 0.012637867647058765
0 0.9880514705882353 0.7508042279411764 0.018382352941176516 0.010340073529411797
0 0.4808134191176471 0.9834558823529411 0.01953125 0.01378676470588236
0 0.95947265625 0.29541015625 0.0126953125 0.0185546875
0 0.2578125 0.046875 0.01953125 0.017578125
