3 0.6850449036214954 0.041038441880841145 0.05863938376168221 0.05932389018691588
3 0.747334988317757 0.0922623393691589 0.0559013580607477 0.05270699474299065
3 0.807799722546729 0.15204256717289721 0.06092107184579432 0.05727037091121495
3 0.41201171875 0.2224609375 0.05722656249999997 0.06328124999999998
3 0.47617187499999997 0.279296875 0.05703124999999998 0.06562500000000002
3 0.5376222754726891 0.33420594800420167 0.053546809348739566 0.06359965861344535
3 0.6059406184348739 0.38600889574579833 0.06052225577731096 0.06216353728991597
3 0.6710169523665048 0.4388463288834952 0.058783373786407855 0.06186476031553395
3 0.7133267597087378 0.5067553473907767 0.07182000910194175 0.08248634708737862
3 0.6462473452669903 0.5782198118932038 0.06139070084951459 0.06044258191747576
3 0.5922045661407767 0.6405586316747574 0.059494462985436924 0.05854634405339809
3 0.5111403974514563 0.7152229975728155 0.07087189016990292 0.06944971177184467
3 0.21025390625 0.4529296875 0.0556640625 0.05703124999999998
3 0.2775390625 0.54072265625 0.09414062499999998 0.09472656250000006
3 0.39518420087976536 0.626008064516129 0.062431268328445755 0.0635767961876833
