0 0.073828125 0.8279296875 0.020703125000000003 0.014843749999999933
0 0.6253906250000001 0.6957031250000001 0.021093750000000022 0.013281250000000022
0 0.6666015625 0.71806640625 0.020703125000000044 0.012304687500000022
0 0.88427734375 0.92939453125 0.019335937499999956 0.013867187499999933
0 0.9001953125 0.9494140625 0.012890624999999933 0.020312500000000067
0 0.0767578125 0.26640624999999996 0.01796874999999999 0.02031250000000001
0 0.1060546875 0.31474609375 0.014453124999999997 0.0166015625
0 0.6377149748322148 0.3210421909955258 0.019225391498881472 0.012889751118568216
0 0.5733104144942649 0.1425638686131387 0.01670033889468192 0.01344173618352451
0 0.5572889483298538 0.17971196503131526 0.012436390918580398 0.016106145615866374
0 0.5730892810542798 0.20601187369519836 0.013455767223382042 0.018552648747390404
0 0.4548828125 0.02802734375 0.016015624999999978 0.017773437499999996
0 0.198440764275766 0.41769128655988863 0.014417217966573831 0.0155053098885794
0 0.16783817896935935 0.42013949338440115 0.011969011142061281 0.01713744777158771
0 0.8713921901528013 0.6076042550933786 0.021885611205432864 0.0122692062818337
0 0.3059448766094421 0.656892659155937 0.012853183118741063 0.017323855507868413
0 0.33990567206076616 0.6741557959048876 0.01470648943196834 0.01909263540290629
0 0.22738091024915064 0.8367647579275197 0.015925821064552648 0.009732446206115575
0 0.58388671875 0.2818359375 0.0126953125 0.017578125
0 0.044214997855917676 0.9095532268439108 0.015410591766723845 0.018090694682675768
0 0.01406048992281304 0.9913214917452831 0.01875402015437392 0.013450766509433998
0 0.09526909722222222 0.9390190972222222 0.016927083333333343 0.01258680555555558
0 0.9113757138324874 0.35592480964467005 0.016358661167512722 0.010905774111675148
0 0.931204394035533 0.35691624365482233 0.01635866116751261 0.01189720812182743
0 0.053478422619047616 0.9294782366071428 0.00930059523809524 0.0209263392857143
0 0.03284272693452381 0.9832473028273809 0.020345052083333336 0.018019903273809423
0 0.01366024925595238 0.9553455171130953 0.00988188244047619 0.02034505208333337
0 0.004940941220238095 0.9620303199404763 0.00988188244047619 0.0209263392857143
0 0.7300148547535212 0.7527096170774648 0.01306668133802813 0.02131932218309862
0 0.32802483974358976 0.7658086271367521 0.021701388888888895 0.015024038461538436
0 0.20658052884615385 0.7969000400641026 0.020032051282051266 0.012102697649572614
