0 0.024938591703056776 0.24498498908296945 0.009808269650655024 0.011514055676855928
0 0.03325429858078603 0.24114697052401746 0.012793395196506553 0.010661162663755441
0 0.041570005458515295 0.23517671943231439 0.010661162663755455 0.009808269650655038
0 0.015129841549295775 0.28884242957746475 0.014671361502347418 0.011003521126760563
0 0.006418720657276996 0.295490390258216 0.012837441314553992 0.01054504107981219
0 0.02040236208920188 0.3447769953051643 0.011462001173708922 0.015588321596244126
0 0.008940360915492959 0.3541758362676056 0.01604680164319249 0.019714642018779316
0 0.018473072766570633 0.6235478206051872 0.01801152737752161 0.011257204610951033
0 0.06547190201729108 0.5892133465417868 0.016322946685878956 0.01238292507204608
0 0.09051918227665709 0.526173000720461 0.02138868876080692 0.013508645533141128
0 0.36744641570605185 0.44427683717579247 0.016885806916426493 0.011820064841498557
0 0.46341408501440917 0.38405079250720464 0.01857438760806912 0.01294578530259366
0 0.41388238472622474 0.47157555835734866 0.01970010806916428 0.013508645533141184
0 0.550094560518732 0.3829250720461095 0.017448667146974017 0.011820064841498557
0 0.6218592399135446 0.4130380943804034 0.020262968299711748 0.013508645533141184
0 0.754131394092219 0.36688355547550433 0.018011527377521652 0.014634365994236342
0 0.8500990634005763 0.26106583213256485 0.01744866714697413 0.012382925072046136
0 0.9125765489913544 0.25515579971181557 0.018574387608069176 0.010694344380403425
0 0.27815734152652005 0.03231120633893922 0.015160090556274264 0.008590717981888742
0 0.9725027292576418 0.008307177947598261 0.014925627729257651 0.008102483624454149
