0 0.46797449448529416 0.26964613970588236 0.015222886029411742 0.008616727941176516
0 0.5126378676470588 0.26174747242647056 0.01953125 0.009478400735294101
0 0.5573012408088235 0.25471047794117646 0.01637178308823528 0.009765625
0 0.5064453125 0.2900390625 0.017187499999999967 0.010156249999999978
0 0.7980305783817953 0.050238029393173206 0.009876738305941934 0.020988068900126423
0 0.7916015625 0.2994140625 0.008593749999999956 0.021875000000000033
0 0.8623528365992414 0.8854397123893806 0.008642146017699193 0.017284292035398163
0 0.13017578125 0.6796875 0.020117187499999994 0.011328124999999911
0 0.1494140625 0.67724609375 0.015625 0.008398437499999911
0 0.9381720868091763 0.6370568300312826 0.016496676225234652 0.009368482794577693
0 0.4357692472565158 0.2758219735939643 0.020093878600823012 0.011520490397805228
0 0.424770541958042 0.3032124125874126 0.018210955710955712 0.010926573426573438
0 0.634375 0.2705078125 0.016406249999999956 0.009375000000000022
0 0.65634765625 0.2669921875 0.017382812499999956 0.009765625
