0 0.41673629679144386 0.14866031639928698 0.010444518716577533 0.018103832442067758
0 0.4271660744147157 0.32477398620401343 0.011104724080267525 0.016657086120401343
0 0.461949989548495 0.2682705372073579 0.013390990802675584 0.0186167433110368
0 0.7294595629175946 0.5535043151447662 0.007829899777282878 0.017834771714922093
0 0.971152970116618 0.8803298104956268 0.014235604956268189 0.021638119533527678
0 0.06925266472868219 0.19794694767441862 0.011355377906976744 0.022710755813953515
0 0.6201614425981874 0.8479276812688822 0.019472243202416917 0.01770203927492453
0 0.9355588573619633 0.8838349948875257 0.01397942229038851 0.01917177914110424
0 0.4151395318930041 0.05465534979423868 0.009377143347050754 0.019825960219478737
0 0.005539325105042017 0.8702238707983194 0.011078650210084034 0.009978991596638731
0 0.17673972800925927 0.731029369212963 0.00904224537037035 0.01989293981481477
