0 0.08121244993324434 0.715000208611482 0.012777453271028041 0.011473631508678306
0 0.13584258177570094 0.8014435914552737 0.01773197596795728 0.015385096795727637
0 0.18742832568807338 0.8396645642201834 0.015051605504587146 0.01290137614678899
0 0.3429615825688074 0.9383959288990825 0.019352064220183485 0.01325974770642202
0 0.2580275229357798 0.9383959288990825 0.016485091743119268 0.016126720183486265
0 0.6594540028089888 0.6947858146067416 0.0136060393258427 0.01580056179775291
0 0.9609813904494382 0.4217872191011236 0.016239466292134797 0.0175561797752809
0 0.8868065308988764 0.48718398876404495 0.017995084269662898 0.0175561797752809
0 0.8053897471910112 0.5163711376404494 0.0175561797752809 0.017995084269662898
0 0.8442327949438202 0.4803809691011236 0.016239466292134797 0.016239466292134852
0 0.6738089498597475 0.636828322230014 0.0136965287517532 0.011505084151472666
0 0.6447723089060308 0.6633995880084151 0.018627279102384264 0.017531556802244053
0 0.11001559714795009 0.7817722259358288 0.01531862745098038 0.013577874331550777
0 0.0696301247771836 0.7950019496434937 0.016014928698752234 0.014274175579322645
0 0.6085208200127878 0.6964364210358056 0.0162344149616368 0.011738730818414367
0 0.6273777173913044 0.6793278452685423 0.011988491048593342 0.011488970588235281
0 0.99130859375 0.3486328125 0.013476562499999956 0.017578125
0 0.7123962856699751 0.6011699364143921 0.017447270471464105 0.016962624069479015
0 0.736749767369727 0.6244329637096774 0.013812422456575768 0.014539392059553347
0 0.79921875 0.56474609375 0.018750000000000044 0.016992187499999978
0 0.5001953125 0.79521484375 0.012890624999999933 0.0107421875
0 0.478125 0.814453125 0.01679687499999999 0.014843750000000044
0 0.7442243782161235 0.5696826758147513 0.017755681818181768 0.01775568181818188
0 0.824926181102362 0.4993540846456692 0.02091535433070868 0.017531988188976333
0 0.7889394685039369 0.5319574311023622 0.015378937007874072 0.01753198818897639
0 0.5387241633858267 0.8055487204724409 0.015686515748031482 0.016609251968503935
0 0.4387610728346456 0.8950541338582676 0.017531988188976333 0.019069881889763773
0 0.4083107775590551 0.8378444881889763 0.01753198818897639 0.020300196850393748
0 0.35617618110236215 0.8892101377952755 0.014763779527559084 0.016609251968503935
2 0.2835875984251969 0.9152005413385826 0.027066929133858275 0.02429872047244097
0 0.87578125 0.453125 0.01953125 0.017578125
0 0.8587890625000001 0.513671875 0.017187500000000022 0.016406249999999956
0 0.84501953125 0.52763671875 0.012304687500000022 0.0126953125
0 0.92685546875 0.40791015625000004 0.0166015625 0.015429687500000011
0 0.94287109375 0.43925781249999996 0.015039062500000089 0.014453125000000011
0 0.9844726562499999 0.40078125 0.014257812500000022 0.01640625000000001
0 0.9712890625 0.36513671875 0.016406249999999956 0.01738281250000001
0 0.9452148437500001 0.38837890625000004 0.016210937500000022 0.01582031249999999
0 0.90966796875 0.4248046875 0.0185546875 0.017187500000000022
0 0.4191185330976864 0.913048280848329 0.018828325835475557 0.016066838046272514
