3 0.9354921144859814 0.034529546339563864 0.039549260124610575 0.034985883956386285
3 0.862934433411215 0.6682303835669783 0.04350418613707163 0.04715488707165105
3 0.9298639505451713 0.6732500973520249 0.056281639408099604 0.04745911214953269
3 0.5552107671339565 0.8411823403426791 0.13507593457943928 0.13933508566978192
3 0.57668601538162 0.9745272342289719 0.1317842192367601 0.047039281542056055
3 0.6604687499999999 0.36328125 0.0653125 0.06593749999999998
3 0.74828125 0.35062499999999996 0.06343750000000004 0.06124999999999997
3 0.8362709603658538 0.5135289634146343 0.06192835365853655 0.06526295731707321
3 0.9099895198170732 0.5131716844512195 0.03930068597560976 0.04168254573170732
3 0.7661251905487806 0.5259146341463414 0.06026105182926833 0.051448170731707266
