0 0.40927734375 0.010937500000000001 0.015429687500000011 0.016796875
0 0.38740234375000004 0.06484375 0.013476562500000011 0.014453124999999997
0 0.401953125 0.0814453125 0.016015625000000033 0.014843750000000003
0 0.440625 0.04736328125 0.013671875 0.0166015625
0 0.45673828125 0.06533203125 0.0166015625 0.01894531249999999
0 0.45546875 0.093359375 0.013281249999999967 0.016406249999999997
0 0.49189453125 0.103515625 0.0146484375 0.01679687499999999
0 0.476171875 0.08779296875 0.013281249999999967 0.014257812500000008
0 0.46855468749999996 0.15537109375 0.012500000000000011 0.011914062499999989
0 0.48164062500000004 0.17109375 0.014453125000000011 0.016406249999999983
0 0.50859375 0.12119140625000001 0.010156249999999978 0.011132812500000006
0 0.5333984375 0.15068359375 0.008593750000000067 0.010351562499999994
1 0.5856233787289234 0.24224323119325553 0.033438715953307385 0.03622527561608302
1 0.6132652407786885 0.2732026980874317 0.02321337090163933 0.02668203551912568
0 0.5918945312499999 0.1955078125 0.016992187499999978 0.016406249999999983
0 0.5896484375 0.21376953125 0.018359375000000067 0.0146484375
0 0.596875 0.22470703125000002 0.018749999999999933 0.010351562499999994
0 0.51796875 0.32939453124999996 0.014453124999999956 0.013867187499999989
0 0.4798828125 0.31689453125 0.01679687499999999 0.0146484375
0 0.46142578125 0.33212890625 0.018164062500000022 0.016210937499999967
0 0.4861328125 0.35859375 0.015234375000000022 0.015234375000000022
0 0.5025390625 0.34423828125 0.014453125000000011 0.013867187500000044
0 0.3576171875 0.42744140625000004 0.017187500000000022 0.01582031249999999
0 0.36171875 0.47060546875 0.01640625000000001 0.015429687500000011
0 0.33662109375 0.446484375 0.0126953125 0.009765625
0 0.16767578125 0.31943359375 0.0126953125 0.015039062500000033
0 0.30107421874999996 0.5076171875 0.01972656249999999 0.019140625000000022
0 0.20166015625 0.56630859375 0.015429687500000011 0.015429687499999956
0 0.6361575327822122 0.3441909563854048 0.013585019954389987 0.015366661915621416
0 0.6660000356328393 0.37971244298745727 0.015366661915621416 0.016480188141391072
0 0.7516788766788767 0.45012496184371187 0.01621642246642241 0.018362713675213693
1 0.7269965277777779 0.38883642399267404 0.02170138888888895 0.026947878510378553
0 0.7692732900943396 0.49367735006738545 0.01079220013477089 0.0155302392183288
0 0.8880330023364487 0.4820446359034268 0.014602803738317793 0.013690128504672883
0 0.8995935552959502 0.5441065517912773 0.014602803738317793 0.016123929127725867
0 0.6434040960864487 0.5506534754672898 0.013690128504672883 0.013005622079439338
0 0.6524167640186916 0.5329703928154206 0.013005622079439227 0.014146466121495282
0 0.6412364924065421 0.5272661726051402 0.016199985397196248 0.017340829439252414
0 0.7202969845210281 0.588073160046729 0.013690128504672883 0.016199985397196248
0 0.6994140625 0.60576171875 0.012890624999999933 0.016210937500000022
0 0.7158203125 0.63740234375 0.012109375000000089 0.013085937499999978
0 0.7365234375 0.61904296875 0.015234375000000022 0.0166015625
0 0.66015625 0.6488281250000001 0.018750000000000044 0.016015624999999978
0 0.61884765625 0.686328125 0.016992187499999978 0.015234375000000022
0 0.6623046875 0.6865234375 0.014843749999999933 0.013281249999999911
0 0.6439112103174602 0.7018849206349205 0.01591435185185186 0.015707671957671976
0 0.598828125 0.74384765625 0.015625 0.0146484375
0 0.58310546875 0.7181640625000001 0.0166015625 0.015234375000000022
0 0.55966796875 0.739453125 0.011523437499999956 0.01171875
0 0.5279296874999999 0.80712890625 0.021874999999999978 0.02011718749999991
0 0.5407188604240283 0.856462566254417 0.016793654299175453 0.01794390459363948
0 0.35285578547297297 0.9242768158783783 0.019135346283783772 0.019135346283783772
0 0.2853322072072072 0.9727750211148648 0.016056095157657657 0.0184755067567568
0 0.33108108108108114 0.9341744087837838 0.016056095157657657 0.0151763091216216
0 0.9471133015597919 0.6959488734835355 0.012862868284228779 0.014893847487001732
0 0.9797782170710572 0.7308140164644714 0.013201364818024364 0.01624783362218374
0 0.9940627396472392 0.7542557355572597 0.007968270705521419 0.018832278885480558
0 0.9768456668215614 0.9064169958178439 0.013795306691449793 0.015247444237918129
0 0.917308027416357 0.92692843866171 0.01597351301115235 0.018514753717472132
0 0.992165717936803 0.8520380750464684 0.011762314126394058 0.014673849907063108
0 0.75009765625 0.217578125 0.011914062500000044 0.013671875
0 0.8798209250805584 0.08388577470461872 0.01468515037593987 0.015943877551020405
0 0.9082471804511277 0.0751795784103115 0.01573408968850698 0.01321663533834587
0 0.95966796875 0.024609375000000003 0.014257812500000022 0.014453125
0 0.98955078125 0.0028320312500000003 0.009960937499999933 0.0048828125
0 0.12148437499999999 0.68466796875 0.015234374999999994 0.0146484375
0 0.8754517742406542 0.19242844626168226 0.015059141355140193 0.01574364778037385
0 0.8962151358060748 0.2298481308411215 0.015059141355140193 0.01756899824766353
0 0.947895370911215 0.188435492114486 0.01756899824766356 0.01779716705607476
0 0.8448771539135514 0.08370600905373834 0.017340829439252303 0.015971816588785034
0 0.8597081264602804 0.07263982184579441 0.015971816588784993 0.015287310163551393
0 0.5972304233284883 0.5178847202034883 0.013626453488372103 0.015045875726744207
0 0.6636593840843024 0.5577704851017442 0.01703306686046513 0.01703306686046513
0 0.7212879269622092 0.548828125 0.01589752906976749 0.015613644622093026
0 0.7526571584302325 0.6053211300872092 0.013910337936046568 0.015613644622093026
0 0.8667305992930591 0.9756838447943444 0.018828325835475557 0.019330414524421524
0 0.9218348329048843 0.961876405848329 0.018577281491002573 0.017824148457583622
0 0.959868051092545 0.9233410989717223 0.014811616323907484 0.014560571979434389
0 0.9475668782133676 0.897860098007712 0.01330535025706947 0.016317882390745497
0 0.0890625 0.315234375 0.01171875 0.013281250000000022
0 0.6477904771090535 0.043266139403292214 0.019692001028806527 0.011453510802469133
0 0.6850646219135803 0.04768679269547328 0.013864776234567944 0.016677919238683128
