0 0.8513468174846626 0.5267745878067485 0.01677530674846628 0.019471338190183984
0 0.94140625 0.44404296875 0.012890625000000044 0.0146484375
0 0.9525390625000001 0.45009765625 0.017187500000000022 0.01738281250000001
0 0.1992093032043531 0.09694774032648126 0.01771274183796856 0.018185081620314403
0 0.10580411124546554 0.12446153264812576 0.017004232164449823 0.01700423216444981
0 0.11808494558645707 0.1375689616082225 0.013225513905683203 0.01440636336154777
0 0.31680610236220474 0.27515481463254593 0.022043143044619462 0.011534202755905554
0 0.3529466043307087 0.3101418963254593 0.01589156824146981 0.0112778871391076
0 0.37421875000000004 0.2841796875 0.01874999999999999 0.012109374999999978
0 0.6744140624999999 0.20126953125000002 0.015234375000000022 0.014257812499999994
0 0.73681640625 0.14052734375 0.013867187500000044 0.0126953125
0 0.75380859375 0.12099609375 0.0166015625 0.011914062500000003
0 0.78369140625 0.09589843749999999 0.01699218750000009 0.014843750000000003
0 0.7989257812499999 0.08183593750000001 0.014257812500000022 0.014453124999999997
0 0.8794065381659837 0.00460265112704918 0.011406570184426257 0.008805071721311475
0 0.58740234375 0.2861328125 0.014257812499999911 0.012890625000000044
0 0.0517578125 0.070703125 0.015625 0.016406249999999997
0 0.47243352521929816 0.8849026864035087 0.01970257675438597 0.022272478070175517
