0 0.9651708510315533 0.04099192202669904 0.007110891990291246 0.018014259708737865
1 0.9501194629854368 0.0520138046116505 0.011614456917475757 0.030576835558252427
0 0.9252313410194175 0.06813182645631069 0.008296040655339731 0.018725348907766996
0 0.923927677487864 0.10333074180825244 0.008059010922330079 0.018962378640776698
0 0.9644597618325242 0.08507945236650485 0.00663683252427183 0.01754020024271845
0 0.96201171875 0.11884765624999999 0.007617187499999956 0.016601562499999986
1 0.9609375 0.154296875 0.012499999999999956 0.04375000000000001
0 0.9220703125 0.12929687499999998 0.008203124999999978 0.019140624999999994
0 0.9214843749999999 0.1541015625 0.008203124999999978 0.018359374999999983
0 0.920703125 0.18017578125 0.008203124999999978 0.01933593750000001
0 0.919140625 0.211328125 0.008593750000000067 0.01835937500000001
1 0.95849609375 0.20166015625 0.011914062500000044 0.0439453125
0 0.9578125 0.255859375 0.007031249999999933 0.01953125
0 0.9572265625 0.2806640625 0.008984374999999933 0.02031250000000001
0 0.9294921875 0.5466796875 0.015625 0.018359375000000067
1 0.9253108326981707 0.8075576410060976 0.014886623475609762 0.04674399771341464
0 0.9736328125 0.5619140625000001 0.01796875000000009 0.014062499999999978
0 0.92998046875 0.6923828125 0.009179687499999978 0.018750000000000044
0 0.94296875 0.7100585937499999 0.007031250000000044 0.016210937500000022
0 0.9416015625 0.7333984375 0.007031249999999933 0.01601562500000009
1 0.9535222457627118 0.341653425141243 0.013609345574387977 0.045609698681732536
0 0.8997300091911765 0.7747874540441178 0.0075909269957983305 0.015387014180672343
0 0.8982938878676471 0.8211536567752101 0.006770286239495826 0.012514771533613356
0 0.9384765625 0.8125 0.0078125 0.015625
0 0.93828125 0.83427734375 0.007031249999999933 0.0146484375
0 0.89716796875 0.842578125 0.010351562500000022 0.014062499999999978
0 0.8970703124999999 0.86201171875 0.011328125000000022 0.018164062500000022
0 0.89697265625 0.8837890625 0.009570312499999956 0.01914062499999991
0 0.93525390625 0.8900390625000001 0.009179687499999978 0.019921874999999978
0 0.93466796875 0.91376953125 0.008007812500000044 0.015820312499999933
0 0.894921875 0.93447265625 0.008984375000000044 0.019726562500000044
0 0.894140625 0.96435546875 0.009765625 0.0224609375
0 0.93359375 0.93564453125 0.009374999999999911 0.019726562500000044
0 0.932421875 0.96015625 0.010546875000000067 0.017578125
0 0.68291015625 0.6638671875 0.008007812499999933 0.016015624999999978
0 0.6830078125000001 0.6841796875 0.009375000000000022 0.017578125
0 0.6670898437499999 0.6431640625 0.016210937500000022 0.01171875
0 0.6359430689918533 0.5861204811608961 0.00735902494908347 0.013922479633401208
0 0.6246061927189408 0.5860210348778003 0.006961239816700604 0.013723587067209775
0 0.6106837130855396 0.5824409686863543 0.006961239816700604 0.012928016802444042
0 0.5995457293788187 0.5812476132892057 0.008950165478615046 0.013723587067209775
0 0.46400044551934827 0.6286834903258656 0.01670697556008144 0.008751272912423613
0 0.5171047606924644 0.5834354315173116 0.01034241344195519 0.018497008655804503
0 0.5334139511201629 0.5428613480142566 0.009546843177189457 0.020485934317718946
0 0.4933370990325866 0.5715018775458247 0.00855238034623218 0.013723587067209775
0 0.4912487270875764 0.5409718686354379 0.007955702647657825 0.013524694501018342
0 0.5021878182281059 0.5409718686354379 0.008751272912423613 0.019093686354378803
0 0.5121093750000001 0.54365234375 0.008203124999999978 0.017382812500000067
0 0.52373046875 0.5411132812499999 0.0087890625 0.018164062500000022
0 0.5399414062500001 0.5821289062499999 0.009179687499999978 0.020898437499999978
0 0.52783203125 0.5845703125 0.008007812500000044 0.015625
0 0.5427734375 0.541796875 0.007031249999999933 0.016015624999999978
0 0.40312499999999996 0.71865234375 0.008593750000000011 0.021679687500000044
0 0.382421875 0.60322265625 0.008593750000000011 0.020117187500000022
0 0.4418092005461165 0.8510410345873787 0.018962378640776656 0.010666337985436924
