0 0.038563335809806865 0.2389545412332838 0.016832280832095103 0.011318257800891546
0 0.04262630014858844 0.2669599739970282 0.018573551263001482 0.011608469539375943
0 0.10415118870728085 0.242727293833581 0.020314821693907872 0.013059528231797901
0 0.13273704494799407 0.21762397845468057 0.02176588038632986 0.013349739970282298
0 0.17438242942050522 0.21385122585438338 0.020895245170876653 0.01393016344725112
0 0.26475559653209113 0.18893552665631472 0.017994629917184257 0.009907155797101441
0 0.2769879011387164 0.09714269539337474 0.019005564182194623 0.012737771739130432
0 0.2787064893892339 0.11200342908902691 0.015164013975155266 0.009704968944099376
0 0.26030748576604557 0.1328286749482402 0.02001649844720499 0.012939958592132511
0 0.41826171875 0.12978515625 0.0205078125 0.0126953125
0 0.49375 0.02373046875 0.02031250000000001 0.0146484375
0 0.6933772389481707 0.022139386432926865 0.020245807926829285 0.01339796112804878
0 0.745629287347561 0.020204125381097598 0.01875714557926833 0.012504763719512195
