0 0.6950252757352942 0.2855870863970589 0.01551011029411764 0.01579733455882354
0 0.81298828125 0.83623046875 0.013085937500000089 0.013476562500000067
0 0.66357421875 0.7470703125 0.01894531250000009 0.01796875000000009
0 0.50439453125 0.6091796875 0.015039062500000033 0.016015624999999978
0 0.526171875 0.6734374999999999 0.013281250000000022 0.015234375000000022
0 0.29462890625000004 0.4708984375 0.015429687500000011 0.015625
0 0.25166015625 0.43193359375 0.016210937499999994 0.016210937500000022
0 0.2087890625 0.39384765624999996 0.017968750000000006 0.015429687500000011
0 0.08671875 0.2880859375 0.010156250000000006 0.022656250000000044
0 0.188671875 0.37841796875 0.014062500000000006 0.015820312500000044
0 0.29267578125000004 0.22275390625000002 0.01972656249999999 0.018945312500000006
0 0.6203645264737991 0.7551216225436681 0.016418190502183405 0.014712404475982543
0 0.2009137312967581 0.9251772911471322 0.016560162094763103 0.01558603491271815
0 0.15269443578553615 0.8390888014339153 0.019969607231920178 0.02021313902743138
0 0.15888671875 0.77685546875 0.0126953125 0.0126953125
0 0.17373046874999998 0.7599609375 0.013085937500000006 0.014062499999999978
