0 0.209765625 0.8477539062499999 0.015234374999999994 0.016992187499999978
0 0.26054687499999996 0.8416015625 0.014843749999999989 0.018359375000000067
0 0.6570918258266819 0.3920725840935006 0.013585019954389876 0.013139609464082103
0 0.6045333879703535 0.5261411416761688 0.016257482896237185 0.0158120724059293
0 0.6050901510832383 0.39953320980615736 0.015143956670467529 0.015589367160775358
0 0.8298040021929824 0.4042711759868421 0.016704358552631637 0.017989309210526327
0 0.9120408442982456 0.47194524396929827 0.01756099232456143 0.018845942982456176
0 0.9525167900219298 0.5640333744517545 0.014562774122807043 0.01370614035087725
0 0.9683645148026316 0.5115645559210527 0.015419407894736836 0.015847724780701733
0 0.6645868288590604 0.8824017757270695 0.015292925055928497 0.015729865771812013
0 0.8811413402288732 0.08063517825704225 0.015473701584507005 0.016161421654929578
0 0.93994140625 0.06791235695422534 0.016849141725352124 0.01684914172535211
0 0.9741554797535212 0.02991582306338028 0.01788072183098588 0.016505281690140844
0 0.8838922205105635 0.1530177156690141 0.012722821302816878 0.011691241197183122
0 0.91337890625 0.12099609375 0.016992187499999978 0.0166015625
0 0.869140625 0.16830632716049382 0.01229745370370372 0.007233796296296308
0 0.44941406250000004 0.09599609375000001 0.01835937500000001 0.017382812499999997
0 0.9312801770386266 0.684275527539342 0.019559191702432033 0.010617846924177443
0 0.9822737839771101 0.6908418276108728 0.010338429899856894 0.018720940629470717
0 0.48876953125 0.72685546875 0.018164062500000022 0.016210937500000022
0 0.26064453125 0.69619140625 0.018164062499999967 0.017382812499999956
0 0.27841796875 0.7139648437499999 0.011523437500000011 0.012304687500000022
