0 0.8366825730429989 0.3758570493384785 0.010120934399117987 0.02174924200661521
0 0.982062679597701 0.7297279094827586 0.006959410919540221 0.016388290229885083
0 0.9808279454022988 0.7859644396551724 0.008081896551724088 0.02155172413793094
0 0.14814453125 0.64140625 0.0185546875 0.017578125
0 0.11640624999999999 0.6794921875 0.014843750000000003 0.015234375000000022
0 0.42451171875 0.838671875 0.015039062499999978 0.019921874999999978
0 0.46494140625 0.76083984375 0.01582031249999999 0.0166015625
0 0.7146367049469964 0.5837382214369846 0.018173954652532465 0.018173954652532354
0 0.5823579210836278 0.6956575750883391 0.01495325382803292 0.015183303886925792
0 0.8560828329694323 0.2175858010371179 0.011087609170305712 0.019829762554585156
0 0.857362172489083 0.24072052401746724 0.00852893013100442 0.017484306768558944
