0 0.30390625 0.0767578125 0.015234375000000022 0.012499999999999997
0 0.30742187499999996 0.08769531250000001 0.01679687499999999 0.014843750000000003
0 0.31123046875000004 0.09609375 0.015429687500000011 0.012499999999999997
0 0.24697265625 0.162109375 0.013476562500000011 0.014843749999999989
0 0.2279296875 0.1783203125 0.015625 0.015625
0 0.3101128472222222 0.26167224702380953 0.016792741402116396 0.015500992063492092
0 0.17978515625 0.2818359375 0.015429687500000011 0.017187499999999967
0 0.20107421875 0.3080078125 0.01582031249999999 0.01640625000000001
0 0.12060546875 0.27578125 0.0146484375 0.014453125000000011
0 0.14521484375 0.20830078125 0.0166015625 0.015429687499999983
0 0.24541015625 0.098046875 0.0126953125 0.013671875
0 0.1037109375 0.24638671875 0.017578125 0.016210937500000022
0 0.04853515625 0.340625 0.013867187499999996 0.013671875
0 0.030175781250000002 0.359765625 0.0162109375 0.015234374999999967
0 0.02177734375 0.32041015625 0.012304687500000001 0.012304687499999967
0 0.09140625 0.30156249999999996 0.015234375000000008 0.014843749999999989
0 0.21650390625 0.27021484375000004 0.015820312500000017 0.01582031249999999
0 0.36142578125 0.48232421875 0.014257812499999967 0.016992187500000033
0 0.38974609375 0.51640625 0.018164062499999967 0.018359375000000067
0 0.40419921875 0.52998046875 0.013476562500000011 0.014257812500000022
0 0.4232421875 0.5015625 0.01171875 0.015625
0 0.5506835937500001 0.5490234375 0.018945312499999978 0.009765625
0 0.795703125 0.50712890625 0.017578125 0.009960937499999933
0 0.8604492187499999 0.49716796875 0.018164062500000022 0.009960937500000044
0 0.8990234374999999 0.4908203125 0.017968749999999978 0.010156250000000033
0 0.0341796875 0.912890625 0.013281249999999998 0.012109374999999978
0 0.15625 0.83173828125 0.015234375000000022 0.0146484375
0 0.16630859375 0.83916015625 0.016992187500000006 0.017773437499999933
0 0.3134765625 0.6720703125 0.015625 0.015234375000000022
0 0.7327913851351351 0.9164907094594594 0.016680743243243312 0.015413851351351315
0 0.7324746621621622 0.8377322635135135 0.010135135135135087 0.022170608108108114
0 0.79931640625 0.78671875 0.014257812499999911 0.008984375000000044
0 0.71201171875 0.7000976562500001 0.009570312499999956 0.018945312499999978
0 0.68681640625 0.9119140625 0.014257812500000022 0.012890624999999933
