0 0.8712469362745099 0.6879553036492375 0.015318627450980338 0.015105868736383421
0 0.8269931236383443 0.7260391135620916 0.014893110021786504 0.0159569035947712
1 0.9767538975501113 0.5667716453229399 0.01913975501113585 0.043064448775055664
0 0.6100369906209573 0.029658190491591227 0.01541275873221215 0.016423431435963778
0 0.5324678606080208 0.09901560478654595 0.01541275873221215 0.01516009055627425
0 0.47725986416558863 0.10318462968952138 0.015160090556274264 0.013391413324708931
0 0.5294358424967659 0.055304010349288515 0.015918095084088035 0.016170763260025874
0 0.2244014793417367 0.332452512254902 0.01723345588235292 0.015592174369747858
0 0.13905484068627455 0.4591047356442577 0.019421831232492998 0.018327643557422946
0 0.07572872899159667 0.4685421043417367 0.018054096638655454 0.014224439775910369
0 0.07600227591036418 0.5138141193977591 0.018054096638655454 0.016686362044817882
0 0.03291863620448183 0.5522474614845938 0.01832764355742297 0.01586572128851549
0 0.5234566482843137 0.9420860140931373 0.016754748774509776 0.01627604166666663
0 0.23874559589460784 0.9761938955269608 0.01507927389705882 0.016036688112745168
0 0.22834289965986393 0.9938283907312925 0.012064200680272141 0.008436968537415046
0 0.08252640845070422 0.8232009242957747 0.013754401408450703 0.016963761737089134
0 0.13020833333333334 0.824805604460094 0.015588321596244126 0.018339201877934364
0 0.05914392605633803 0.745259316314554 0.014671361502347414 0.016963761737089245
0 0.018109961854460094 0.8679027288732395 0.01421288145539906 0.013754401408450745
0 0.5654296875 0.06875 0.015625 0.015625000000000007
0 0.32744140625 0.23896484375 0.014257812500000022 0.014257812499999994
