0 0.7921070772058822 0.2514073988970588 0.018382352941176516 0.01637178308823528
0 0.9460592830882353 0.34949448529411764 0.014361213235294157 0.014935661764705899
0 0.9593176463293651 0.4101950024801587 0.012788318452380931 0.022088913690476164
0 0.7408714586523737 0.8148987844563553 0.0161514165390505 0.012861313169984734
0 0.77333984375 0.8107421875 0.013867187500000044 0.01171875
0 0.78984375 0.82265625 0.014453125000000067 0.013671875
0 0.827734375 0.79072265625 0.012890625000000044 0.013867187499999933
0 0.6416992187499999 0.2111328125 0.012304687500000022 0.014062500000000006
0 0.6859375 0.19560546875 0.009765625 0.016992187500000006
0 0.6123046875 0.0701171875 0.016406249999999956 0.017187499999999994
