0 0.14013671875 0.51923828125 0.01933593750000001 0.0166015625
0 0.15892421545358648 0.5058717365506329 0.02080861023206751 0.015863989978902926
0 0.17929687500000002 0.49560546875 0.015234374999999994 0.011132812500000033
0 0.21015625 0.50966796875 0.015625 0.013476562499999956
0 0.17050781250000002 0.53427734375 0.019140624999999994 0.0146484375
0 0.369140625 0.38447265625000004 0.017578125 0.013476562500000011
0 0.33603515625 0.43701171875 0.0146484375 0.012304687500000022
0 0.35517578125000004 0.42529296875 0.01582031249999999 0.013476562499999956
0 0.37724609375 0.412109375 0.0166015625 0.013281250000000022
0 0.47919921875 0.3505859375 0.018164062500000022 0.015234375000000022
0 0.458984375 0.36220703125 0.016015624999999978 0.013476562500000011
0 0.43603515625 0.37705078125 0.015820312500000044 0.013867187499999989
0 0.416796875 0.3888671875 0.015625 0.013671875
0 0.40771484375 0.36171875 0.016210937500000022 0.014453125000000011
0 0.3890625 0.37255859375 0.01640625000000001 0.013085937499999978
