0 0.559765625 0.21728515625 0.021874999999999978 0.011523437500000011
0 0.16719553341902313 0.8422537757069408 0.014058483290488422 0.010041773778920349
0 0.215234375 0.9763671875 0.012500000000000011 0.008203124999999978
0 0.22216796875 0.9867187500000001 0.01582031249999999 0.008203124999999978
0 0.22685546875 0.99482421875 0.015039062500000006 0.006445312500000022
0 0.06083984375 0.95498046875 0.018164062499999994 0.0107421875
0 0.06357421875 0.96728515625 0.019726562500000003 0.011914062500000044
0 0.061914062500000006 0.9761718749999999 0.015234375000000001 0.009375000000000022
0 0.1001953125 0.98701171875 0.016796875000000003 0.013867187499999933
0 0.13662109374999998 0.9712890624999999 0.016210937499999994 0.013281250000000022
0 0.814080563583815 0.8818190028901733 0.01332189306358389 0.015128251445086782
0 0.8388050939306357 0.8267250722543352 0.009483381502890187 0.022805274566473965
