0 0.22881807742782154 0.0042855971128609 0.018967355643044637 0.007689468503937008
0 0.2337890625 0.013769531250000001 0.01679687499999999 0.008789062500000002
0 0.237109375 0.02646484375 0.016015625000000006 0.010351562499999998
0 0.2443359375 0.03896484375 0.017968749999999978 0.009570312499999997
0 0.24755859375 0.0513671875 0.020117187500000022 0.010546874999999997
0 0.259375 0.07392578124999999 0.017968750000000033 0.009570312499999997
0 0.26298828125 0.0845703125 0.018164062500000022 0.008593749999999997
0 0.26953125 0.09521484375 0.014843750000000044 0.009179687500000006
0 0.27451171875 0.10654296875 0.01972656249999999 0.0107421875
0 0.27783203125 0.11806640625 0.0185546875 0.011132812499999992
0 0.2818359375 0.12998046875 0.01874999999999999 0.009960937499999989
0 0.2900390625 0.14658203125 0.016406249999999956 0.009960937499999989
0 0.29423828125 0.15712890625 0.0166015625 0.009570312500000011
0 0.29990234375 0.166796875 0.018164062499999967 0.009765625
0 0.303515625 0.17763671875 0.019140625000000022 0.0107421875
0 0.3076171875 0.18662109375 0.016015624999999978 0.008007812499999989
0 0.3119140625 0.19667968749999998 0.01679687499999999 0.009374999999999994
0 0.3224609375 0.221484375 0.015234375000000022 0.0074218749999999944
0 0.32509765625 0.23251953125 0.016210937499999967 0.008007812499999989
0 0.33056640625 0.243359375 0.018164062500000022 0.008593749999999983
0 0.3345703125 0.25390625 0.01835937500000001 0.009375000000000022
0 0.3373046875 0.27578125 0.010937499999999989 0.01679687499999999
0 0.32265625 0.2783203125 0.01171875 0.017578125
0 0.32333984375 0.30253906249999996 0.01582031249999999 0.01679687499999999
0 0.3140625 0.28623046875 0.008984374999999989 0.0185546875
0 0.30615234375 0.29521484375 0.009179687499999978 0.018164062500000022
0 0.29960937499999996 0.301171875 0.008593750000000011 0.014843749999999989
0 0.301953125 0.3232421875 0.017968749999999978 0.017187500000000022
0 0.2919921875 0.30771484375 0.008593749999999956 0.014257812499999967
0 0.282421875 0.31494140625 0.009765625 0.016210937500000022
0 0.27568359375 0.3216796875 0.009179687499999978 0.017578125
0 0.2666015625 0.33046875 0.009375000000000022 0.017187499999999967
0 0.2205078125 0.3751953125 0.01171875 0.016015624999999978
0 0.210546875 0.3826171875 0.010546875000000011 0.017187500000000022
0 0.20234375 0.38779296875 0.008984375000000017 0.016992187500000033
0 0.19482421875 0.39541015625 0.009179687499999978 0.01738281250000001
0 0.18710937500000002 0.40546875 0.008203125000000006 0.013671875
0 0.1857421875 0.4283203125 0.015625 0.015625
0 0.15263671875 0.43095703124999996 0.009570312499999983 0.01777343749999999
0 0.08935546875 0.48720703125 0.01777343749999999 0.009960937499999989
0 0.09580078125 0.46201171875 0.019726562500000003 0.011132812500000033
0 0.09970703125 0.4388671875 0.015039062499999992 0.01171875
1 0.10136718750000001 0.40283203125 0.026171874999999997 0.024023437500000022
0 0.09775390625 0.415234375 0.0126953125 0.009765625
0 0.10078124999999999 0.4291015625 0.018359374999999997 0.011328124999999967
0 0.096484375 0.3845703125 0.017578125 0.01171875
0 0.1416015625 0.4005859375 0.017968749999999978 0.013281250000000022
0 0.1322265625 0.374609375 0.016796875000000003 0.013281249999999967
0 0.166796875 0.3412109375 0.019140624999999994 0.013671875
0 0.18398437499999998 0.33310546875 0.008203125000000006 0.018945312500000033
0 0.16572265625 0.35439453125 0.015429687499999983 0.011132812500000033
0 0.16748046875 0.36406249999999996 0.014257812500000022 0.012500000000000011
0 0.2537109375 0.99111328125 0.012109375000000006 0.013867187500000044
0 0.1892578125 0.0059570312500000005 0.013281249999999994 0.0111328125
0 0.19287109375 0.011914062500000001 0.013476562500000011 0.014453125
0 0.19677734375 0.0216796875 0.0126953125 0.014062499999999999
0 0.20126953125 0.0318359375 0.013476562500000011 0.014843750000000003
0 0.2064453125 0.04130859375 0.012890624999999989 0.013867187499999996
0 0.2109375 0.05048828125 0.016015624999999978 0.017382812500000004
0 0.21738281250000002 0.07333984375 0.014062500000000006 0.013476562499999997
0 0.22744140625 0.08994140625 0.015429687500000011 0.017773437500000003
0 0.23115234375 0.0990234375 0.014257812499999994 0.016406249999999997
0 0.23369140625 0.1134765625 0.011914062500000017 0.015234374999999994
0 0.23974609375 0.1212890625 0.013867187499999989 0.017187499999999994
0 0.25615234375 0.15908203125 0.0146484375 0.0185546875
0 0.2646484375 0.17939453125 0.017187500000000022 0.018945312500000006
0 0.27314453125 0.198046875 0.0166015625 0.017187499999999994
0 0.28154296874999996 0.26669921875 0.01582031249999999 0.0107421875
0 0.2736328125 0.27275390624999996 0.015234375000000022 0.011523437500000011
0 0.26689453125 0.2806640625 0.0146484375 0.011328124999999967
0 0.2583984375 0.29033203125 0.017187499999999967 0.011132812499999978
0 0.28466796875 0.228515625 0.013476562499999956 0.01679687499999999
0 0.28974609375 0.2388671875 0.0146484375 0.01640625000000001
0 0.2501953125 0.2966796875 0.018750000000000017 0.01171875
0 0.24052734375 0.30380859375 0.016992187500000006 0.011914062499999989
0 0.23212890625 0.31201171875 0.013867187500000017 0.009570312499999956
0 0.19677734375 0.289453125 0.018164062500000022 0.012109375000000033
0 0.22470703125 0.3193359375 0.013476562500000011 0.008203124999999978
0 0.1953125 0.2607421875 0.017578125 0.012890625000000044
0 0.19580078125 0.24541015625 0.015429687500000011 0.011132812500000006
0 0.19267578125 0.2107421875 0.020898437500000006 0.012499999999999983
0 0.191015625 0.18818359375 0.01679687499999999 0.009179687500000006
0 0.19150390625 0.19970703125 0.0185546875 0.0107421875
0 0.17666015624999998 0.025195312499999997 0.015039062500000006 0.010546875
0 0.1775390625 0.03974609375 0.018359374999999983 0.012304687500000001
0 0.177734375 0.0513671875 0.012890624999999989 0.009765625
0 0.178515625 0.06318359374999999 0.016796875000000017 0.011523437499999997
0 0.18134765625 0.07929687499999999 0.016210937499999994 0.012499999999999997
0 0.18291015625 0.09443359375 0.017773437500000017 0.012304687499999994
0 0.183203125 0.105859375 0.017578125 0.012890625000000003
0 0.18427734375 0.11904296875 0.014257812499999994 0.011132812499999992
0 0.18466796875000002 0.13173828125 0.016992187500000006 0.013476562500000011
0 0.187109375 0.1458984375 0.014453125000000011 0.010937499999999989
0 0.18984374999999998 0.158203125 0.014062500000000006 0.008984374999999989
0 0.18798828125 0.16708984375000002 0.015429687500000011 0.011132812500000006
0 0.1375 0.00634765625 0.017187499999999994 0.011132812499999999
0 0.14130859375 0.01572265625 0.017773437500000017 0.012695312500000002
0 0.1439453125 0.0259765625 0.015625 0.011328124999999998
0 0.14072265625000002 0.0384765625 0.016992187500000006 0.01171875
0 0.14228515625 0.04814453125 0.0166015625 0.011523437500000004
0 0.14228515625 0.0595703125 0.016992187500000006 0.010937499999999996
0 0.14384765625 0.07080078125 0.016992187500000006 0.011132812500000006
0 0.14345703125 0.08154296875 0.01582031249999999 0.008398437499999994
0 0.14609375 0.0908203125 0.01679687499999999 0.010937499999999989
0 0.14599609375 0.101953125 0.01582031249999999 0.009765625
0 0.14833984374999998 0.122265625 0.018164062499999994 0.011328124999999994
0 0.14677734375 0.135546875 0.013085937500000006 0.009374999999999994
0 0.14912109375 0.14453125 0.018164062499999994 0.013281250000000022
0 0.15107421875 0.1564453125 0.0185546875 0.012499999999999983
0 0.14951171875 0.16552734375 0.0166015625 0.013085937499999978
0 0.154296875 0.1955078125 0.01953125 0.013281249999999994
0 0.15537109375 0.2068359375 0.0166015625 0.010156250000000006
0 0.1564453125 0.22587890625 0.019921875000000006 0.0146484375
0 0.15947265625 0.2365234375 0.015039062500000006 0.011328124999999994
0 0.15888671875 0.25810546875 0.017773437500000017 0.014257812500000022
0 0.1599609375 0.27958984375 0.016406249999999983 0.013085937499999978
0 0.16083984375 0.30029296875 0.016210937499999994 0.0126953125
0 0.16259765625 0.31298828125 0.0185546875 0.0126953125
0 0.12978515625 0.36494140625000004 0.015039062499999992 0.011914062499999989
0 0.13095703125 0.34052734375 0.019335937499999997 0.014257812500000022
0 0.1310546875 0.34970703125 0.017187499999999994 0.013867187499999989
0 0.129296875 0.33076171875000004 0.01640625000000001 0.009960937499999989
0 0.12880859374999998 0.32001953125 0.016210937499999994 0.011132812499999978
0 0.1283203125 0.3099609375 0.017578125 0.012500000000000011
0 0.126953125 0.27236328125 0.01835937500000001 0.013085937500000033
0 0.12451171875 0.25966796875 0.01777343749999999 0.013085937500000033
0 0.102734375 0.011816406250000001 0.017968750000000006 0.0130859375
0 0.10654296875 0.02099609375 0.0126953125 0.013085937499999999
0 0.105859375 0.0384765625 0.016406249999999997 0.013671875
0 0.10751953125 0.05595703125 0.01816406250000001 0.013476562500000004
0 0.10986328125 0.0662109375 0.016210937499999994 0.012500000000000004
0 0.10917968750000001 0.0783203125 0.016796875000000003 0.011328124999999994
0 0.10947265625 0.085546875 0.01699218749999999 0.012499999999999997
0 0.11064453125 0.096484375 0.016210937499999994 0.014062500000000006
0 0.1234375 0.24833984375 0.017578125 0.010351562500000022
0 0.12119140625 0.23720703125 0.0166015625 0.011523437500000011
0 0.12216796875 0.224609375 0.013867187499999989 0.01171875
0 0.1234375 0.21240234375 0.014453125000000011 0.0107421875
0 0.11640624999999999 0.15302734375 0.017578124999999986 0.013867187500000017
0 0.11699218750000001 0.1697265625 0.018750000000000003 0.013281249999999994
0 0.11992187500000001 0.18232421875 0.014843750000000003 0.011132812500000006
0 0.12109375 0.192578125 0.013671875 0.010156250000000006
0 0.121484375 0.203125 0.014453125000000011 0.010546875000000011
0 0.12685546875 0.296484375 0.015429687500000011 0.010937499999999989
0 0.11396484374999999 0.11591796874999999 0.015429687499999997 0.013476562499999997
0 0.09521484375 0.373046875 0.013867187499999989 0.008984375000000044
0 0.095703125 0.362890625 0.01679687499999999 0.010156250000000033
0 0.09541015625 0.35146484375 0.018164062499999994 0.010351562499999967
0 0.0939453125 0.33232421874999996 0.019921875000000006 0.011914062499999989
0 0.093359375 0.32080078125 0.017578125 0.011132812499999978
0 0.09208984375 0.3095703125 0.016992187500000006 0.010546874999999956
0 0.09140625 0.300390625 0.01953125 0.011328124999999967
0 0.09052734375 0.2888671875 0.018164062499999994 0.01171875
0 0.08994140625 0.27841796875 0.0185546875 0.011914062499999989
0 0.08867187500000001 0.24746093749999998 0.016796875000000003 0.013281249999999994
0 0.08359375 0.22294921875 0.016406249999999997 0.011523437499999983
0 0.082421875 0.21259765625 0.016406249999999997 0.011914062500000017
0 0.08310546875 0.20166015625 0.015820312500000003 0.010351562500000022
0 0.07705078125 0.13994140625 0.01816406250000001 0.013476562499999983
0 0.07841796875 0.17958984375 0.0126953125 0.011523437500000011
0 0.0814453125 0.19082031249999998 0.016406249999999997 0.011328124999999994
0 0.07389059337044537 0.07507670167004052 0.015814777327935223 0.010279605263157895
0 0.07290216978744943 0.06400635754048586 0.015814777327935223 0.011070344129554655
