0 0.16402457524271846 0.4484602548543689 0.017066140776699018 0.012009506472491938
0 0.08122218851132687 0.5083497673948221 0.018962378640776698 0.011693466828479049
0 0.5619184870550162 0.4620499595469256 0.025283171521035652 0.012009506472491938
1 0.617699484223301 0.4667905542071198 0.04076911407766992 0.01516990291262138
0 0.6282868122977346 0.5085077872168285 0.020226537216828433 0.009481189320388328
0 0.68251953125 0.46708984374999996 0.0185546875 0.009960937499999989
0 0.70947265625 0.51484375 0.01894531250000009 0.009765625
0 0.7607421875 0.472265625 0.016796875000000044 0.009765625
0 0.8650390625 0.5255859375 0.021093750000000022 0.010937499999999933
0 0.8736328124999999 0.49394531249999996 0.019921874999999978 0.010546875000000011
0 0.82001953125 0.476171875 0.015039062499999978 0.008984374999999989
0 0.9432617187500001 0.483984375 0.016992187499999978 0.010156250000000033
0 0.96728515625 0.48564453125 0.017773437500000044 0.009179687499999978
1 0.22353515624999998 0.7990234375 0.037695312499999994 0.021093750000000022
1 0.2638671875 0.7884765625000001 0.032812499999999994 0.017968749999999978
0 0.13486328125 0.83125 0.0185546875 0.012109374999999978
0 0.02399248633879783 0.8562051741803278 0.019744706284153004 0.012807377049180335
0 0.10371093749999999 0.8843749999999999 0.016406249999999997 0.012109374999999978
0 0.09687499999999999 0.9001953125 0.020312499999999997 0.012500000000000067
0 0.29779128086419754 0.7954764660493827 0.015432098765432056 0.01012731481481477
0 0.48056520061728397 0.8000578703703705 0.016878858024691357 0.01012731481481477
0 0.45777874228395066 0.8200713734567902 0.01760223765432095 0.010609567901234573
0 0.5647183641975309 0.8042775848765433 0.025077160493827133 0.01374421296296291
0 0.7009765625 0.74033203125 0.018749999999999933 0.009960937500000044
0 0.7801757812500001 0.7255859375 0.016210937500000022 0.011328124999999911
0 0.73369140625 0.71484375 0.0224609375 0.013281249999999911
0 0.82734375 0.7611328125 0.021484375 0.010546874999999956
0 0.77373046875 0.7783203125 0.020117187500000022 0.01171875
0 0.9267578125 0.76728515625 0.018750000000000044 0.011523437500000067
0 0.9078125 0.78837890625 0.017578125 0.012304687500000022
