0 0.8120691636029411 0.5653435202205881 0.014073988970588314 0.02039292279411764
0 0.823046875 0.56572265625 0.010546875000000067 0.012304687500000022
0 0.82705078125 0.57763671875 0.0126953125 0.0166015625
0 0.8360351562499999 0.5833984375 0.016210937500000022 0.01953125
0 0.85087890625 0.5923828125 0.015820312499999933 0.018750000000000044
0 0.8328125 0.6603515625 0.018749999999999933 0.010156249999999978
0 0.84521484375 0.6727539062500001 0.015429687499999956 0.010351562500000022
0 0.82734375 0.67880859375 0.017578125 0.0126953125
0 0.77958984375 0.6961914062500001 0.017773437499999933 0.009179687499999978
0 0.76630859375 0.749609375 0.0185546875 0.009765625
0 0.7872070312499999 0.7345703125 0.010351562500000022 0.018359375000000067
0 0.79619140625 0.73583984375 0.0087890625 0.0166015625
0 0.80732421875 0.73662109375 0.009960937499999933 0.015820312499999933
0 0.8192382812500001 0.7383789062499999 0.010351562500000022 0.018164062500000022
0 0.82783203125 0.740234375 0.0107421875 0.015234374999999911
0 0.85615234375 0.71923828125 0.0087890625 0.01816406249999991
0 0.8966796875 0.7216796875 0.010937499999999933 0.018359374999999956
0 0.844140625 0.7404296875 0.008984375000000044 0.014453125000000067
0 0.8544921875 0.73916015625 0.009765625 0.019335937499999956
0 0.865234375 0.74072265625 0.009374999999999911 0.019335937499999956
0 0.8763671875 0.74013671875 0.008984375000000044 0.0146484375
0 0.88515625 0.74609375 0.008593749999999956 0.014453124999999956
0 0.8949218750000001 0.7453125 0.008203124999999978 0.013671875
0 0.92548828125 0.7888671875 0.009570312500000067 0.017578125
0 0.9158203125 0.78759765625 0.011328125000000022 0.02011718749999991
0 0.8978515625000001 0.7873046875 0.008203124999999978 0.014453125000000067
0 0.877734375 0.78369140625 0.008203124999999978 0.017382812499999956
0 0.86201171875 0.7823242187499999 0.009179687499999978 0.018945312499999978
0 0.8515625 0.783203125 0.009374999999999911 0.01953125
0 0.8419921875 0.7831054687500001 0.0078125 0.014257812500000022
0 0.8328125 0.78212890625 0.009375000000000022 0.013867187500000044
0 0.70771484375 0.8026367187500001 0.009570312500000067 0.016992187499999978
0 0.704296875 0.755078125 0.014062499999999978 0.009765625
0 0.8397460937500001 0.62861328125 0.012304687500000022 0.019726562499999933
0 0.849609375 0.63349609375 0.01171875 0.015820312499999933
0 0.8630859375 0.64296875 0.009375000000000022 0.012890625000000044
0 0.8591796875 0.59765625 0.01171875 0.015234374999999911
0 0.86826171875 0.602734375 0.0146484375 0.017578125
0 0.8751953125 0.60849609375 0.013671875 0.013867187500000044
0 0.88486328125 0.61396484375 0.011914062500000044 0.015039062499999978
0 0.8912109375 0.61796875 0.014453124999999956 0.014843749999999933
0 0.90283203125 0.621875 0.011914062500000044 0.014453125000000067
0 0.91015625 0.62744140625 0.010937500000000044 0.0126953125
0 0.9193359375000001 0.6330078125 0.012109374999999978 0.016796874999999933
0 0.98779296875 0.7002929687499999 0.017773437500000044 0.018164062500000022
0 0.97021484375 0.69208984375 0.013476562499999956 0.013867187499999933
0 0.96162109375 0.68779296875 0.0166015625 0.0146484375
0 0.9455078125 0.64453125 0.01171875 0.016796875000000044
0 0.96025390625 0.65654296875 0.011132812499999978 0.013867187499999933
0 0.96826171875 0.66259765625 0.010351562499999911 0.011914062500000044
0 0.9796875 0.6625 0.011328125000000022 0.018750000000000044
0 0.98837890625 0.6698242187500001 0.0107421875 0.015039062499999978
0 0.9943359375 0.67451171875 0.007421875000000022 0.014257812500000022
0 0.8020329504232164 0.9717210172309553 0.01605955259975811 0.00968296553808945
0 0.8022691203143895 0.980931642986699 0.013225513905683273 0.009210625755743607
0 0.8052212439540508 0.9893156741233374 0.012517004232164508 0.00944679564691664
0 0.8108727894498187 0.995570633691052 0.01106692110036267 0.004952482617895937
0 0.7541258879987909 0.9933270197249093 0.015185724002418355 0.009439710550181335
0 0.7144139207980653 0.9127966293833132 0.012753174123337319 0.010391475211608214
0 0.7157128551995164 0.9235423594316808 0.012517004232164397 0.009210625755743607
0 0.7218532723700122 0.936767873337364 0.01771274183796856 0.012517004232164508
0 0.7239788013905684 0.9483401980048367 0.019602100967351932 0.013461683796856083
0 0.72492348095526 0.9590859280532045 0.018185081620314403 0.01275317412333743
0 0.5946757859733979 0.8877626209189844 0.0193659310761789 0.010391475211608214
0 0.6521831544740024 0.9194093863361548 0.014878703143893612 0.015114873035066423
0 0.6667076027811367 0.9359412787182588 0.013225513905683273 0.01794891172914148
0 0.6785160973397824 0.9582593334340992 0.010391475211608214 0.014878703143893612
0 0.6890256574969771 0.973964631197098 0.012044664449818665 0.016531892382103952
0 0.700299227252116 0.9912014907043531 0.009557795495767851 0.013690768591293812
0 0.44168952767175573 0.8950580470737912 0.014660861959287563 0.009939567430025442
0 0.5592249125318066 0.6657025286259541 0.013666905216284997 0.01689726463104324
0 0.4098829118956743 0.685954397264631 0.011678991730279864 0.009194099872773531
0 0.409385933524173 0.6770087865776081 0.013169926844783686 0.008697121501272331
0 0.466041467875318 0.7770256838422391 0.020624602417302795 0.009939567430025442
0 0.4108726801310044 0.8111993381550218 0.009381823144104795 0.018550423034934482
0 0.4095703125 0.7442382812499999 0.009374999999999967 0.018164062500000022
0 0.40947265625 0.76640625 0.007226562499999978 0.016796874999999933
0 0.42041015625 0.7466796875 0.010351562500000022 0.020703125000000044
0 0.41904296875 0.76748046875 0.009570312500000011 0.017382812499999956
0 0.42822265625 0.81416015625 0.010351562500000022 0.016992187499999978
0 0.54453125 0.651953125 0.016406249999999956 0.018750000000000044
