0 0.11228207690187432 0.06986028803748623 0.016581105292171994 0.017011783351708935
0 0.1642864525909592 0.11583517089305403 0.013781697905181911 0.01335101984564499
0 0.16945458930540241 0.1646094611356119 0.017657800441014337 0.016581105292171994
0 0.4244140625 0.45302734375 0.017578125 0.018945312500000033
0 0.4744140625 0.01630859375 0.017968749999999978 0.0107421875
0 0.6208984375 0.10888671875 0.010937499999999933 0.014257812499999994
0 0.61181640625 0.10537109375 0.013476562499999956 0.015429687499999997
0 0.9498995267427885 0.11723914513221156 0.013850285456730727 0.017606295072115377
0 0.9124568058894231 0.10045447716346156 0.01032902644230771 0.011737530048076913
0 0.9024799053485577 0.0976374699519231 0.013850285456730838 0.01737154447115384
0 0.8824087289663461 0.09094707782451925 0.01032902644230771 0.018545297475961536
0 0.7125666691706731 0.01418363131009617 0.0152587890625 0.018545297475961536
0 0.7768883338341346 0.08320030799278849 0.009624774639423017 0.019014798677884623
0 0.7861609825721154 0.08625206580528848 0.008451021634615419 0.0152587890625
0 0.7954336313100963 0.08801269531250003 0.008685772235576983 0.01549353966346155
0 0.8055279071514423 0.08531306340144233 0.008685772235576983 0.0152587890625
0 0.8157395582932692 0.0842566856971154 0.009390024038461564 0.01596304086538461
0 0.8570556640625 0.08836482121394233 0.009390024038461564 0.0213623046875
0 0.84637451171875 0.08777794471153849 0.007277268629807709 0.016902043269230768
0 0.8361628605769231 0.0873084435096154 0.01032902644230771 0.018780048076923073
0 0.8248948317307693 0.0857825646033654 0.008451021634615419 0.0152587890625
0 0.869921875 0.0302734375 0.010937499999999933 0.019921875000000002
0 0.859375 0.02998046875 0.008984375000000044 0.0201171875
0 0.84990234375 0.0279296875 0.0087890625 0.017187499999999998
0 0.75712890625 0.00556640625 0.016210937500000022 0.009570312499999999
0 0.75732421875 0.01552734375 0.0146484375 0.011132812500000002
0 0.76484375 0.02001953125 0.016796874999999933 0.013476562499999999
0 0.774609375 0.025781250000000002 0.013671875 0.0171875
0 0.7845703125 0.029003906250000003 0.014453124999999956 0.018554687500000003
0 0.7955078125 0.029492187500000003 0.010546874999999956 0.018359375
0 0.8189400337837838 0.03061655405405405 0.013724662162162171 0.00929054054054054
0 0.8300253378378378 0.03125 0.008868243243243201 0.012246621621621625
0 0.83984375 0.03125 0.0078125 0.012668918918918918
0 0.13041317009018039 0.8923863351703407 0.010372307114228457 0.014873496993987989
0 0.10128575058072009 0.6391323678861789 0.014291158536585372 0.012930095818815324
0 0.6080681295955883 0.8536448759191176 0.015079273897058765 0.016515395220588314
0 0.7050063189338236 0.7921310125612746 0.015079273897058765 0.018430223651960786
0 0.67373046875 0.827734375 0.013867187500000044 0.015625
0 0.6478515625 0.8591796875 0.014453124999999956 0.017578125
