0 0.8488422156813626 0.27376628256513025 0.01546060871743482 0.019178982965931846
0 0.8272169338677355 0.2609476766032064 0.019570390781563085 0.013112161823647328
0 0.7713434681863727 0.2879548158817635 0.013112161823647273 0.015069200901803581
0 0.7567635270541082 0.3050789078156313 0.012916457915831625 0.01330786573146292
0 0.56083984375 0.03544921875 0.018164062500000022 0.019335937500000004
0 0.2580078125 0.0330078125 0.014062499999999978 0.013281250000000001
0 0.6117187500000001 0.30156249999999996 0.014062499999999978 0.014453125000000011
0 0.59130859375 0.301953125 0.015820312500000044 0.015625
0 0.71591796875 0.42099609375 0.013867187500000044 0.013085937500000033
0 0.76298828125 0.46123046875 0.015429687500000067 0.015039062499999978
0 0.7794921875 0.47421875 0.014843749999999933 0.016015625000000033
0 0.7925781249999999 0.46103515625 0.014062499999999978 0.013867187499999989
0 0.9462857595828635 0.6049843221533258 0.016074196730552326 0.013872251972942506
0 0.9254773816234497 0.5890202226606538 0.011890501691093514 0.012771279594137597
0 0.9047791009019165 0.5727258314543404 0.013652057497181458 0.011890501691093514
0 0.3828125 0.89130859375 0.010156249999999978 0.011914062499999933
0 0.3626953125 0.91845703125 0.015625 0.013476562499999956
0 0.37714843750000004 0.93173828125 0.014453125000000011 0.0146484375
0 0.290625 0.8107421875 0.013671875 0.01171875
0 0.2970703125 0.346875 0.015625 0.015234375000000022
0 0.41337890625 0.83369140625 0.016210937500000022 0.017773437499999933
