0 0.45400390625 0.050195312500000006 0.014257812499999967 0.021875
0 0.48173828124999996 0.07021484375 0.011914062499999989 0.01699218749999999
0 0.48876953125 0.09375 0.011914062500000044 0.01874999999999999
0 0.491015625 0.13525390625 0.010156249999999978 0.01777343749999999
0 0.5371684174727933 0.30501341444981867 0.013461683796856083 0.02196379987908098
0 0.5668077388149939 0.32426126058041116 0.01275317412333743 0.019365931076178955
0 0.5943215311366384 0.4108175256952842 0.010155305320435293 0.01771274183796856
0 0.6574969770253931 0.5427184099153568 0.017004232164449795 0.009919135429262371
0 0.6565522974607013 0.5985725891777509 0.01464253325272069 0.02101912031438935
0 0.7012382433252426 0.7370297330097088 0.012088516383495063 0.018725348907767003
0 0.04255756578947371 0.04916588345864664 0.011013862781954889 0.01982495300751879
0 0.0677058858082707 0.4010587993421053 0.01358376409774436 0.02019208176691728
0 0.010617363721804537 0.8328022203947367 0.011013862781954889 0.018723566729323404
0 0.017225681390977472 0.8924606437969924 0.008811090225563912 0.016153665413533913
0 0.029157366071428596 0.9847935267857142 0.009912476503759395 0.01578653665413532
0 0.016925715598739496 0.6790802258403361 0.010873490021008403 0.01887473739495793
